UserId:ItemId,Prediction
u0000039:i0060196,7.72229
u0000039:i0099077,7.72229
u0000039:i0102926,7.72229
u0000039:i0109830,7.72229
u0000039:i0113277,7.72229
u0000039:i0114924,7.72229
u0000039:i0116695,7.72229
u0000039:i0119217,7.72229
u0000039:i0139462,7.72229
u0000039:i0146984,7.72229
u0000039:i0230838,7.72229
u0000039:i0240890,7.72229
u0000039:i0281358,7.72229
u0000039:i0376541,7.72229
u0000039:i0380389,7.72229
u0000039:i0405159,7.72229
u0000039:i0473360,7.72229
u0000039:i0484740,7.72229
u0000039:i0780536,7.72229
u0000039:i0907657,7.72229
u0000039:i1023111,7.72229
u0000039:i1126590,7.72229
u0000039:i1294226,7.72229
u0000039:i1306980,7.72229
u0000039:i1375666,7.72229
u0000039:i1392190,7.72229
u0000039:i1403981,7.72229
u0000039:i1498569,7.72229
u0000039:i1595656,7.72229
u0000039:i1606389,7.72229
u0000039:i1613750,7.72229
u0000039:i1638002,7.72229
u0000039:i1655441,7.72229
u0000039:i1659337,7.72229
u0000039:i1702439,7.72229
u0000039:i1714915,7.72229
u0000039:i1809398,7.72229
u0000039:i1850397,7.72229
u0000039:i1951265,7.72229
u0000039:i1972779,7.72229
u0000039:i2034031,7.72229
u0000039:i2082197,7.72229
u0000039:i2084970,7.72229
u0000039:i2199571,7.72229
u0000039:i2309260,7.72229
u0000039:i2562232,7.72229
u0000039:i2582802,7.72229
u0000039:i2713180,7.72229
u0000039:i2872718,7.72229
u0000039:i3235888,7.72229
u0000039:i3729920,7.72229
u0000046:i0033467,8.14881
u0000046:i0041959,8.14881
u0000046:i0056663,8.14881
u0000046:i0100234,8.14881
u0000046:i0166924,8.14881
u0000046:i0233841,8.14881
u0000046:i0361862,8.14881
u0000046:i0499335,8.14881
u0000046:i1020072,8.14881
u0000046:i1100089,8.14881
u0000046:i1392190,8.14881
u0000046:i1791528,8.14881
u0000046:i2141941,8.14881
u0000046:i2326554,8.14881
u0000046:i2582802,8.14881
u0000046:i2788710,8.14881
u0000046:i2802154,8.14881
u0000046:i3235888,8.14881
u0000046:i3263614,8.14881
u0000046:i3374966,8.14881
u0000046:i3416744,8.14881
u0000046:i3612616,8.14881
u0000046:i3630276,8.14881
u0000046:i3715320,8.14881
u0000046:i4408178,8.14881
u0000060:i0418279,7.1097
u0000060:i0816692,7.1097
u0000060:i1055369,7.1097
u0000060:i1399103,7.1097
u0000060:i1418377,7.1097
u0000060:i2024469,7.1097
u0000060:i2872732,7.1097
u0000077:i0068646,7.48594
u0000077:i0073195,7.48594
u0000077:i0455407,7.48594
u0000077:i0479997,7.48594
u0000077:i1229238,7.48594
u0000077:i1385956,7.48594
u0000077:i1499658,7.48594
u0000077:i1600196,7.48594
u0000077:i1661820,7.48594
u0000077:i2084970,7.48594
u0000077:i2096673,7.48594
u0000077:i2245084,7.48594
u0000077:i2267998,7.48594
u0000077:i2310332,7.48594
u0000077:i2395427,7.48594
u0000077:i2515034,7.48594
u0000077:i2609222,7.48594
u0000077:i2692904,7.48594
u0000077:i2802144,7.48594
u0000077:i2911666,7.48594
u0000077:i3045616,7.48594
u0000077:i3416742,7.48594
u0000083:i0073486,7.41959
u0000083:i0086250,7.41959
u0000083:i0102926,7.41959
u0000083:i0105695,7.41959
u0000083:i0109830,7.41959
u0000083:i0110413,7.41959
u0000083:i0110912,7.41959
u0000083:i0114369,7.41959
u0000083:i0114814,7.41959
u0000083:i0119174,7.41959
u0000083:i0119488,7.41959
u0000083:i0120586,7.41959
u0000083:i0120735,7.41959
u0000083:i0120815,7.41959
u0000083:i0137523,7.41959
u0000083:i0139654,7.41959
u0000083:i0144084,7.41959
u0000083:i0208092,7.41959
u0000083:i0209144,7.41959
u0000083:i0221027,7.41959
u0000083:i0236493,7.41959
u0000083:i0264464,7.41959
u0000083:i0266987,7.41959
u0000083:i0268978,7.41959
u0000083:i0278504,7.41959
u0000083:i0315733,7.41959
u0000083:i0327056,7.41959
u0000083:i0361748,7.41959
u0000083:i0361862,7.41959
u0000083:i0362227,7.41959
u0000083:i0407887,7.41959
u0000083:i0421715,7.41959
u0000083:i0452623,7.41959
u0000083:i0469494,7.41959
u0000083:i0477348,7.41959
u0000083:i0482571,7.41959
u0000083:i0816692,7.41959
u0000083:i0884732,7.41959
u0000083:i0964517,7.41959
u0000083:i1014763,7.41959
u0000083:i1032755,7.41959
u0000083:i1100089,7.41959
u0000083:i1542344,7.41959
u0000083:i1663662,7.41959
u0000083:i1666801,7.41959
u0000083:i1670345,7.41959
u0000083:i1698641,7.41959
u0000083:i1823672,7.41959
u0000083:i1924396,7.41959
u0000083:i1979320,7.41959
u0000083:i2084970,7.41959
u0000083:i2096672,7.41959
u0000083:i2170439,7.41959
u0000083:i2170593,7.41959
u0000083:i2179136,7.41959
u0000083:i2245084,7.41959
u0000083:i2261331,7.41959
u0000083:i2273657,7.41959
u0000083:i2278388,7.41959
u0000083:i2305051,7.41959
u0000083:i2561572,7.41959
u0000083:i2562232,7.41959
u0000083:i2582802,7.41959
u0000083:i2614684,7.41959
u0000083:i2788710,7.41959
u0000083:i2802144,7.41959
u0000083:i2872718,7.41959
u0000083:i2883512,7.41959
u0000083:i2980472,7.41959
u0000083:i2980516,7.41959
u0000083:i3007512,7.41959
u0000083:i3045616,7.41959
u0000083:i3079380,7.41959
u0000083:i3316960,7.41959
u0000083:i3442006,7.41959
u0000083:i3541262,7.41959
u0000083:i3592542,7.41959
u0000139:i0414387,4.93567
u0000139:i0783233,3.4071
u0000139:i1655441,5.87408
u0000139:i1661199,6.29167
u0000139:i1702014,6.28438
u0000139:i1731141,6.0514
u0000139:i1772264,6.51928
u0000139:i2084970,6.262
u0000139:i2096673,6.19754
u0000139:i2322441,6.53137
u0000139:i2395427,6.46392
u0000139:i2717860,7.01766
u0000139:i2802144,6.20172
u0000139:i2908446,6.04414
u0000139:i2980516,6.50207
u0000139:i3079380,5.86356
u0000139:i3316960,6.16395
u0000148:i0369610,7.8037
u0000148:i0458481,7.8037
u0000148:i0478970,7.8037
u0000148:i1029360,7.8037
u0000148:i1121096,7.8037
u0000148:i1340138,7.8037
u0000148:i1392190,7.8037
u0000148:i1617661,7.8037
u0000148:i1655441,7.8037
u0000148:i1850397,7.8037
u0000148:i2088003,7.8037
u0000148:i2106361,7.8037
u0000148:i2179136,7.8037
u0000148:i2180411,7.8037
u0000148:i2381249,7.8037
u0000148:i2395427,7.8037
u0000148:i2436386,7.8037
u0000148:i2467046,7.8037
u0000148:i2493486,7.8037
u0000148:i2582802,7.8037
u0000148:i2802144,7.8037
u0000148:i2820852,7.8037
u0000148:i2918436,7.8037
u0000148:i3625152,7.8037
u0000148:i3672840,7.8037
u0000151:i0110357,8.42691
u0000151:i0247586,8.42691
u0000151:i0441773,8.42691
u0000151:i0458481,8.42691
u0000151:i0470752,8.42691
u0000151:i0816692,8.42691
u0000151:i1020072,8.42691
u0000151:i1065073,8.42691
u0000151:i1100089,8.42691
u0000151:i1605717,8.42691
u0000151:i1823672,8.42691
u0000151:i1971325,8.42691
u0000151:i1972571,8.42691
u0000151:i2084970,8.42691
u0000151:i2245084,8.42691
u0000151:i2262227,8.42691
u0000151:i2381941,8.42691
u0000151:i2397535,8.42691
u0000151:i2436386,8.42691
u0000151:i2548208,8.42691
u0000151:i2562232,8.42691
u0000151:i2582802,8.42691
u0000151:i2582846,8.42691
u0000151:i2737050,8.42691
u0000151:i2788710,8.42691
u0000151:i2820852,8.42691
u0000151:i2870612,8.42691
u0000151:i2872718,8.42691
u0000151:i2980516,8.42691
u0000151:i2980592,8.42691
u0000151:i3169706,8.42691
u0000160:i0365907,7.72229
u0000160:i0478970,7.72229
u0000160:i1109624,7.72229
u0000160:i1340138,7.72229
u0000160:i1392190,7.72229
u0000160:i1821694,7.72229
u0000160:i2381249,7.72229
u0000160:i2802144,7.72229
u0000179:i1631867,5.90954
u0000179:i1823672,5.90954
u0000179:i2039393,5.90954
u0000179:i2561572,5.90954
u0000179:i3152624,5.90954
u0000179:i3322940,5.90954
u0000210:i0057076,7.38863
u0000210:i0066995,7.38863
u0000210:i0079574,7.38863
u0000210:i0083943,7.38863
u0000210:i1291150,7.38863
u0000210:i2084970,7.38863
u0000210:i2278388,7.38863
u0000210:i2980516,7.38863
u0000210:i3819668,7.38863
u0000219:i0395972,6.83384
u0000219:i2582846,6.83384
u0000219:i2980516,6.83384
u0000271:i0117665,5.49837
u0000271:i0207201,5.82957
u0000271:i0277027,4.68797
u0000271:i0339412,0
u0000271:i0364970,0
u0000271:i0378109,4.94836
u0000271:i0416449,5.06505
u0000271:i0425123,0
u0000271:i0478970,5.85663
u0000271:i0482571,3.9075
u0000271:i0485985,5.24754
u0000271:i0816711,5.05585
u0000271:i1279935,2.62716
u0000271:i1411250,4.36129
u0000271:i1524930,5.78595
u0000271:i1798709,5.49383
u0000271:i1821549,5.19466
u0000271:i1825784,0
u0000271:i1951264,4.57712
u0000271:i2002718,5.47893
u0000271:i2004420,6.37225
u0000271:i2017038,4.68786
u0000271:i2024469,5.77876
u0000271:i2024544,5.7591
u0000271:i2126355,6.3404
u0000271:i2170299,6.73051
u0000271:i2294449,5.91934
u0000271:i2304771,6.39887
u0000271:i2369135,5.95572
u0000271:i2381249,6.08133
u0000271:i2679042,5.58163
u0000271:i2883512,6.16254
u0000271:i2996684,6.61404
u0000271:i3503840,3.55553
u0000276:i1100089,6.78058
u0000276:i1528100,6.78058
u0000276:i2381249,6.78058
u0000276:i2872718,6.78058
u0000276:i2980516,6.78058
u0000326:i0441909,7.52487
u0000326:i1243974,7.52487
u0000326:i2139555,7.52487
u0000333:i0445939,7.67
u0000333:i1702014,7.67
u0000333:i1727358,7.67
u0000333:i2235108,7.67
u0000335:i0000417,6.00225
u0000335:i0015324,5.4872
u0000335:i0041699,0
u0000335:i0048473,0
u0000335:i0048956,0
u0000335:i0052572,0
u0000335:i0053779,3.73941
u0000335:i0054698,4.87946
u0000335:i0056801,0
u0000335:i0070666,3.1019
u0000335:i0071230,6.94508
u0000335:i0072902,0
u0000335:i0086879,4.36527
u0000335:i0091288,0
u0000335:i0091480,0
u0000335:i0092048,3.48889
u0000335:i0095953,6.17854
u0000335:i0103935,3.26131
u0000335:i0111257,6.45408
u0000335:i0117615,3.77439
u0000335:i0188030,0
u0000335:i0208092,5.09774
u0000335:i0393162,4.10528
u0000335:i0469021,6.49352
u0000335:i0470752,6.32289
u0000335:i0477348,5.69869
u0000335:i0884732,6.13345
u0000335:i1095442,0
u0000335:i1360860,3.40659
u0000335:i1454029,4.48388
u0000335:i1605783,4.70825
u0000335:i1638355,5.90402
u0000335:i1671547,3.4703
u0000335:i1736633,0
u0000335:i1772288,6.10111
u0000335:i1857816,0
u0000335:i2096673,6.21107
u0000335:i2261331,5.72517
u0000335:i2273657,5.51062
u0000335:i2395427,6.47092
u0000335:i2523600,0
u0000335:i2582802,6.46008
u0000335:i2674040,4.56567
u0000335:i2752688,6.31578
u0000335:i2908446,6.06093
u0000335:i3013258,4.39311
u0000335:i3398268,5.62805
u0000335:i3409392,5.44518
u0000335:i3455224,6.58711
u0000335:i3607812,5.82025
u0000335:i3824386,5.9167
u0000335:i4008652,6.4969
u0000370:i0163978,7.14616
u0000370:i0304415,7.14616
u0000370:i0414387,7.14616
u0000370:i1396226,7.14616
u0000370:i4158834,7.14616
u0000399:i0066921,7.0438
u0000399:i0095953,7.0438
u0000399:i0125439,7.0438
u0000399:i0372784,7.0438
u0000399:i0468569,7.0438
u0000399:i0470752,7.0438
u0000399:i1065073,7.0438
u0000399:i1270798,7.0438
u0000399:i2013293,7.0438
u0000399:i2140373,7.0438
u0000399:i2293640,7.0438
u0000399:i2397535,7.0438
u0000426:i0455944,8.43571
u0000426:i1441326,8.43571
u0000426:i1568911,8.43571
u0000426:i1634121,8.43571
u0000426:i1714915,8.43571
u0000426:i1741243,8.43571
u0000426:i1776143,8.43571
u0000426:i1791528,8.43571
u0000426:i1872194,8.43571
u0000426:i1980209,8.43571
u0000426:i2132285,8.43571
u0000426:i2325741,8.43571
u0000426:i2330866,8.43571
u0000426:i2334649,8.43571
u0000426:i2562232,8.43571
u0000426:i2582802,8.43571
u0000426:i2788710,8.43571
u0000426:i2802154,8.43571
u0000426:i2872718,8.43571
u0000426:i2884206,8.43571
u0000426:i2911666,8.43571
u0000426:i2980516,8.43571
u0000429:i0455944,8.07487
u0000429:i1211956,8.07487
u0000429:i1972571,8.07487
u0000429:i2209764,8.07487
u0000429:i2234155,8.07487
u0000429:i2381249,8.07487
u0000429:i2446042,8.07487
u0000430:i0075148,4.9489
u0000430:i0079817,5.40624
u0000430:i0120102,6.14614
u0000430:i0360486,5.03887
u0000430:i0369610,6.17237
u0000430:i0878804,5.15816
u0000430:i1210166,6.74061
u0000430:i1438254,4.61958
u0000430:i1809398,6.22032
u0000430:i1990314,5.97642
u0000430:i2088003,5.51306
u0000430:i2249221,4.17161
u0000430:i2293640,6.24115
u0000430:i2364841,5.59388
u0000430:i2381249,6.09221
u0000430:i2463288,5.35451
u0000430:i2872732,6.11687
u0000437:i0101761,6.36165
u0000437:i0101765,5.50089
u0000437:i0108394,3.34232
u0000437:i0111495,4.46651
u0000437:i0401711,4.31045
u0000437:i0450188,1.90174
u0000437:i0478304,5.53452
u0000437:i0758758,5.14933
u0000437:i1014763,5.68861
u0000437:i1191111,4.98207
u0000437:i1549572,6.42843
u0000437:i1675434,4.40183
u0000437:i1748122,5.86373
u0000437:i1809398,6.24443
u0000437:i2084970,6.26849
u0000437:i2325977,5.04954
u0000437:i2582802,6.46721
u0000437:i2737050,6.6097
u0000442:i0470752,7.50908
u0000442:i1065073,7.50908
u0000442:i1638355,7.50908
u0000442:i1791528,7.50908
u0000442:i1823672,7.50908
u0000442:i2179136,7.50908
u0000442:i2180411,7.50908
u0000442:i2322441,7.50908
u0000442:i2358925,7.50908
u0000442:i2561572,7.50908
u0000442:i2582802,7.50908
u0000442:i2717822,7.50908
u0000442:i2802144,7.50908
u0000442:i2820852,7.50908
u0000442:i2908446,7.50908
u0000442:i2911666,7.50908
u0000442:i2980516,7.50908
u0000442:i3007512,7.50908
u0000442:i3045616,7.50908
u0000442:i3152624,7.50908
u0000442:i3181822,7.50908
u0000445:i0139654,5.72089
u0000445:i0162222,5.06065
u0000445:i0274558,5.58079
u0000445:i0947798,4.40521
u0000445:i0993842,5.13339
u0000445:i1086772,5.40831
u0000445:i1392170,3.60514
u0000445:i1408253,5.17914
u0000445:i1535109,4.19019
u0000445:i1564367,5.93218
u0000445:i1911658,6.62972
u0000445:i2788710,6.36404
u0000455:i0091042,7.7831
u0000455:i0120815,7.7831
u0000455:i0449059,7.7831
u0000455:i1340138,7.7831
u0000455:i1791682,7.7831
u0000455:i2848292,7.7831
u0000503:i0099785,7.10271
u0000503:i0113161,7.10271
u0000503:i0117802,7.10271
u0000503:i0128853,7.10271
u0000503:i0182789,7.10271
u0000503:i0365907,7.10271
u0000503:i0470752,7.10271
u0000503:i1598778,7.10271
u0000503:i2179136,7.10271
u0000503:i2278388,7.10271
u0000503:i2398231,7.10271
u0000503:i2582802,7.10271
u0000503:i2802144,7.10271
u0000503:i2937898,7.10271
u0000505:i0308878,7.57022
u0000505:i0770703,7.57022
u0000505:i0816692,7.57022
u0000505:i0829150,7.57022
u0000505:i0993846,7.57022
u0000505:i1124035,7.57022
u0000505:i1568346,7.57022
u0000505:i1661199,7.57022
u0000505:i2084970,7.57022
u0000505:i2101341,7.57022
u0000505:i2177771,7.57022
u0000505:i2179136,7.57022
u0000505:i2194499,7.57022
u0000505:i2199571,7.57022
u0000505:i2322441,7.57022
u0000505:i2369135,7.57022
u0000505:i2395427,7.57022
u0000505:i2726560,7.57022
u0000505:i2848292,7.57022
u0000505:i2908446,7.57022
u0000505:i2980516,7.57022
u0000529:i0478970,5.86636
u0000529:i1392190,5.99352
u0000529:i2126355,6.36027
u0000529:i2802144,6.20758
u0000537:i1392190,7.41959
u0000537:i2465578,7.41959
u0000537:i2562232,7.41959
u0000551:i0470752,8.5991
u0000551:i1121096,8.5991
u0000551:i1340138,8.5991
u0000551:i1798684,8.5991
u0000551:i1935302,8.5991
u0000551:i2179136,8.5991
u0000551:i2339741,8.5991
u0000551:i2395427,8.5991
u0000551:i2446042,8.5991
u0000551:i2679042,8.5991
u0000551:i2717822,8.5991
u0000551:i2820852,8.5991
u0000551:i2908446,8.5991
u0000551:i3007512,8.5991
u0000551:i3480796,8.5991
u0000558:i0816692,7.82339
u0000558:i2084970,7.82339
u0000558:i2576852,7.82339
u0000558:i2980516,7.82339
u0000558:i3316960,7.82339
u0000566:i0050976,5.46571
u0000566:i0057012,5.81955
u0000566:i0113247,4.52933
u0000566:i0120731,3.83781
u0000566:i0756683,5.27553
u0000566:i2140203,4.24316
u0000566:i2322441,6.55322
u0000566:i3060492,5.55551
u0000582:i0478970,8.21269
u0000582:i1340138,8.21269
u0000582:i1502712,8.21269
u0000582:i1638355,8.21269
u0000582:i1798684,8.21269
u0000582:i1809398,8.21269
u0000582:i1850397,8.21269
u0000582:i2120120,8.21269
u0000582:i2126355,8.21269
u0000582:i2179136,8.21269
u0000582:i2245084,8.21269
u0000582:i2381249,8.21269
u0000582:i2788710,8.21269
u0000582:i2802144,8.21269
u0000582:i2820852,8.21269
u0000582:i2980516,8.21269
u0000594:i0086984,7.60697
u0000594:i0112579,7.60697
u0000594:i0120787,7.60697
u0000594:i0212985,7.60697
u0000594:i0289765,7.60697
u0000594:i0364045,7.60697
u0000594:i0365907,7.60697
u0000594:i0369610,7.60697
u0000594:i0422401,7.60697
u0000594:i0453562,7.60697
u0000594:i0477080,7.60697
u0000594:i1074638,7.60697
u0000594:i1091191,7.60697
u0000594:i1187064,7.60697
u0000594:i1204977,7.60697
u0000594:i1276104,7.60697
u0000594:i1334102,7.60697
u0000594:i1392190,7.60697
u0000594:i1524930,7.60697
u0000594:i1528071,7.60697
u0000594:i1564367,7.60697
u0000594:i1568338,7.60697
u0000594:i1617661,7.60697
u0000594:i1622547,7.60697
u0000594:i1638002,7.60697
u0000594:i1726592,7.60697
u0000594:i1922777,7.60697
u0000594:i2034139,7.60697
u0000594:i2179136,7.60697
u0000594:i2184339,7.60697
u0000594:i2235779,7.60697
u0000594:i2368553,7.60697
u0000594:i2395199,7.60697
u0000594:i2562232,7.60697
u0000594:i2788710,7.60697
u0000594:i2802144,7.60697
u0000594:i2820852,7.60697
u0000594:i2870612,7.60697
u0000594:i2872732,7.60697
u0000594:i2911666,7.60697
u0000594:i2937898,7.60697
u0000594:i3079380,7.60697
u0000594:i3202890,7.60697
u0000594:i3235888,7.60697
u0000597:i0369610,7.60697
u0000597:i1392190,7.60697
u0000597:i1617661,7.60697
u0000597:i1809398,7.60697
u0000597:i2381249,7.60697
u0000597:i2395427,7.60697
u0000597:i2679042,7.60697
u0000597:i2802144,7.60697
u0000597:i2820852,7.60697
u0000597:i3079380,7.60697
u0000665:i0101393,5.73406
u0000665:i0289848,6.09956
u0000665:i0332280,5.17867
u0000665:i0372183,5.34785
u0000665:i1119646,4.42475
u0000665:i1130884,4.15569
u0000665:i1231583,3.70107
u0000665:i1385826,6.42704
u0000665:i1411697,4.73129
u0000665:i1817273,6.3625
u0000665:i1951261,4.04549
u0000714:i1340138,6.85456
u0000714:i1854236,6.85456
u0000714:i2179136,6.85456
u0000714:i2381249,6.85456
u0000714:i2802144,6.85456
u0000716:i0119051,7.45985
u0000716:i0183505,7.45985
u0000716:i0247199,7.45985
u0000716:i0256380,7.45985
u0000716:i0265666,7.45985
u0000716:i0416320,7.45985
u0000716:i0470752,7.45985
u0000716:i0787474,7.45985
u0000716:i0862846,7.45985
u0000716:i0864835,7.45985
u0000716:i0881891,7.45985
u0000716:i0918927,7.45985
u0000716:i1291150,7.45985
u0000716:i1371111,7.45985
u0000716:i1598828,7.45985
u0000716:i1602472,7.45985
u0000716:i1647668,7.45985
u0000716:i1698641,7.45985
u0000716:i1723121,7.45985
u0000716:i1764234,7.45985
u0000716:i1790864,7.45985
u0000716:i1872194,7.45985
u0000716:i1980209,7.45985
u0000716:i2015381,7.45985
u0000716:i2096673,7.45985
u0000716:i2103281,7.45985
u0000716:i2179136,7.45985
u0000716:i2203939,7.45985
u0000716:i2267998,7.45985
u0000716:i2279373,7.45985
u0000716:i2338151,7.45985
u0000716:i2395427,7.45985
u0000716:i2465578,7.45985
u0000716:i2561572,7.45985
u0000716:i2562232,7.45985
u0000716:i2582802,7.45985
u0000716:i2820852,7.45985
u0000716:i2911666,7.45985
u0000716:i3203616,7.45985
u0000716:i3411432,7.45985
u0000743:i0816692,5.6774
u0000743:i2245084,6.55456
u0000743:i2820852,6.1252
u0000750:i0455944,6.20136
u0000750:i1392190,5.99859
u0000750:i2199571,5.91081
u0000750:i3007512,6.02625
u0000750:i3698408,5.79293
u0000750:i4192740,6.48005
u0000750:i4450706,0
u0000750:i4712818,3.84126
u0000758:i0120586,8.5283
u0000758:i0120777,8.5283
u0000758:i0458413,8.5283
u0000758:i0470752,8.5283
u0000758:i0884732,8.5283
u0000758:i0889573,8.5283
u0000758:i1617661,8.5283
u0000758:i1823672,8.5283
u0000758:i2223990,8.5283
u0000758:i2245084,8.5283
u0000758:i2322441,8.5283
u0000758:i2395427,8.5283
u0000758:i2555736,8.5283
u0000758:i2582802,8.5283
u0000758:i2802144,8.5283
u0000758:i2870648,8.5283
u0000758:i2937898,8.5283
u0000758:i3294200,8.5283
u0000758:i3316960,8.5283
u0000758:i3442006,8.5283
u0000782:i0103772,7.41959
u0000782:i0452594,7.41959
u0000782:i0884732,7.41959
u0000782:i1294688,7.41959
u0000782:i1375666,7.41959
u0000782:i1504320,7.41959
u0000782:i1637688,7.41959
u0000782:i1638002,7.41959
u0000782:i1670345,7.41959
u0000782:i1675434,7.41959
u0000782:i1701210,7.41959
u0000782:i1726592,7.41959
u0000782:i1790864,7.41959
u0000782:i1872194,7.41959
u0000782:i1972779,7.41959
u0000782:i2084970,7.41959
u0000782:i2180411,7.41959
u0000782:i2381941,7.41959
u0000782:i2908446,7.41959
u0000782:i3079380,7.41959
u0000782:i3203616,7.41959
u0000782:i3477480,7.41959
u0000787:i0053198,6.78421
u0000787:i0054248,6.78421
u0000787:i0119707,6.78421
u0000787:i0209144,6.78421
u0000787:i0368891,6.78421
u0000787:i0449059,6.78421
u0000787:i0477348,6.78421
u0000787:i0790686,6.78421
u0000787:i1210166,6.78421
u0000787:i1213648,6.78421
u0000787:i1219289,6.78421
u0000787:i1259014,6.78421
u0000836:i0322802,6.25424
u0000836:i1881002,6.15841
u0000836:i2011159,6.49369
u0000863:i1850397,7.59325
u0000863:i1945084,7.59325
u0000863:i2788710,7.59325
u0000863:i2802144,7.59325
u0000863:i3181822,7.59325
u0000871:i0365907,7.678
u0000871:i0455944,7.678
u0000871:i1291150,7.678
u0000871:i1528071,7.678
u0000871:i1600196,7.678
u0000871:i1649443,7.678
u0000871:i1670345,7.678
u0000871:i1877832,7.678
u0000871:i2072933,7.678
u0000871:i2101441,7.678
u0000871:i2170593,7.678
u0000871:i2172985,7.678
u0000871:i2231253,7.678
u0000871:i2267998,7.678
u0000871:i2274570,7.678
u0000871:i2333784,7.678
u0000871:i2398249,7.678
u0000871:i2446042,7.678
u0000871:i2581244,7.678
u0000871:i2692904,7.678
u0000871:i2788710,7.678
u0000871:i2870612,7.678
u0000871:i2872732,7.678
u0000871:i3416742,7.678
u0000883:i2096672,6.57574
u0000883:i3235888,6.60044
u0000883:i3727824,5.0693
u0000891:i1587310,7.01876
u0000891:i2267998,7.01876
u0000891:i2883512,7.01876
u0000919:i0470752,6.33381
u0000919:i0816692,5.68563
u0000919:i0831387,6.11768
u0000919:i1065073,6.35134
u0000919:i1109624,6.45659
u0000919:i1126590,6.6889
u0000919:i1566503,0
u0000919:i1713476,5.26132
u0000919:i1726592,6.59161
u0000919:i1742044,6.88843
u0000919:i1790885,5.87008
u0000919:i1837613,5.99076
u0000919:i1847746,3.55403
u0000919:i1980929,5.87278
u0000919:i1981107,3.72309
u0000919:i2013293,6.10602
u0000919:i2015381,5.84211
u0000919:i2017038,5.11402
u0000919:i2042583,3.30833
u0000919:i2084970,6.27498
u0000919:i2103281,6.65046
u0000919:i2172584,5.93066
u0000919:i2179136,6.54589
u0000919:i2209418,6.59721
u0000919:i2209764,6.74305
u0000919:i2305051,6.77219
u0000919:i2321549,6.51261
u0000919:i2345112,5.27728
u0000919:i2347134,0
u0000919:i2359417,0
u0000919:i2404181,7.01361
u0000919:i2404461,4.93396
u0000919:i2562232,6.47614
u0000919:i2567712,6.69367
u0000919:i2582802,6.47434
u0000919:i2582846,5.16876
u0000919:i2752688,6.53356
u0000919:i2870648,6.53266
u0000919:i2872718,6.48323
u0000919:i2872732,6.14642
u0000919:i2883512,6.20624
u0000919:i2920540,4.86275
u0000919:i2937898,6.52796
u0000919:i2980516,6.51073
u0000919:i3074780,6.03442
u0000919:i3169706,7.2728
u0000919:i3316960,6.18297
u0000919:i3409392,5.69269
u0000919:i3636326,5.92637
u0000987:i0816692,5.69387
u0000987:i1392190,6.00366
u0000987:i2084970,6.28149
u0000987:i2802144,6.21344
u0000987:i2911666,6.60424
u0001020:i0092005,7.80196
u0001020:i1132449,7.80196
u0001020:i1655442,7.80196
u0001056:i0268978,4.40493
u0001056:i0482571,3.95574
u0001056:i0816692,5.70212
u0001056:i1392190,6.00873
u0001056:i2084970,6.288
u0001056:i2582802,6.48149
u0001065:i0369610,7.60697
u0001065:i1911658,7.60697
u0001065:i2322441,7.60697
u0001065:i2381249,7.60697
u0001065:i2397535,7.60697
u0001065:i2582802,7.60697
u0001065:i2802144,7.60697
u0001065:i2820852,7.60697
u0001098:i0840361,4.62018
u0001098:i1706620,6.03636
u0001098:i2395427,6.47793
u0001112:i0048280,7.10271
u0001112:i0838221,7.10271
u0001112:i1100089,7.10271
u0001112:i1708135,7.10271
u0001112:i1980929,7.10271
u0001112:i2039393,7.10271
u0001112:i2179136,7.10271
u0001112:i2235108,7.10271
u0001112:i2404425,7.10271
u0001112:i2726560,7.10271
u0001112:i2802144,7.10271
u0001112:i3062976,7.10271
u0001112:i3152624,7.10271
u0001112:i4246854,7.10271
u0001112:i4284010,7.10271
u0001115:i0112471,7.38303
u0001115:i0870984,7.38303
u0001115:i1020072,7.38303
u0001115:i1100089,7.38303
u0001115:i1334260,7.38303
u0001115:i1340138,7.38303
u0001115:i1528100,7.38303
u0001115:i1809398,7.38303
u0001115:i2084970,7.38303
u0001115:i2103281,7.38303
u0001115:i2322441,7.38303
u0001115:i2338151,7.38303
u0001115:i2713180,7.38303
u0001115:i2788710,7.38303
u0001115:i2980516,7.38303
u0001115:i3007512,7.38303
u0001115:i3316960,7.38303
u0001115:i3668452,7.38303
u0001115:i4078510,7.38303
u0001115:i4240654,7.38303
u0001115:i4458296,7.38303
u0001115:i4565448,7.38303
u0001145:i0478970,7.50858
u0001145:i1100089,7.50858
u0001145:i1340138,7.50858
u0001145:i1392190,7.50858
u0001145:i1638002,7.50858
u0001145:i1655441,7.50858
u0001145:i2084970,7.50858
u0001145:i2322441,7.50858
u0001145:i2360310,7.50858
u0001145:i2381941,7.50858
u0001145:i2582802,7.50858
u0001145:i2726560,7.50858
u0001145:i2802144,7.50858
u0001145:i2908446,7.50858
u0001145:i3622592,7.50858
u0001145:i4357170,7.50858
u0001157:i0055928,7.342
u0001157:i0057076,7.342
u0001157:i0058150,7.342
u0001157:i0059800,7.342
u0001157:i0061452,7.342
u0001157:i0062512,7.342
u0001157:i0064757,7.342
u0001157:i0317740,7.342
u0001157:i2126355,7.342
u0001157:i2179136,7.342
u0001157:i2293640,7.342
u0001173:i0109830,7.61503
u0001173:i0416449,7.61503
u0001173:i1034032,7.61503
u0001173:i1086772,7.61503
u0001173:i2883512,7.61503
u0001173:i2938416,7.61503
u0001183:i1148165,7.89127
u0001183:i1291150,7.89127
u0001183:i1823672,7.89127
u0001183:i2015381,7.89127
u0001183:i2395427,7.89127
u0001183:i2911666,7.89127
u0001183:i3244512,7.89127
u0001189:i0063442,6.94271
u0001189:i0065462,6.94271
u0001189:i0067065,6.94271
u0001189:i0068408,6.94271
u0001189:i0069768,6.94271
u0001189:i0144084,6.94271
u0001189:i0365907,6.94271
u0001189:i0397535,6.94271
u0001189:i0470752,6.94271
u0001189:i0816692,6.94271
u0001189:i0829150,6.94271
u0001189:i1029360,6.94271
u0001189:i1121096,6.94271
u0001189:i1204977,6.94271
u0001189:i1392190,6.94271
u0001189:i1403241,6.94271
u0001189:i1528100,6.94271
u0001189:i1600196,6.94271
u0001189:i1617661,6.94271
u0001189:i1661199,6.94271
u0001189:i1726592,6.94271
u0001189:i1823672,6.94271
u0001189:i1881002,6.94271
u0001189:i1951265,6.94271
u0001189:i1971325,6.94271
u0001189:i2096672,6.94271
u0001189:i2170593,6.94271
u0001189:i2179136,6.94271
u0001189:i2180994,6.94271
u0001189:i2231253,6.94271
u0001189:i2245084,6.94271
u0001189:i2267998,6.94271
u0001189:i2300975,6.94271
u0001189:i2305051,6.94271
u0001189:i2310332,6.94271
u0001189:i2321549,6.94271
u0001189:i2395427,6.94271
u0001189:i2397535,6.94271
u0001189:i2436386,6.94271
u0001189:i2446042,6.94271
u0001189:i2562232,6.94271
u0001189:i2788710,6.94271
u0001189:i2799166,6.94271
u0001189:i2820852,6.94271
u0001189:i2872718,6.94271
u0001189:i2872732,6.94271
u0001189:i2908446,6.94271
u0001189:i2911666,6.94271
u0001189:i2918436,6.94271
u0001189:i2960930,6.94271
u0001189:i2980516,6.94271
u0001189:i3025410,6.94271
u0001189:i3212002,6.94271
u0001189:i3235888,6.94271
u0001189:i3316960,6.94271
u0001189:i3322940,6.94271
u0001189:i3612616,6.94271
u0001195:i0816692,7.41959
u0001195:i1690953,7.41959
u0001195:i1823672,7.41959
u0001195:i1872194,7.41959
u0001195:i2179136,7.41959
u0001195:i2267998,7.41959
u0001195:i2381941,7.41959
u0001195:i2395427,7.41959
u0001195:i2802144,7.41959
u0001195:i3011894,7.41959
u0001195:i3316960,7.41959
u0001232:i2245084,7.1984
u0001232:i2562232,7.1984
u0001232:i2582802,7.1984
u0001232:i2582846,7.1984
u0001238:i0405094,5.66322
u0001238:i0964517,4.83727
u0001238:i1772264,6.68644
u0001238:i1798684,5.68094
u0001244:i0114746,7.67
u0001244:i0369610,7.67
u0001244:i1091722,7.67
u0001244:i1392190,7.67
u0001244:i1638002,7.67
u0001244:i1655441,7.67
u0001244:i1956620,7.67
u0001244:i2194499,7.67
u0001244:i2224026,7.67
u0001244:i2245084,7.67
u0001244:i2357129,7.67
u0001244:i2557490,7.67
u0001244:i2872732,7.67
u0001258:i1371111,7.09825
u0001258:i1421051,7.09825
u0001258:i1615147,7.09825
u0001258:i1714915,7.09825
u0001258:i2562232,7.09825
u0001258:i2872718,7.09825
u0001292:i0093605,3.88129
u0001292:i0119174,5.12103
u0001292:i0338564,6.02611
u0001292:i0362270,3.37645
u0001292:i0816556,3.75454
u0001292:i0978762,2.64952
u0001292:i1524575,5.05362
u0001292:i1649443,6.75445
u0001292:i1703148,6.52803
u0001292:i2106476,4.98253
u0001292:i2326554,5.54534
u0001292:i2401097,5.88374
u0001292:i2404425,6.26738
u0001292:i2679042,5.67313
u0001292:i2752772,5.99509
u0001292:i3045616,6.40572
u0001292:i3813310,4.85121
u0001323:i1340138,7.89127
u0001323:i1392190,7.89127
u0001323:i2199571,7.89127
u0001323:i2293640,7.89127
u0001323:i2582802,7.89127
u0001323:i2802144,7.89127
u0001323:i2872718,7.89127
u0001323:i3504048,7.89127
u0001353:i0088847,7.52396
u0001353:i0104257,7.52396
u0001353:i0114369,7.52396
u0001353:i0118615,7.52396
u0001353:i0120815,7.52396
u0001353:i0172495,7.52396
u0001353:i0385002,7.52396
u0001353:i0399146,7.52396
u0001353:i0477080,7.52396
u0001353:i0488120,7.52396
u0001353:i1637706,7.52396
u0001353:i1743993,7.52396
u0001353:i1790864,7.52396
u0001353:i2267998,7.52396
u0001362:i0050083,7.8597
u0001362:i0103030,7.8597
u0001362:i1020072,7.8597
u0001362:i1499658,7.8597
u0001362:i1649443,7.8597
u0001362:i1698641,7.8597
u0001362:i1790864,7.8597
u0001362:i1791528,7.8597
u0001362:i1872194,7.8597
u0001362:i2084970,7.8597
u0001362:i2170439,7.8597
u0001362:i2179136,7.8597
u0001362:i2238050,7.8597
u0001362:i2305051,7.8597
u0001362:i2310332,7.8597
u0001362:i2321549,7.8597
u0001362:i2390361,7.8597
u0001362:i2446042,7.8597
u0001362:i2524674,7.8597
u0001362:i2718492,7.8597
u0001362:i2737050,7.8597
u0001362:i2784678,7.8597
u0001362:i2802144,7.8597
u0001362:i2980592,7.8597
u0001362:i3316960,7.8597
u0001362:i3442006,7.8597
u0001369:i0369610,6.17908
u0001369:i1798684,5.7023
u0001369:i3079380,5.87765
u0001408:i0478970,5.8761
u0001408:i0480242,4.37636
u0001408:i2096673,6.22463
u0001408:i2848292,6.13536
u0001409:i0478970,5.88586
u0001409:i1024648,4.21892
u0001409:i2179136,6.55294
u0001409:i2199571,5.93192
u0001409:i2381249,6.10311
u0001417:i1100089,7.6313
u0001417:i1398426,7.6313
u0001417:i2293640,7.6313
u0001417:i2883512,7.6313
u0001417:i3660770,7.6313
u0001450:i0095016,7.45651
u0001450:i0105104,7.45651
u0001450:i0109446,7.45651
u0001450:i0114369,7.45651
u0001450:i0118647,7.45651
u0001450:i0120689,7.45651
u0001450:i0120815,7.45651
u0001450:i0212985,7.45651
u0001450:i0242423,7.45651
u0001450:i0250258,7.45651
u0001450:i0253474,7.45651
u0001450:i0268126,7.45651
u0001450:i0284490,7.45651
u0001450:i0307479,7.45651
u0001450:i0365907,7.45651
u0001450:i0382077,7.45651
u0001450:i0384680,7.45651
u0001450:i0431197,7.45651
u0001450:i0443272,7.45651
u0001450:i0443274,7.45651
u0001450:i0465142,7.45651
u0001450:i0478304,7.45651
u0001450:i0795351,7.45651
u0001450:i0804522,7.45651
u0001450:i0816692,7.45651
u0001450:i0878804,7.45651
u0001450:i1130884,7.45651
u0001450:i1156398,7.45651
u0001450:i1243957,7.45651
u0001450:i1284575,7.45651
u0001450:i1345836,7.45651
u0001450:i1542344,7.45651
u0001450:i1637725,7.45651
u0001450:i1724966,7.45651
u0001450:i1809398,7.45651
u0001450:i1872194,7.45651
u0001450:i2039393,7.45651
u0001450:i2084970,7.45651
u0001450:i2208568,7.45651
u0001450:i2267998,7.45651
u0001450:i2279373,7.45651
u0001450:i2345737,7.45651
u0001450:i2402157,7.45651
u0001450:i2637276,7.45651
u0001450:i2713180,7.45651
u0001450:i2802144,7.45651
u0001450:i2870612,7.45651
u0001450:i2911666,7.45651
u0001450:i2980516,7.45651
u0001450:i3042408,7.45651
u0001455:i0117060,7.67
u0001455:i0120755,7.67
u0001455:i0317919,7.67
u0001455:i0458481,7.67
u0001455:i0790628,7.67
u0001455:i0829150,7.67
u0001455:i1253863,7.67
u0001455:i1267297,7.67
u0001455:i1490017,7.67
u0001455:i1538403,7.67
u0001455:i1670345,7.67
u0001455:i1840309,7.67
u0001455:i1872181,7.67
u0001455:i2103281,7.67
u0001455:i2109248,7.67
u0001455:i2281587,7.67
u0001455:i2333784,7.67
u0001455:i2390237,7.67
u0001455:i2713180,7.67
u0001455:i3097204,7.67
u0001455:i3099498,7.67
u0001468:i1790864,7.60697
u0001468:i1853728,7.60697
u0001468:i2245084,7.60697
u0001468:i2267998,7.60697
u0001492:i0052357,7.60697
u0001492:i0061328,7.60697
u0001492:i0080749,7.60697
u0001492:i0167404,7.60697
u0001492:i0217869,7.60697
u0001492:i0421054,7.60697
u0001492:i0481369,7.60697
u0001492:i0816692,7.60697
u0001492:i1568338,7.60697
u0001492:i2345737,7.60697
u0001505:i0104237,7.83478
u0001505:i0119094,7.83478
u0001505:i0241303,7.83478
u0001505:i0376136,7.83478
u0001505:i0423977,7.83478
u0001505:i0482088,7.83478
u0001505:i1480656,7.83478
u0001505:i1706620,7.83478
u0001505:i2381941,7.83478
u0001505:i2479800,7.83478
u0001505:i2639254,7.83478
u0001505:i2726560,7.83478
u0001505:i2923316,7.83478
u0001505:i2965412,7.83478
u0001516:i0758758,7.43514
u0001516:i1263750,7.43514
u0001516:i1733105,7.43514
u0001516:i2278388,7.43514
u0001516:i2334873,7.43514
u0001516:i2562232,7.43514
u0001516:i2980516,7.43514
u0001529:i0070034,7.67
u0001529:i0070917,7.67
u0001529:i0071230,7.67
u0001529:i0082198,7.67
u0001529:i0082340,7.67
u0001529:i0082971,7.67
u0001529:i0083944,7.67
u0001529:i0084522,7.67
u0001529:i0087469,7.67
u0001529:i0089880,7.67
u0001529:i0093870,7.67
u0001529:i0095956,7.67
u0001529:i0097576,7.67
u0001529:i0097659,7.67
u0001529:i0100502,7.67
u0001529:i0101540,7.67
u0001529:i0102926,7.67
u0001529:i0105112,7.67
u0001529:i0106489,7.67
u0001529:i0107978,7.67
u0001529:i0112384,7.67
u0001529:i0114214,7.67
u0001529:i0119396,7.67
u0001529:i0120891,7.67
u0001529:i0134119,7.67
u0001529:i0142342,7.67
u0001529:i0146316,7.67
u0001529:i0215750,7.67
u0001529:i0241527,7.67
u0001529:i0252299,7.67
u0001529:i0258463,7.67
u0001529:i0295297,7.67
u0001529:i0314353,7.67
u0001529:i0320661,7.67
u0001529:i0325703,7.67
u0001529:i0343818,7.67
u0001529:i0367882,7.67
u0001529:i0371746,7.67
u0001529:i0372183,7.67
u0001529:i0387131,7.67
u0001529:i0388482,7.67
u0001529:i0417741,7.67
u0001529:i0421073,7.67
u0001529:i0421206,7.67
u0001529:i0430105,7.67
u0001529:i0440963,7.67
u0001529:i0442933,7.67
u0001529:i0462200,7.67
u0001529:i0472043,7.67
u0001529:i0472399,7.67
u0001529:i0478970,7.67
u0001529:i0479884,7.67
u0001529:i0787475,7.67
u0001529:i0800039,7.67
u0001529:i0804463,7.67
u0001529:i0848228,7.67
u0001529:i0892899,7.67
u0001529:i0942385,7.67
u0001529:i0964517,7.67
u0001529:i1060277,7.67
u0001529:i1100089,7.67
u0001529:i1121931,7.67
u0001529:i1129442,7.67
u0001529:i1183911,7.67
u0001529:i1201607,7.67
u0001529:i1217613,7.67
u0001529:i1318514,7.67
u0001529:i1456635,7.67
u0001529:i1491044,7.67
u0001529:i1528100,7.67
u0001529:i1591479,7.67
u0001529:i1600196,7.67
u0001529:i1709143,7.67
u0001529:i1809398,7.67
u0001529:i1870425,7.67
u0001529:i1972571,7.67
u0001529:i1976000,7.67
u0001529:i1989674,7.67
u0001529:i2024544,7.67
u0001529:i2061712,7.67
u0001529:i2062996,7.67
u0001529:i2103281,7.67
u0001529:i2209764,7.67
u0001529:i2345737,7.67
u0001529:i2402085,7.67
u0001529:i2409300,7.67
u0001529:i2446042,7.67
u0001529:i2446600,7.67
u0001529:i2557490,7.67
u0001529:i2567712,7.67
u0001529:i2582802,7.67
u0001529:i2614684,7.67
u0001529:i2713180,7.67
u0001529:i2872718,7.67
u0001529:i2911666,7.67
u0001529:i3097204,7.67
u0001529:i3549508,7.67
u0001529:i3625152,7.67
u0001540:i1398426,6.24632
u0001540:i2820852,6.13327
u0001540:i2848292,6.16682
u0001541:i0323033,8.10228
u0001541:i0413267,8.10228
u0001541:i2310332,8.10228
u0001544:i0070902,7.13951
u0001544:i0078748,7.13951
u0001544:i0106489,7.13951
u0001544:i0119008,7.13951
u0001544:i0120586,7.13951
u0001544:i0264464,7.13951
u0001544:i0289765,7.13951
u0001544:i0360717,7.13951
u0001544:i0393109,7.13951
u0001544:i0430105,7.13951
u0001544:i0455944,7.13951
u0001544:i0816692,7.13951
u0001544:i0840361,7.13951
u0001544:i1176726,7.13951
u0001544:i1190536,7.13951
u0001544:i1216491,7.13951
u0001544:i1247690,7.13951
u0001544:i1297919,7.13951
u0001544:i1392214,7.13951
u0001544:i1609479,7.13951
u0001544:i1726592,7.13951
u0001544:i2179136,7.13951
u0001544:i2231253,7.13951
u0001544:i2368553,7.13951
u0001544:i2377322,7.13951
u0001544:i2395199,7.13951
u0001544:i2402085,7.13951
u0001544:i2402157,7.13951
u0001544:i2452200,7.13951
u0001544:i2515030,7.13951
u0001544:i2582802,7.13951
u0001544:i2713180,7.13951
u0001544:i2872718,7.13951
u0001544:i2911666,7.13951
u0001544:i2937898,7.13951
u0001544:i2980648,7.13951
u0001544:i3007512,7.13951
u0001544:i3399024,7.13951
u0001544:i3480796,7.13951
u0001544:i3776288,7.13951
u0001544:i4257858,7.13951
u0001550:i0013442,7.92598
u0001550:i0040522,7.92598
u0001550:i0045152,7.92598
u0001550:i0046912,7.92598
u0001550:i0047396,7.92598
u0001550:i0048545,7.92598
u0001550:i0058150,7.92598
u0001550:i0062622,7.92598
u0001550:i0068505,7.92598
u0001550:i0073582,7.92598
u0001550:i0075968,7.92598
u0001550:i0082694,7.92598
u0001550:i0082971,7.92598
u0001550:i0083658,7.92598
u0001550:i0088194,7.92598
u0001550:i0102926,7.92598
u0001550:i0105236,7.92598
u0001550:i0109506,7.92598
u0001550:i0111257,7.92598
u0001550:i0112697,7.92598
u0001550:i0114369,7.92598
u0001550:i0114746,7.92598
u0001550:i0114814,7.92598
u0001550:i0120185,7.92598
u0001550:i0129167,7.92598
u0001550:i0181689,7.92598
u0001550:i0211915,7.92598
u0001550:i0219653,7.92598
u0001550:i0245429,7.92598
u0001550:i0368226,7.92598
u0001550:i0446029,7.92598
u0001550:i0470752,7.92598
u0001550:i0478970,7.92598
u0001550:i1156398,7.92598
u0001550:i1340138,7.92598
u0001550:i1392190,7.92598
u0001550:i1441395,7.92598
u0001550:i1617661,7.92598
u0001550:i1638355,7.92598
u0001550:i2096673,7.92598
u0001550:i2145829,7.92598
u0001550:i2305051,7.92598
u0001550:i2395427,7.92598
u0001550:i2639254,7.92598
u0001550:i2802144,7.92598
u0001550:i2870708,7.92598
u0001550:i2911666,7.92598
u0001550:i4257858,7.92598
u0001555:i0066921,5.50178
u0001555:i0079501,6.01745
u0001555:i0080120,6.30933
u0001555:i0081505,4.48832
u0001555:i0082677,3.57115
u0001555:i0082694,6.08524
u0001555:i0084649,3.92622
u0001555:i0085333,3.80562
u0001555:i0087544,5.52966
u0001555:i0087800,5.63103
u0001555:i0089530,5.81655
u0001555:i0089686,5.00187
u0001555:i0092067,5.98266
u0001555:i0094625,6.15422
u0001555:i0095327,6.20972
u0001555:i0096256,6.32283
u0001555:i0096283,5.38773
u0001555:i0097814,4.47088
u0001555:i0102685,7.13162
u0001555:i0104652,4.91271
u0001555:i0105236,4.66333
u0001555:i0106364,4.1684
u0001555:i0107290,5.38444
u0001555:i0113568,6.51309
u0001555:i0114814,4.41212
u0001555:i0119282,6.59929
u0001555:i0119567,5.74681
u0001555:i0119698,6.35734
u0001555:i0120917,5.97165
u0001555:i0133240,6.26627
u0001555:i0138749,0
u0001555:i0163025,5.41622
u0001555:i0166813,4.08286
u0001555:i0169858,0
u0001555:i0181875,5.70342
u0001555:i0212720,5.80125
u0001555:i0230011,5.52001
u0001555:i0245429,4.56387
u0001555:i0275277,3.79567
u0001555:i0275847,6.29038
u0001555:i0287978,5.44205
u0001555:i0328880,4.81565
u0001555:i0347149,5.84808
u0001555:i0347246,0
u0001555:i0369610,6.18581
u0001555:i0385752,3.03609
u0001555:i0454876,4.36481
u0001555:i0470752,6.34475
u0001555:i0478970,5.89564
u0001555:i0485947,4.24697
u0001555:i0816692,5.71038
u0001555:i0860907,3.72153
u0001555:i1105263,5.21763
u0001555:i1219342,4.20293
u0001555:i1276104,5.3387
u0001555:i1392190,6.01381
u0001555:i1474276,4.77636
u0001555:i1483013,4.80711
u0001555:i1490017,6.51637
u0001555:i1534085,4.84172
u0001555:i1535108,5.22568
u0001555:i1568921,5.37696
u0001555:i1631867,6.11249
u0001555:i1800241,5.71932
u0001555:i1823672,6.41827
u0001555:i1899353,4.79716
u0001555:i2013293,6.38356
u0001555:i2072230,5.37872
u0001555:i2096673,6.23822
u0001555:i2245084,6.56854
u0001555:i2321549,6.56734
u0001555:i2395427,6.48495
u0001555:i2713180,6.45433
u0001555:i2784678,6.18848
u0001555:i2802144,6.21931
u0001555:i2820852,6.14135
u0001555:i2910814,6.31363
u0001555:i2911666,6.61898
u0001555:i3235888,6.6247
u0001555:i3398268,5.92426
u0001555:i3813310,5.0185
u0001555:i3819668,5.41618
u0001556:i0369610,7.50908
u0001556:i0884732,7.50908
u0001556:i1029360,7.50908
u0001556:i1674771,7.50908
u0001556:i2179136,7.50908
u0001556:i2293640,7.50908
u0001556:i2381941,7.50908
u0001556:i2395427,7.50908
u0001556:i3233418,7.50908
u0001557:i2322441,8.58544
u0001557:i2802144,8.58544
u0001557:i2820852,8.58544
u0001591:i0073486,8.075
u0001591:i0087332,8.075
u0001591:i0108052,8.075
u0001591:i0111161,8.075
u0001591:i0120787,8.075
u0001591:i0256009,8.075
u0001591:i0369610,8.075
u0001591:i1081975,8.075
u0001591:i2096673,8.075
u0001591:i2381249,8.075
u0001591:i2395427,8.075
u0001591:i2402101,8.075
u0001591:i2446042,8.075
u0001591:i2944454,8.075
u0001591:i2980516,8.075
u0001591:i3007512,8.075
u0001591:i3622592,8.075
u0001632:i0369610,6.19254
u0001632:i0478970,5.90543
u0001632:i1781922,5.64289
u0001632:i1823672,6.43216
u0001632:i1964418,6.14893
u0001632:i2096673,6.25184
u0001632:i2126355,6.38021
u0001632:i2273657,5.56412
u0001632:i2395427,6.49198
u0001632:i2820852,6.14944
u0001632:i3007512,6.06277
u0001699:i0378793,7.60697
u0001699:i0470752,7.60697
u0001699:i0816692,7.60697
u0001699:i1020072,7.60697
u0001699:i1100089,7.60697
u0001699:i1392190,7.60697
u0001699:i1655441,7.60697
u0001699:i1666801,7.60697
u0001699:i1810683,7.60697
u0001699:i1865505,7.60697
u0001699:i1872194,7.60697
u0001699:i1924435,7.60697
u0001699:i2042568,7.60697
u0001699:i2084970,7.60697
u0001699:i2179136,7.60697
u0001699:i2275946,7.60697
u0001699:i2305051,7.60697
u0001699:i2404425,7.60697
u0001699:i2562232,7.60697
u0001699:i2614684,7.60697
u0001699:i2713180,7.60697
u0001699:i2726560,7.60697
u0001699:i2737050,7.60697
u0001699:i2785032,7.60697
u0001699:i2788710,7.60697
u0001699:i2802144,7.60697
u0001699:i2820852,7.60697
u0001699:i2872718,7.60697
u0001699:i2872750,7.60697
u0001699:i2935476,7.60697
u0001699:i2962876,7.60697
u0001699:i3007512,7.60697
u0001699:i3316960,7.60697
u0001700:i0317248,7.53347
u0001700:i1206543,7.53347
u0001700:i2170439,7.53347
u0001700:i2446042,7.53347
u0001700:i2713180,7.53347
u0001700:i2802144,7.53347
u0001750:i0079817,5.76666
u0001750:i0089927,5.24875
u0001750:i0112461,4.52217
u0001750:i0112641,4.56204
u0001750:i0120148,5.66027
u0001750:i0882977,6.62949
u0001750:i0910936,5.58932
u0001750:i1229340,6.09283
u0001750:i1800241,5.8101
u0001750:i2004420,6.47029
u0001792:i0369610,6.63149
u0001792:i0478970,6.63149
u0001792:i1392190,6.63149
u0001792:i1809398,6.63149
u0001792:i2084970,6.63149
u0001792:i2381249,6.63149
u0001792:i3745620,6.63149
u0001826:i0092982,0
u0001826:i0094608,0
u0001826:i0098625,5.09072
u0001826:i0133385,0
u0001826:i0351283,6.86891
u0001826:i0411477,6.15263
u0001826:i0434409,5.60381
u0001826:i0452623,5.81165
u0001826:i0470752,6.35571
u0001826:i2802144,6.22518
u0001858:i0470752,6.82624
u0001858:i0816692,6.82624
u0001858:i1029360,6.82624
u0001858:i1392190,6.82624
u0001858:i1781922,6.82624
u0001858:i2126355,6.82624
u0001858:i2381941,6.82624
u0001858:i2494280,6.82624
u0001858:i2679042,6.82624
u0001858:i2918436,6.82624
u0001879:i1014763,7.03834
u0001879:i1020072,7.03834
u0001879:i1189340,7.03834
u0001879:i1247690,7.03834
u0001879:i1392190,7.03834
u0001879:i1661820,7.03834
u0001879:i1781922,7.03834
u0001879:i1964418,7.03834
u0001879:i2088003,7.03834
u0001879:i2126355,7.03834
u0001879:i2179136,7.03834
u0001879:i2199571,7.03834
u0001879:i2376218,7.03834
u0001879:i2381249,7.03834
u0001879:i2395427,7.03834
u0001879:i2446042,7.03834
u0001879:i2493486,7.03834
u0001879:i2515034,7.03834
u0001879:i2802144,7.03834
u0001879:i2820852,7.03834
u0001879:i2917388,7.03834
u0001879:i3029476,7.03834
u0001879:i3247714,7.03834
u0001879:i3321300,7.03834
u0001879:i3672840,7.03834
u0001879:i3863552,7.03834
u0001891:i0110912,8.50811
u0001891:i0111161,8.50811
u0001891:i0119008,8.50811
u0001891:i0404032,8.50811
u0001891:i0470752,8.50811
u0001891:i0478970,8.50811
u0001891:i0816692,8.50811
u0001891:i0884732,8.50811
u0001891:i1014763,8.50811
u0001891:i1065073,8.50811
u0001891:i1392190,8.50811
u0001891:i1638355,8.50811
u0001891:i1726592,8.50811
u0001891:i1772264,8.50811
u0001891:i1823672,8.50811
u0001891:i1872194,8.50811
u0001891:i1951265,8.50811
u0001891:i2084970,8.50811
u0001891:i2096673,8.50811
u0001891:i2097298,8.50811
u0001891:i2126355,8.50811
u0001891:i2179136,8.50811
u0001891:i2199571,8.50811
u0001891:i2273657,8.50811
u0001891:i2321549,8.50811
u0001891:i2381249,8.50811
u0001891:i2381941,8.50811
u0001891:i2395427,8.50811
u0001891:i2562232,8.50811
u0001891:i2582802,8.50811
u0001891:i2802144,8.50811
u0001891:i2980516,8.50811
u0001891:i2980592,8.50811
u0001891:i3713166,8.50811
u0001891:i4178092,8.50811
u0001905:i0478970,7.46
u0001905:i2199571,7.46
u0001905:i2637276,7.46
u0001905:i2692250,7.46
u0001910:i0054215,4.7033
u0001910:i0076759,4.72258
u0001910:i0080684,5.04115
u0001910:i0083658,6.58133
u0001910:i0086190,4.34467
u0001910:i0088847,4.49093
u0001910:i0120731,4.15763
u0001910:i0120915,4.49312
u0001910:i0121765,4.14059
u0001910:i0121766,4.23506
u0001910:i0253474,4.54373
u0001910:i0364569,4.28243
u0001910:i0469494,5.29111
u0001910:i0756683,5.52674
u0001910:i1126590,6.72429
u0001910:i1182345,5.41121
u0001910:i1255953,4.31744
u0001910:i1258197,3.37277
u0001910:i1307068,4.54082
u0001910:i1392190,6.0189
u0001910:i1638355,5.93399
u0001910:i1655441,5.89866
u0001910:i1823672,6.44608
u0001910:i1832382,5.01602
u0001910:i2234003,6.65389
u0001910:i2321549,6.62253
u0001910:i2326554,5.6743
u0001910:i2718492,6.52159
u0001910:i3612616,5.91154
u0001920:i0401792,8.17778
u0001920:i0434409,8.17778
u0001920:i0443706,8.17778
u0001920:i0976051,8.17778
u0001920:i1196948,8.17778
u0001920:i1355630,8.17778
u0001920:i1392214,8.17778
u0001920:i1528100,8.17778
u0001920:i1568346,8.17778
u0001920:i1631867,8.17778
u0001920:i1911658,8.17778
u0001920:i1924435,8.17778
u0001920:i2245084,8.17778
u0001920:i2310332,8.17778
u0001920:i2562232,8.17778
u0001920:i2908446,8.17778
u0001920:i2980516,8.17778
u0001930:i0114369,4.01915
u0001930:i0120338,4.24751
u0001930:i0171804,2.1835
u0001930:i0190590,4.41326
u0001930:i0209144,4.98595
u0001930:i0330793,5.57403
u0001930:i0372784,5.47929
u0001930:i0381849,3.93422
u0001930:i0408790,5.19187
u0001930:i0468569,4.05712
u0001930:i0475276,3.59814
u0001930:i0478970,5.91524
u0001930:i0762107,4.49459
u0001930:i0926762,4.1219
u0001930:i0942385,5.64147
u0001930:i1032755,5.81739
u0001930:i1041829,5.80815
u0001930:i1053810,5.17765
u0001930:i1086772,5.51435
u0001930:i1205537,6.49115
u0001930:i1211956,5.31325
u0001930:i1212450,4.26129
u0001930:i1250777,4.94977
u0001930:i1258197,3.48908
u0001930:i1291150,6.66685
u0001930:i1291584,4.11469
u0001930:i1345836,3.7665
u0001930:i1392190,6.02398
u0001930:i1535109,4.28764
u0001930:i1591095,4.96098
u0001930:i1650554,5.82754
u0001930:i1670345,5.47339
u0001930:i1907668,6.50002
u0001930:i1951261,4.29833
u0001930:i1980929,5.93271
u0001930:i2082197,2.68319
u0001930:i2106361,6.47438
u0001930:i2176013,0
u0001930:i2226417,5.18966
u0001930:i2231253,6.1196
u0001930:i2309260,6.13702
u0001930:i2461132,6.14019
u0001930:i2493486,5.2474
u0001930:i2561572,6.16095
u0001930:i2802144,6.23106
u0001930:i2820852,6.15754
u0001930:i2883512,6.25026
u0001930:i2991296,3.17785
u0001930:i3011894,6.47106
u0001930:i3042408,4.75114
u0001930:i3079380,5.89178
u0001930:i3203616,5.81954
u0001930:i3863552,5.6634
u0001931:i0304141,7.67
u0001931:i0369610,7.67
u0001931:i0373889,7.67
u0001931:i0417741,7.67
u0001931:i0829150,7.67
u0001931:i1065073,7.67
u0001931:i1126590,7.67
u0001931:i1392190,7.67
u0001931:i1661199,7.67
u0001931:i1798684,7.67
u0001931:i2084970,7.67
u0001931:i2096673,7.67
u0001931:i2179136,7.67
u0001931:i2180411,7.67
u0001931:i2273657,7.67
u0001931:i2381941,7.67
u0001931:i2395427,7.67
u0001931:i2582496,7.67
u0001931:i2582802,7.67
u0001931:i2802144,7.67
u0001931:i2820852,7.67
u0001931:i2872732,7.67
u0001931:i2980516,7.67
u0001931:i3316960,7.67
u0001931:i3717532,7.67
u0001947:i0369610,6.4632
u0001947:i1735898,6.4632
u0001947:i2395427,6.4632
u0001957:i1661199,7.56125
u0001957:i2381941,7.56125
u0001957:i2802144,7.56125
u0001957:i2820852,7.56125
u0001967:i0109506,7.62401
u0001967:i0372784,7.62401
u0001967:i0455944,7.62401
u0001967:i1065073,7.62401
u0001967:i1392190,7.62401
u0001967:i1655441,7.62401
u0001967:i1971325,7.62401
u0001967:i2268458,7.62401
u0001967:i2397535,7.62401
u0001967:i2562232,7.62401
u0001967:i2582802,7.62401
u0001967:i2692904,7.62401
u0001967:i2713180,7.62401
u0001967:i2980516,7.62401
u0001973:i2179136,7.67
u0001973:i2339741,7.67
u0001973:i2381941,7.67
u0001973:i2582802,7.67
u0001973:i3235888,7.67
u0001991:i0099685,7.50908
u0001991:i0117060,7.50908
u0001991:i0120815,7.50908
u0001991:i0167404,7.50908
u0001991:i0317919,7.50908
u0001991:i0763831,7.50908
u0001991:i0988045,7.50908
u0001991:i1229238,7.50908
u0001991:i1397280,7.50908
u0001991:i1515091,7.50908
u0001991:i2084970,7.50908
u0001991:i2179136,7.50908
u0001991:i2184339,7.50908
u0001991:i2310332,7.50908
u0001991:i2562232,7.50908
u0001991:i4009460,7.50908
u0001994:i2192016,8.19531
u0001994:i2305051,8.19531
u0001994:i2465578,8.19531
u0001994:i2556936,8.19531
u0001994:i2562232,8.19531
u0001994:i2936180,8.19531
u0001994:i2967006,8.19531
u0001994:i2980648,8.19531
u0001994:i3316960,8.19531
u0001994:i3360038,8.19531
u0002008:i1791682,7.23552
u0002008:i2381249,7.23552
u0002008:i2395427,7.23552
u0002008:i2404425,7.23552
u0002008:i2679042,7.23552
u0002008:i2848292,7.23552
u0002008:i3316960,7.23552
u0002014:i0825236,6.96953
u0002014:i1255953,6.96953
u0002014:i1327628,6.96953
u0002014:i1392214,6.96953
u0002014:i1605717,6.96953
u0002014:i2106671,6.96953
u0002014:i3007512,6.96953
u0002014:i3646462,6.96953
u0002029:i0862467,7.50908
u0002029:i1216491,7.50908
u0002029:i1626146,7.50908
u0002029:i2084970,7.50908
u0002029:i2194499,7.50908
u0002029:i2245084,7.50908
u0002029:i2278388,7.50908
u0002029:i2562232,7.50908
u0002029:i2872718,7.50908
u0002029:i2872732,7.50908
u0002029:i2884206,7.50908
u0002029:i2980516,7.50908
u0002036:i0045152,8.30336
u0002036:i0090264,8.30336
u0002036:i0106761,8.30336
u0002036:i0110989,8.30336
u0002036:i0397892,8.30336
u0002036:i0477347,8.30336
u0002036:i0478970,8.30336
u0002036:i0816692,8.30336
u0002036:i0829150,8.30336
u0002036:i1078912,8.30336
u0002036:i1109624,8.30336
u0002036:i1121096,8.30336
u0002036:i1197624,8.30336
u0002036:i1285016,8.30336
u0002036:i1311071,8.30336
u0002036:i1392190,8.30336
u0002036:i1502712,8.30336
u0002036:i1528100,8.30336
u0002036:i1542344,8.30336
u0002036:i1552224,8.30336
u0002036:i1617661,8.30336
u0002036:i1638355,8.30336
u0002036:i1640711,8.30336
u0002036:i1809398,8.30336
u0002036:i1815862,8.30336
u0002036:i1838603,8.30336
u0002036:i1929433,8.30336
u0002036:i1930546,8.30336
u0002036:i1951265,8.30336
u0002036:i2004420,8.30336
u0002036:i2084970,8.30336
u0002036:i2103254,8.30336
u0002036:i2103281,8.30336
u0002036:i2199571,8.30336
u0002036:i2224026,8.30336
u0002036:i2245084,8.30336
u0002036:i2381249,8.30336
u0002036:i2395427,8.30336
u0002036:i2404425,8.30336
u0002036:i2452200,8.30336
u0002036:i2555736,8.30336
u0002036:i2562232,8.30336
u0002036:i2692250,8.30336
u0002036:i2713180,8.30336
u0002036:i2802144,8.30336
u0002036:i2820852,8.30336
u0002036:i2870756,8.30336
u0002036:i2923316,8.30336
u0002036:i2980516,8.30336
u0002036:i2980592,8.30336
u0002036:i2980648,8.30336
u0002036:i3029556,8.30336
u0002036:i3079380,8.30336
u0002036:i3398268,8.30336
u0002036:i4296186,8.30336
u0002036:i4310772,8.30336
u0002036:i4409852,8.30336
u0002036:i4483094,8.30336
u0002044:i0120735,6.48479
u0002044:i1291584,6.48479
u0002044:i2397535,6.48479
u0002044:i2473602,6.48479
u0002044:i2866360,6.48479
u0002044:i2883512,6.48479
u0002044:i2980516,6.48479
u0002059:i1502712,7.67
u0002059:i1528100,7.67
u0002059:i1959490,7.67
u0002059:i2096673,7.67
u0002059:i2103281,7.67
u0002059:i2802144,7.67
u0002071:i1638002,5.04416
u0002071:i2096673,6.26549
u0002071:i2224026,6.40025
u0002071:i2908446,6.07777
u0002082:i0328107,7.60697
u0002082:i1809398,7.60697
u0002082:i1872194,7.60697
u0002082:i2199571,7.60697
u0002082:i3235888,7.60697
u0002088:i0120737,4.66834
u0002088:i0123755,4.66834
u0002088:i0372784,4.66834
u0002088:i0434409,4.66834
u0002088:i0816692,4.66834
u0002088:i0884732,4.66834
u0002088:i1345836,4.66834
u0002088:i1375666,4.66834
u0002088:i1392190,4.66834
u0002088:i1600196,4.66834
u0002088:i1780798,4.66834
u0002088:i1798684,4.66834
u0002088:i1843866,4.66834
u0002088:i1850397,4.66834
u0002088:i1924435,4.66834
u0002088:i1951265,4.66834
u0002088:i2381249,4.66834
u0002088:i2381941,4.66834
u0002088:i2515034,4.66834
u0002088:i2561572,4.66834
u0002088:i2785032,4.66834
u0002088:i2788710,4.66834
u0002088:i2802144,4.66834
u0002088:i2908446,4.66834
u0002088:i3195644,4.66834
u0002091:i0470752,6.36669
u0002091:i3593666,3.967
u0002091:i4382552,5.17733
u0002094:i0120586,6.91014
u0002094:i0120737,6.91014
u0002094:i0167260,6.91014
u0002094:i0167261,6.91014
u0002094:i1491044,6.91014
u0002094:i1499658,6.91014
u0002094:i1853728,6.91014
u0002094:i2024469,6.91014
u0002094:i2170439,6.91014
u0002094:i2381941,6.91014
u0002102:i0264464,7.54863
u0002102:i0816692,7.54863
u0002102:i1189340,7.54863
u0002102:i1667310,7.54863
u0002102:i1924396,7.54863
u0002102:i2084970,7.54863
u0002102:i2096672,7.54863
u0002102:i2278388,7.54863
u0002102:i2369135,7.54863
u0002102:i2381941,7.54863
u0002102:i2446042,7.54863
u0002102:i2477930,7.54863
u0002102:i2802144,7.54863
u0002102:i2872718,7.54863
u0002102:i2980516,7.54863
u0002102:i3045616,7.54863
u0002116:i1185416,7.06694
u0002116:i1198156,7.06694
u0002116:i1307068,7.06694
u0002116:i1355630,7.06694
u0002116:i1555064,7.06694
u0002116:i1617661,7.06694
u0002116:i1649780,7.06694
u0002116:i1661199,7.06694
u0002116:i1666801,7.06694
u0002116:i1698641,7.06694
u0002116:i1714206,7.06694
u0002116:i1790864,7.06694
u0002116:i1972779,7.06694
u0002116:i2055765,7.06694
u0002116:i2180411,7.06694
u0002116:i2194499,7.06694
u0002116:i2268016,7.06694
u0002116:i2305051,7.06694
u0002116:i2378281,7.06694
u0002116:i2398249,7.06694
u0002116:i2463288,7.06694
u0002116:i2626350,7.06694
u0002116:i2717860,7.06694
u0002116:i2848292,7.06694
u0002116:i2870808,7.06694
u0002116:i2883512,7.06694
u0002116:i2908446,7.06694
u0002116:i3014666,7.06694
u0002116:i3079380,7.06694
u0002116:i3120054,7.06694
u0002116:i3137764,7.06694
u0002116:i3289712,7.06694
u0002116:i3622592,7.06694
u0002116:i4007502,7.06694
u0002120:i0091042,7.03354
u0002120:i0369610,7.03354
u0002120:i1706620,7.03354
u0002120:i1823672,7.03354
u0002120:i2106476,7.03354
u0002120:i2562232,7.03354
u0002120:i2637276,7.03354
u0002120:i2802144,7.03354
u0002146:i0458352,7.16056
u0002146:i1535438,7.16056
u0002146:i1598822,7.16056
u0002146:i1655441,7.16056
u0002146:i2726560,7.16056
u0002146:i2870648,7.16056
u0002146:i2935476,7.16056
u0002146:i3459906,7.16056
u0002174:i0369610,8.5991
u0002174:i1109624,8.5991
u0002174:i1196956,8.5991
u0002174:i1441953,8.5991
u0002174:i1692486,8.5991
u0002174:i1780798,8.5991
u0002174:i1823672,8.5991
u0002174:i2096673,8.5991
u0002174:i2245084,8.5991
u0002174:i2281159,8.5991
u0002174:i2319580,8.5991
u0002174:i2473602,8.5991
u0002174:i2509922,8.5991
u0002174:i2726560,8.5991
u0002174:i2752688,8.5991
u0002174:i2960930,8.5991
u0002174:i2980592,8.5991
u0002174:i3011894,8.5991
u0002174:i3442006,8.5991
u0002174:i3612616,8.5991
u0002208:i1392190,6.02908
u0002208:i2126355,6.40021
u0002208:i2994190,5.98255
u0002208:i3195644,6.14549
u0002223:i1185834,2.36769
u0002223:i1288558,5.44712
u0002223:i1872194,6.54918
u0002223:i2126355,6.42028
u0002223:i2424988,4.87985
u0002223:i2802144,6.23694
u0002223:i2872732,6.17611
u0002223:i2975578,5.069
u0002223:i3001638,6.08017
u0002223:i3195644,6.19586
u0002266:i0048347,6.37331
u0002266:i0064861,6.37331
u0002266:i0080641,6.37331
u0002266:i0081398,6.37331
u0002266:i0119675,6.37331
u0002266:i0266987,6.37331
u0002266:i0369610,6.37331
u0002266:i1060277,6.37331
u0002266:i1482459,6.37331
u0002266:i2980706,6.37331
u0002268:i0470752,7.73132
u0002268:i1617661,7.73132
u0002268:i2872732,7.73132
u0002268:i2911666,7.73132
u0002287:i1605717,7.35343
u0002287:i2179136,7.35343
u0002287:i2359024,7.35343
u0002287:i3265262,7.35343
u0002324:i0371746,7.60697
u0002324:i1046173,7.60697
u0002324:i1228705,7.60697
u0002324:i1300854,7.60697
u0002324:i1323594,7.60697
u0002324:i1392190,7.60697
u0002324:i1409024,7.60697
u0002324:i1535109,7.60697
u0002324:i1631867,7.60697
u0002324:i1647668,7.60697
u0002324:i1690953,7.60697
u0002324:i1800241,7.60697
u0002324:i1972571,7.60697
u0002324:i1980209,7.60697
u0002324:i2084970,7.60697
u0002324:i2126355,7.60697
u0002324:i2179136,7.60697
u0002324:i2267998,7.60697
u0002324:i2278388,7.60697
u0002324:i2338151,7.60697
u0002324:i2395427,7.60697
u0002324:i2397535,7.60697
u0002324:i2582802,7.60697
u0002324:i2713180,7.60697
u0002324:i2788710,7.60697
u0002324:i2802144,7.60697
u0002324:i2820852,7.60697
u0002324:i2872718,7.60697
u0002324:i2883512,7.60697
u0002324:i2908446,7.60697
u0002324:i2911666,7.60697
u0002324:i3061836,7.60697
u0002324:i3322940,7.60697
u0002325:i1291584,7.43514
u0002325:i1392190,7.43514
u0002325:i1655441,7.43514
u0002325:i1698641,7.43514
u0002325:i1809398,7.43514
u0002325:i1828970,7.43514
u0002325:i1872194,7.43514
u0002325:i2084970,7.43514
u0002325:i2179136,7.43514
u0002325:i2180411,7.43514
u0002325:i2194499,7.43514
u0002325:i2199571,7.43514
u0002325:i2238050,7.43514
u0002325:i2305051,7.43514
u0002325:i2446042,7.43514
u0002325:i2561572,7.43514
u0002325:i2614684,7.43514
u0002325:i2726560,7.43514
u0002325:i2788710,7.43514
u0002325:i2802144,7.43514
u0002325:i2908446,7.43514
u0002325:i2911666,7.43514
u0002325:i2917388,7.43514
u0002325:i2944198,7.43514
u0002325:i2980516,7.43514
u0002325:i3079380,7.43514
u0002325:i3177316,7.43514
u0002357:i2321549,7.89127
u0002357:i2582802,7.89127
u0002357:i2883512,7.89127
u0002387:i0081159,0
u0002387:i0087332,6.13819
u0002387:i0088763,3.8969
u0002387:i0096874,2.77603
u0002387:i0097428,6.26848
u0002387:i0099088,4.01676
u0002387:i0107048,5.39303
u0002387:i0116705,4.61519
u0002387:i0119528,5.33571
u0002387:i0120655,2.97295
u0002387:i0120888,5.87002
u0002387:i0175142,3.01688
u0002387:i0196229,5.814
u0002387:i0242423,3.99508
u0002387:i0245686,0
u0002387:i0257106,0
u0002387:i0307987,5.95652
u0002387:i0338348,3.58893
u0002387:i0369441,0
u0002387:i0377092,2.50755
u0002387:i0396269,4.81596
u0002387:i0403702,4.83931
u0002387:i0437863,0
u0002387:i0467406,5.8226
u0002387:i0489049,5.09589
u0002387:i0829482,3.97712
u0002387:i0848228,5.21069
u0002387:i0903624,4.31774
u0002387:i0910936,6.0551
u0002387:i1049413,4.47963
u0002387:i1092026,5.11732
u0002387:i1170358,5.00327
u0002387:i1232200,2.91382
u0002387:i1240982,3.17039
u0002387:i1245492,5.35778
u0002387:i1282140,5.12315
u0002387:i1392170,3.70814
u0002387:i1809398,6.26864
u0002387:i1881002,6.24052
u0002387:i1951264,4.68114
u0002387:i2015381,5.87795
u0002387:i2096673,6.27917
u0002387:i2273657,5.61814
u0002387:i2309260,6.2867
u0002387:i2310332,6.3221
u0002387:i2321549,6.67818
u0002387:i2561572,6.18821
u0002411:i0116231,1.90174
u0002411:i1951181,5.52501
u0002411:i2802144,6.24283
u0002453:i1065073,6.97865
u0002453:i1100089,6.97865
u0002453:i1809398,6.97865
u0002453:i2084970,6.97865
u0002453:i2278388,6.97865
u0002453:i2562232,6.97865
u0002461:i1126590,7.9557
u0002461:i1517260,7.9557
u0002461:i1638002,7.9557
u0002461:i2726560,7.9557
u0002461:i2980516,7.9557
u0002498:i0211915,6.37331
u0002498:i2180411,6.37331
u0002498:i2294449,6.37331
u0002507:i0095953,7.46901
u0002507:i0112697,7.46901
u0002507:i0119177,7.46901
u0002507:i0181865,7.46901
u0002507:i0246578,7.46901
u0002507:i0274812,7.46901
u0002507:i0317198,7.46901
u0002507:i0317248,7.46901
u0002507:i0364930,7.46901
u0002507:i0388795,7.46901
u0002507:i0405094,7.46901
u0002507:i0405159,7.46901
u0002507:i0449059,7.46901
u0002507:i0454921,7.46901
u0002507:i0454945,7.46901
u0002507:i1020072,7.46901
u0002507:i1175709,7.46901
u0002507:i1232776,7.46901
u0002507:i1568921,7.46901
u0002507:i1586752,7.46901
u0002507:i1806911,7.46901
u0002507:i2073029,7.46901
u0002507:i2239832,7.46901
u0002507:i2278388,7.46901
u0002507:i2396566,7.46901
u0002507:i2431286,7.46901
u0002507:i2545118,7.46901
u0002507:i2692904,7.46901
u0002507:i2870648,7.46901
u0002507:i2980516,7.46901
u0002507:i3013258,7.46901
u0002507:i3205376,7.46901
u0002507:i3235888,7.46901
u0002507:i3316960,7.46901
u0002507:i3655522,7.46901
u0002507:i4178092,7.46901
u0002511:i0015864,7.18496
u0002511:i0022100,7.18496
u0002511:i0078788,7.18496
u0002511:i0095327,7.18496
u0002511:i0101761,7.18496
u0002511:i0107048,7.18496
u0002511:i0363163,7.18496
u0002511:i0440963,7.18496
u0002511:i1028532,7.18496
u0002511:i1049413,7.18496
u0002511:i1065073,7.18496
u0002511:i1220719,7.18496
u0002511:i1318514,7.18496
u0002511:i1392190,7.18496
u0002511:i1504320,7.18496
u0002511:i2103281,7.18496
u0002511:i2562232,7.18496
u0002511:i2582802,7.18496
u0002511:i2713180,7.18496
u0002511:i2872718,7.18496
u0002511:i2884206,7.18496
u0002511:i3011894,7.18496
u0002528:i0088939,7.75657
u0002528:i0097351,7.75657
u0002528:i0470752,7.75657
u0002528:i1174042,7.75657
u0002528:i1392190,7.75657
u0002528:i1588170,7.75657
u0002528:i1900854,7.75657
u0002528:i1928340,7.75657
u0002528:i2870648,7.75657
u0002528:i3168230,7.75657
u0002532:i0369610,6.19928
u0002532:i1156398,6.09452
u0002532:i1392190,6.03417
u0002532:i2338151,6.16173
u0002532:i2395427,6.49901
u0002532:i2561572,6.21559
u0002532:i2637276,5.59359
u0002532:i2802144,6.24873
u0002532:i2848292,6.19845
u0002533:i0458339,5.77654
u0002533:i0800369,5.77401
u0002533:i1300854,5.71389
u0002533:i1843866,5.95444
u0002533:i1981115,5.84632
u0002533:i1981677,5.42538
u0002533:i2015381,5.91401
u0002533:i2322441,6.57513
u0002533:i2395427,6.50605
u0002533:i2820852,6.16565
u0002581:i0369610,7.30485
u0002581:i1340138,7.30485
u0002581:i1872880,7.30485
u0002581:i2395427,7.30485
u0002581:i2637276,7.30485
u0002581:i2707848,7.30485
u0002581:i2980516,7.30485
u0002581:i4329098,7.30485
u0002605:i0106519,4.59265
u0002605:i0108160,2.26145
u0002605:i0113277,5.35248
u0002605:i0114814,4.46464
u0002605:i0167404,4.93661
u0002605:i0175142,3.62025
u0002605:i0292506,4.72704
u0002605:i0338013,4.64024
u0002605:i0367959,5.45297
u0002605:i0425210,6.73016
u0002605:i0454848,4.73451
u0002605:i0758774,5.00593
u0002605:i0993846,5.54171
u0002605:i1034331,3.75198
u0002607:i0816692,7.63314
u0002607:i1959490,7.63314
u0002607:i2179136,7.63314
u0002607:i2180411,7.63314
u0002607:i2262227,7.63314
u0002607:i2446042,7.63314
u0002635:i1392190,7.10271
u0002635:i1398426,7.10271
u0002635:i1798684,7.10271
u0002635:i1823672,7.10271
u0002635:i2262227,7.10271
u0002650:i0458413,7.60697
u0002650:i1394383,7.60697
u0002650:i2084970,7.60697
u0002650:i2179136,7.60697
u0002650:i2562232,7.60697
u0002650:i2582802,7.60697
u0002650:i2883512,7.60697
u0002650:i2980516,7.60697
u0002683:i0038650,7.56219
u0002683:i0055928,7.56219
u0002683:i0087843,7.56219
u0002683:i0451079,7.56219
u0002683:i0470752,7.56219
u0002683:i0810772,7.56219
u0002683:i0816692,7.56219
u0002683:i0993846,7.56219
u0002683:i1355630,7.56219
u0002683:i1392190,7.56219
u0002683:i1528100,7.56219
u0002683:i1605717,7.56219
u0002683:i1661199,7.56219
u0002683:i1706620,7.56219
u0002683:i1714915,7.56219
u0002683:i1841642,7.56219
u0002683:i1924435,7.56219
u0002683:i1980929,7.56219
u0002683:i2084970,7.56219
u0002683:i2109248,7.56219
u0002683:i2245084,7.56219
u0002683:i2275946,7.56219
u0002683:i2278388,7.56219
u0002683:i2293640,7.56219
u0002683:i2322441,7.56219
u0002683:i2333784,7.56219
u0002683:i2339741,7.56219
u0002683:i2395427,7.56219
u0002683:i2458776,7.56219
u0002683:i2562232,7.56219
u0002683:i2582802,7.56219
u0002683:i2637276,7.56219
u0002683:i2713180,7.56219
u0002683:i2799166,7.56219
u0002683:i2802144,7.56219
u0002683:i2820852,7.56219
u0002683:i2923316,7.56219
u0002683:i3195644,7.56219
u0002701:i0478970,7.31892
u0002701:i2120120,7.31892
u0002701:i2395427,7.31892
u0002701:i2820852,7.31892
u0002713:i0365907,7.74611
u0002713:i0455944,7.74611
u0002713:i0458481,7.74611
u0002713:i0816692,7.74611
u0002713:i1100089,7.74611
u0002713:i1392190,7.74611
u0002713:i1600196,7.74611
u0002713:i1617661,7.74611
u0002713:i1631867,7.74611
u0002713:i1764651,7.74611
u0002713:i1972571,7.74611
u0002713:i1980929,7.74611
u0002713:i2015381,7.74611
u0002713:i2096672,7.74611
u0002713:i2106361,7.74611
u0002713:i2177771,7.74611
u0002713:i2267998,7.74611
u0002713:i2322441,7.74611
u0002713:i2395427,7.74611
u0002713:i2397535,7.74611
u0002713:i2562232,7.74611
u0002713:i2582802,7.74611
u0002713:i2582846,7.74611
u0002713:i2788710,7.74611
u0002713:i2872718,7.74611
u0002713:i2911666,7.74611
u0002713:i3007512,7.74611
u0002740:i1100089,6.49827
u0002740:i1655442,5.87044
u0002740:i1823672,6.46004
u0002740:i2278388,6.08816
u0002740:i2562232,6.48298
u0002740:i2582802,6.48864
u0002740:i2718492,6.62349
u0002740:i2980516,6.51942
u0002742:i0369610,7.98752
u0002742:i0470752,7.98752
u0002742:i0478970,7.98752
u0002742:i0884732,7.98752
u0002742:i1020072,7.98752
u0002742:i1029360,7.98752
u0002742:i1065073,7.98752
u0002742:i1340138,7.98752
u0002742:i1392190,7.98752
u0002742:i1502712,7.98752
u0002742:i1617661,7.98752
u0002742:i1661199,7.98752
u0002742:i1674771,7.98752
u0002742:i1791528,7.98752
u0002742:i1798684,7.98752
u0002742:i1853728,7.98752
u0002742:i1964418,7.98752
u0002742:i2096673,7.98752
u0002742:i2126355,7.98752
u0002742:i2179136,7.98752
u0002742:i2180411,7.98752
u0002742:i2224026,7.98752
u0002742:i2279373,7.98752
u0002742:i2293640,7.98752
u0002742:i2322441,7.98752
u0002742:i2381249,7.98752
u0002742:i2381941,7.98752
u0002742:i2395427,7.98752
u0002742:i2404425,7.98752
u0002742:i2446042,7.98752
u0002742:i2637276,7.98752
u0002742:i2802144,7.98752
u0002742:i2820852,7.98752
u0002742:i2848292,7.98752
u0002742:i2872750,7.98752
u0002742:i2911666,7.98752
u0002742:i3064298,7.98752
u0002742:i3079380,7.98752
u0002742:i3149038,7.98752
u0002742:i3195644,7.98752
u0002742:i3235888,7.98752
u0002742:i3713166,7.98752
u0002748:i0083658,7.74222
u0002748:i0088247,7.74222
u0002748:i0369610,7.74222
u0002748:i0470752,7.74222
u0002748:i0478970,7.74222
u0002748:i0829150,7.74222
u0002748:i1014763,7.74222
u0002748:i1029360,7.74222
u0002748:i1340138,7.74222
u0002748:i1392190,7.74222
u0002748:i1398426,7.74222
u0002748:i1440292,7.74222
u0002748:i1524930,7.74222
u0002748:i1611224,7.74222
u0002748:i1617661,7.74222
u0002748:i1638355,7.74222
u0002748:i1661199,7.74222
u0002748:i1674771,7.74222
u0002748:i1791528,7.74222
u0002748:i1798709,7.74222
u0002748:i1823672,7.74222
u0002748:i1840309,7.74222
u0002748:i1922777,7.74222
u0002748:i1964418,7.74222
u0002748:i2039393,7.74222
u0002748:i2120120,7.74222
u0002748:i2126355,7.74222
u0002748:i2145829,7.74222
u0002748:i2179136,7.74222
u0002748:i2293640,7.74222
u0002748:i2305051,7.74222
u0002748:i2358925,7.74222
u0002748:i2366608,7.74222
u0002748:i2381249,7.74222
u0002748:i2381941,7.74222
u0002748:i2395427,7.74222
u0002748:i2397535,7.74222
u0002748:i2479800,7.74222
u0002748:i2561572,7.74222
u0002748:i2567712,7.74222
u0002748:i2582496,7.74222
u0002748:i2582802,7.74222
u0002748:i2752772,7.74222
u0002748:i2771372,7.74222
u0002748:i2784678,7.74222
u0002748:i2788710,7.74222
u0002748:i2802144,7.74222
u0002748:i2820852,7.74222
u0002748:i3009070,7.74222
u0002748:i3079380,7.74222
u0002748:i3235888,7.74222
u0002748:i3605418,7.74222
u0002748:i3713166,7.74222
u0002748:i4178092,7.74222
u0002753:i0362227,7.59005
u0002753:i0369610,7.59005
u0002753:i1340138,7.59005
u0002753:i1638355,7.59005
u0002753:i1731701,7.59005
u0002753:i1798684,7.59005
u0002753:i1809398,7.59005
u0002753:i1823672,7.59005
u0002753:i1850397,7.59005
u0002753:i2039393,7.59005
u0002753:i2084970,7.59005
u0002753:i2120120,7.59005
u0002753:i2126355,7.59005
u0002753:i2199571,7.59005
u0002753:i2381249,7.59005
u0002753:i2381941,7.59005
u0002753:i2393845,7.59005
u0002753:i2401097,7.59005
u0002753:i2582802,7.59005
u0002753:i2908446,7.59005
u0002753:i2917388,7.59005
u0002753:i2938956,7.59005
u0002753:i2944198,7.59005
u0002753:i3247714,7.59005
u0002753:i3450650,7.59005
u0002753:i3488328,7.59005
u0002768:i1020072,6.45099
u0002768:i1100089,6.45099
u0002768:i1798684,6.45099
u0002768:i1964418,6.45099
u0002768:i2179136,6.45099
u0002768:i2238050,6.45099
u0002768:i2388715,6.45099
u0002768:i2397535,6.45099
u0002768:i2446042,6.45099
u0002768:i2582802,6.45099
u0002768:i2637276,6.45099
u0002768:i2870648,6.45099
u0002768:i3181822,6.45099
u0002768:i3253930,6.45099
u0002769:i0037101,6.29615
u0002769:i0047697,6.29615
u0002769:i0048790,6.29615
u0002769:i0049224,6.29615
u0002769:i0049476,6.29615
u0002769:i0062232,6.29615
u0002769:i0062473,6.29615
u0002769:i0062760,6.29615
u0002769:i0064796,6.29615
u0002769:i0065080,6.29615
u0002769:i0065451,6.29615
u0002769:i0065895,6.29615
u0002769:i0066450,6.29615
u0002769:i0067142,6.29615
u0002769:i0067224,6.29615
u0002769:i0068233,6.29615
u0002769:i0068356,6.29615
u0002769:i0069121,6.29615
u0002769:i0069219,6.29615
u0002769:i0069220,6.29615
u0002769:i0070077,6.29615
u0002769:i0070244,6.29615
u0002769:i0070245,6.29615
u0002769:i0070246,6.29615
u0002769:i0070895,6.29615
u0002769:i0071663,6.29615
u0002769:i0072699,6.29615
u0002769:i0072973,6.29615
u0002769:i0073131,6.29615
u0002769:i0073327,6.29615
u0002769:i0074564,6.29615
u0002769:i0074586,6.29615
u0002769:i0075677,6.29615
u0002769:i0076776,6.29615
u0002769:i0077234,6.29615
u0002769:i0077275,6.29615
u0002769:i0077549,6.29615
u0002769:i0077696,6.29615
u0002769:i0078405,6.29615
u0002769:i0079250,6.29615
u0002769:i0079668,6.29615
u0002769:i0080365,6.29615
u0002769:i0081259,6.29615
u0002769:i0081764,6.29615
u0002769:i0082399,6.29615
u0002769:i0082869,6.29615
u0002769:i0083024,6.29615
u0002769:i0083611,6.29615
u0002769:i0083734,6.29615
u0002769:i0084684,6.29615
u0002769:i0085473,6.29615
u0002769:i0085725,6.29615
u0002769:i0085755,6.29615
u0002769:i0085900,6.29615
u0002769:i0085983,6.29615
u0002769:i0086320,6.29615
u0002769:i0086636,6.29615
u0002769:i0088708,6.29615
u0002769:i0088818,6.29615
u0002769:i0089243,6.29615
u0002769:i0090659,6.29615
u0002769:i0090753,6.29615
u0002769:i0091164,6.29615
u0002769:i0091982,6.29615
u0002769:i0092206,6.29615
u0002769:i0093164,6.29615
u0002769:i0093347,6.29615
u0002769:i0093409,6.29615
u0002769:i0095348,6.29615
u0002769:i0096875,6.29615
u0002769:i0097539,6.29615
u0002769:i0097613,6.29615
u0002769:i0097733,6.29615
u0002769:i0097880,6.29615
u0002769:i0098026,6.29615
u0002769:i0098415,6.29615
u0002769:i0099809,6.29615
u0002769:i0100428,6.29615
u0002769:i0100602,6.29615
u0002769:i0102266,6.29615
u0002769:i0103743,6.29615
u0002769:i0104087,6.29615
u0002769:i0105212,6.29615
u0002769:i0105399,6.29615
u0002769:i0105459,6.29615
u0002769:i0105636,6.29615
u0002769:i0106714,6.29615
u0002769:i0107917,6.29615
u0002769:i0110117,6.29615
u0002769:i0110308,6.29615
u0002769:i0112980,6.29615
u0002769:i0113999,6.29615
u0002769:i0114448,6.29615
u0002769:i0114783,6.29615
u0002769:i0115956,6.29615
u0002769:i0117003,6.29615
u0002769:i0117762,6.29615
u0002769:i0118745,6.29615
u0002769:i0118747,6.29615
u0002769:i0119783,6.29615
u0002769:i0123948,6.29615
u0002769:i0126016,6.29615
u0002769:i0129992,6.29615
u0002769:i0134821,6.29615
u0002769:i0144546,6.29615
u0002769:i0158489,6.29615
u0002769:i0159382,6.29615
u0002769:i0164750,6.29615
u0002769:i0168504,6.29615
u0002769:i0169929,6.29615
u0002769:i0175772,6.29615
u0002769:i0188083,6.29615
u0002769:i0190060,6.29615
u0002769:i0199748,6.29615
u0002769:i0202604,6.29615
u0002769:i0203835,6.29615
u0002769:i0206314,6.29615
u0002769:i0216750,6.29615
u0002769:i0220635,6.29615
u0002769:i0225828,6.29615
u0002769:i0226018,6.29615
u0002769:i0246071,6.29615
u0002769:i0265198,6.29615
u0002769:i0267622,6.29615
u0002769:i0287648,6.29615
u0002769:i0288276,6.29615
u0002769:i0295357,6.29615
u0002769:i0297231,6.29615
u0002769:i0304120,6.29615
u0002769:i0312958,6.29615
u0002769:i0326036,6.29615
u0002769:i0328049,6.29615
u0002769:i0360323,6.29615
u0002769:i0374345,6.29615
u0002769:i0376196,6.29615
u0002769:i0389557,6.29615
u0002769:i0404318,6.29615
u0002769:i0415778,6.29615
u0002769:i0416499,6.29615
u0002769:i0443473,6.29615
u0002769:i0460484,6.29615
u0002769:i0475517,6.29615
u0002769:i0484360,6.29615
u0002769:i0488762,6.29615
u0002769:i0496385,6.29615
u0002769:i0813549,6.29615
u0002769:i0856052,6.29615
u0002769:i0896927,6.29615
u0002769:i0910905,6.29615
u0002769:i0918561,6.29615
u0002769:i0959306,6.29615
u0002769:i1013860,6.29615
u0002769:i1014763,6.29615
u0002769:i1172994,6.29615
u0002769:i1216491,6.29615
u0002769:i1236242,6.29615
u0002769:i1285240,6.29615
u0002769:i1322315,6.29615
u0002769:i1345525,6.29615
u0002769:i1392190,6.29615
u0002769:i1426352,6.29615
u0002769:i1517239,6.29615
u0002769:i1521237,6.29615
u0002769:i1613028,6.29615
u0002769:i1629377,6.29615
u0002769:i1641841,6.29615
u0002769:i1791528,6.29615
u0002769:i1798684,6.29615
u0002769:i1820762,6.29615
u0002769:i1821700,6.29615
u0002769:i1825955,6.29615
u0002769:i1829012,6.29615
u0002769:i1881002,6.29615
u0002769:i1895420,6.29615
u0002769:i1942825,6.29615
u0002769:i1945084,6.29615
u0002769:i1964665,6.29615
u0002769:i2015381,6.29615
u0002769:i2048865,6.29615
u0002769:i2113636,6.29615
u0002769:i2173024,6.29615
u0002769:i2194826,6.29615
u0002769:i2199571,6.29615
u0002769:i2231253,6.29615
u0002769:i2252552,6.29615
u0002769:i2261331,6.29615
u0002769:i2323565,6.29615
u0002769:i2342301,6.29615
u0002769:i2369127,6.29615
u0002769:i2379715,6.29615
u0002769:i2395427,6.29615
u0002769:i2402101,6.29615
u0002769:i2424538,6.29615
u0002769:i2446042,6.29615
u0002769:i2494280,6.29615
u0002769:i2515034,6.29615
u0002769:i2717822,6.29615
u0002769:i2718442,6.29615
u0002769:i2733258,6.29615
u0002769:i2769184,6.29615
u0002769:i2802144,6.29615
u0002769:i2820852,6.29615
u0002769:i2911666,6.29615
u0002769:i2923316,6.29615
u0002769:i2926238,6.29615
u0002769:i2935564,6.29615
u0002769:i2948606,6.29615
u0002769:i2952602,6.29615
u0002769:i2980592,6.29615
u0002769:i3079380,6.29615
u0002769:i3108158,6.29615
u0002769:i3120960,6.29615
u0002769:i3121442,6.29615
u0002769:i3150574,6.29615
u0002769:i3230082,6.29615
u0002769:i3230608,6.29615
u0002769:i3247714,6.29615
u0002769:i3303728,6.29615
u0002769:i3323638,6.29615
u0002769:i3379456,6.29615
u0002769:i3402110,6.29615
u0002769:i3416742,6.29615
u0002769:i3447364,6.29615
u0002769:i3469592,6.29615
u0002769:i3472226,6.29615
u0002769:i3480796,6.29615
u0002769:i3488328,6.29615
u0002769:i3503840,6.29615
u0002769:i3520418,6.29615
u0002769:i3540136,6.29615
u0002769:i3625152,6.29615
u0002769:i3646722,6.29615
u0002769:i3672840,6.29615
u0002769:i3696126,6.29615
u0002769:i3848892,6.29615
u0002769:i3949630,6.29615
u0002769:i3950078,6.29615
u0002769:i3953834,6.29615
u0002769:i4034380,6.29615
u0002769:i4034414,6.29615
u0002769:i4156924,6.29615
u0002769:i4310772,6.29615
u0002782:i0117802,5.93288
u0002782:i0172493,4.2682
u0002782:i0369610,6.20603
u0002782:i0390022,6.30726
u0002782:i0470752,6.37768
u0002782:i0478970,5.92507
u0002782:i0480271,0
u0002782:i0884732,6.17107
u0002782:i1014763,5.75113
u0002782:i1121096,6.45619
u0002782:i1196948,5.2298
u0002782:i1267297,5.42086
u0002782:i1361318,6.79
u0002782:i1392190,6.03927
u0002782:i1483013,4.91161
u0002782:i1502712,6.0182
u0002782:i1621045,5.49192
u0002782:i1626146,6.25106
u0002782:i1661199,6.31497
u0002782:i1674771,6.1499
u0002782:i1798684,5.72374
u0002782:i1826590,5.90532
u0002782:i1911644,4.77764
u0002782:i1980929,5.99324
u0002782:i2199571,5.95311
u0002782:i2267998,5.97615
u0002782:i2318092,6.41135
u0002782:i2321549,6.7343
u0002782:i2322441,6.59713
u0002782:i2381249,6.11403
u0002782:i2381941,6.33196
u0002782:i2393845,6.34838
u0002782:i2395427,6.5131
u0002782:i2436386,6.4893
u0002782:i2637276,5.61569
u0002782:i2637294,6.53141
u0002782:i2752772,6.18848
u0002782:i2911666,6.63375
u0002782:i2980592,6.27444
u0002782:i3064298,6.58416
u0002782:i3195644,6.24665
u0002782:i3235888,6.64906
u0002782:i3605418,5.80682
u0002782:i4178092,5.72207
u0002825:i0112864,7.61806
u0002825:i1109624,7.61806
u0002825:i1790864,7.61806
u0002825:i2395427,7.61806
u0002829:i0241527,7.92598
u0002829:i0295297,7.92598
u0002829:i0304141,7.92598
u0002829:i0330373,7.92598
u0002829:i0373889,7.92598
u0002829:i0417741,7.92598
u0002829:i0478970,7.92598
u0002829:i0926084,7.92598
u0002829:i1201607,7.92598
u0002829:i1307068,7.92598
u0002829:i1398426,7.92598
u0002829:i1524930,7.92598
u0002829:i2120120,7.92598
u0002829:i2395427,7.92598
u0002829:i2802144,7.92598
u0002829:i2820852,7.92598
u0002829:i2883512,7.92598
u0002829:i3316948,7.92598
u0002840:i0369610,6.21278
u0002840:i2084970,6.29451
u0002840:i2179136,6.55999
u0002840:i2552296,4.79291
u0002840:i2788710,6.39089
u0002840:i2980516,6.52811
u0002840:i3079380,5.90594
u0002870:i0114814,6.09309
u0002870:i0268978,6.09309
u0002870:i0825232,6.09309
u0002870:i2084970,6.09309
u0002870:i2562232,6.09309
u0002870:i2980516,6.09309
u0002908:i0407887,8.15318
u0002908:i0478970,8.15318
u0002908:i0853246,8.15318
u0002908:i1065073,8.15318
u0002908:i1259521,8.15318
u0002908:i1266029,8.15318
u0002908:i1657510,8.15318
u0002908:i1691452,8.15318
u0002908:i2179136,8.15318
u0002908:i2224026,8.15318
u0002908:i2562232,8.15318
u0002908:i2980516,8.15318
u0002908:i3983266,8.15318
u0002920:i0368909,7.60697
u0002920:i0785035,7.60697
u0002920:i0816692,7.60697
u0002920:i1502712,7.60697
u0002920:i2179136,7.60697
u0002920:i2381249,7.60697
u0002920:i2446042,7.60697
u0002920:i2562232,7.60697
u0002920:i2713180,7.60697
u0002920:i2802144,7.60697
u0002920:i2820852,7.60697
u0002971:i0100157,7.82397
u0002971:i0168629,7.82397
u0002971:i0310775,7.82397
u0002971:i0369610,7.82397
u0002971:i0408664,7.82397
u0002971:i0829150,7.82397
u0002971:i1100089,7.82397
u0002971:i1126590,7.82397
u0002971:i1392190,7.82397
u0002971:i1528100,7.82397
u0002971:i1798684,7.82397
u0002971:i1881002,7.82397
u0002971:i1964418,7.82397
u0002971:i2084970,7.82397
u0002971:i2170439,7.82397
u0002971:i2203939,7.82397
u0002971:i2267998,7.82397
u0002971:i2305051,7.82397
u0002971:i2310332,7.82397
u0002971:i2467046,7.82397
u0002971:i2562232,7.82397
u0002971:i2714900,7.82397
u0002971:i2720680,7.82397
u0002971:i2788716,7.82397
u0002971:i2802144,7.82397
u0002971:i2844798,7.82397
u0002971:i2848292,7.82397
u0002971:i2935476,7.82397
u0002971:i2980516,7.82397
u0002971:i3316960,7.82397
u0002971:i3986532,7.82397
u0002984:i1675434,6.37331
u0002984:i2368635,6.37331
u0002984:i2480454,6.37331
u0002984:i2872732,6.37331
u0002984:i3877674,6.37331
u0002987:i0245429,7.85614
u0002987:i0470752,7.85614
u0002987:i1020072,7.85614
u0002987:i1100089,7.85614
u0002987:i1216491,7.85614
u0002987:i1823672,7.85614
u0002987:i2170593,7.85614
u0002987:i2310332,7.85614
u0002987:i2326554,7.85614
u0002987:i2473602,7.85614
u0002987:i2473794,7.85614
u0002987:i2614684,7.85614
u0002987:i2713180,7.85614
u0002987:i2726560,7.85614
u0002987:i2802144,7.85614
u0002987:i2872718,7.85614
u0002987:i2911666,7.85614
u0002987:i2937898,7.85614
u0002987:i3011894,7.85614
u0002987:i3235888,7.85614
u0002987:i4044364,7.85614
u0002996:i0378793,6.99799
u0002996:i1020072,6.99799
u0002996:i1126590,6.99799
u0002996:i1340138,6.99799
u0002996:i1667905,6.99799
u0002996:i1726592,6.99799
u0002996:i1791528,6.99799
u0002996:i2084970,6.99799
u0002996:i2112337,6.99799
u0002996:i2179136,6.99799
u0002996:i2180411,6.99799
u0002996:i2310332,6.99799
u0002996:i2350496,6.99799
u0002996:i2357461,6.99799
u0002996:i2452254,6.99799
u0002996:i2582802,6.99799
u0002996:i2866360,6.99799
u0002996:i3110960,6.99799
u0002996:i3316960,6.99799
u0003014:i1666801,5.42872
u0003014:i2723180,0
u0003014:i3279176,5.61927
u0003017:i0816692,7.74526
u0003017:i1631867,7.74526
u0003017:i1790864,7.74526
u0003017:i2103281,7.74526
u0003017:i2209764,7.74526
u0003017:i2397535,7.74526
u0003017:i2582802,7.74526
u0003024:i0049314,7.50908
u0003024:i0088847,7.50908
u0003024:i0292963,7.50908
u0003024:i0457430,7.50908
u0003024:i0470752,7.50908
u0003024:i0910554,7.50908
u0003024:i1131729,7.50908
u0003024:i1355630,7.50908
u0003024:i1371111,7.50908
u0003024:i1563738,7.50908
u0003024:i1956620,7.50908
u0003024:i2140619,7.50908
u0003024:i2267998,7.50908
u0003024:i2278388,7.50908
u0003024:i2305051,7.50908
u0003024:i3007512,7.50908
u0003024:i3079380,7.50908
u0003024:i3149038,7.50908
u0003024:i3169706,7.50908
u0003024:i3181822,7.50908
u0003024:i3270108,7.50908
u0003024:i4442130,7.50908
u0003034:i0042876,7.92598
u0003034:i0080661,7.92598
u0003034:i0093191,7.92598
u0003034:i0099487,7.92598
u0003034:i0106307,7.92598
u0003034:i0107211,7.92598
u0003034:i0109830,7.92598
u0003034:i0110912,7.92598
u0003034:i0137523,7.92598
u0003034:i0325980,7.92598
u0003034:i0363988,7.92598
u0003034:i0367594,7.92598
u0003034:i0421715,7.92598
u0003034:i0460745,7.92598
u0003034:i0470752,7.92598
u0003034:i0482571,7.92598
u0003034:i0816692,7.92598
u0003034:i0947798,7.92598
u0003034:i1210819,7.92598
u0003034:i1232829,7.92598
u0003034:i1345836,7.92598
u0003034:i1375666,7.92598
u0003034:i1924396,7.92598
u0003034:i2024469,7.92598
u0003034:i2267998,7.92598
u0003034:i2278388,7.92598
u0003034:i2562232,7.92598
u0003034:i2884206,7.92598
u0003034:i2994190,7.92598
u0003039:i1661199,7.93525
u0003039:i2802144,7.93525
u0003039:i3007512,7.93525
u0003042:i0025316,7.91025
u0003042:i0033045,7.91025
u0003042:i0034583,7.91025
u0003042:i0041959,7.91025
u0003042:i0046250,7.91025
u0003042:i0047396,7.91025
u0003042:i0047437,7.91025
u0003042:i0048545,7.91025
u0003042:i0054698,7.91025
u0003042:i0059742,7.91025
u0003042:i0061418,7.91025
u0003042:i0062229,7.91025
u0003042:i0064040,7.91025
u0003042:i0064115,7.91025
u0003042:i0065531,7.91025
u0003042:i0065571,7.91025
u0003042:i0070735,7.91025
u0003042:i0071315,7.91025
u0003042:i0072684,7.91025
u0003042:i0075148,7.91025
u0003042:i0078788,7.91025
u0003042:i0081398,7.91025
u0003042:i0092005,7.91025
u0003042:i0094226,7.91025
u0003042:i0094737,7.91025
u0003042:i0096283,7.91025
u0003042:i0102536,7.91025
u0003042:i0107048,7.91025
u0003042:i0107207,7.91025
u0003042:i0108399,7.91025
u0003042:i0110322,7.91025
u0003042:i0112471,7.91025
u0003042:i0112641,7.91025
u0003042:i0113247,7.91025
u0003042:i0114746,7.91025
u0003042:i0117631,7.91025
u0003042:i0117951,7.91025
u0003042:i0119217,7.91025
u0003042:i0119488,7.91025
u0003042:i0119822,7.91025
u0003042:i0120382,7.91025
u0003042:i0120735,7.91025
u0003042:i0132477,7.91025
u0003042:i0144201,7.91025
u0003042:i0146882,7.91025
u0003042:i0167404,7.91025
u0003042:i0168629,7.91025
u0003042:i0169547,7.91025
u0003042:i0203009,7.91025
u0003042:i0206634,7.91025
u0003042:i0208092,7.91025
u0003042:i0245429,7.91025
u0003042:i0245712,7.91025
u0003042:i0250258,7.91025
u0003042:i0257044,7.91025
u0003042:i0268126,7.91025
u0003042:i0268978,7.91025
u0003042:i0293715,7.91025
u0003042:i0308644,7.91025
u0003042:i0309698,7.91025
u0003042:i0338751,7.91025
u0003042:i0363163,7.91025
u0003042:i0381681,7.91025
u0003042:i0386064,7.91025
u0003042:i0411270,7.91025
u0003042:i0414387,7.91025
u0003042:i0419887,7.91025
u0003042:i0425210,7.91025
u0003042:i0428870,7.91025
u0003042:i0443272,7.91025
u0003042:i0443680,7.91025
u0003042:i0452623,7.91025
u0003042:i0454876,7.91025
u0003042:i0454921,7.91025
u0003042:i0494271,7.91025
u0003042:i0765443,7.91025
u0003042:i0780536,7.91025
u0003042:i0783233,7.91025
u0003042:i0816692,7.91025
u0003042:i0887883,7.91025
u0003042:i0887912,7.91025
u0003042:i0947798,7.91025
u0003042:i0964517,7.91025
u0003042:i0970179,7.91025
u0003042:i1103275,7.91025
u0003042:i1126590,7.91025
u0003042:i1152836,7.91025
u0003042:i1185836,7.91025
u0003042:i1190539,7.91025
u0003042:i1193138,7.91025
u0003042:i1276419,7.91025
u0003042:i1305806,7.91025
u0003042:i1392190,7.91025
u0003042:i1393746,7.91025
u0003042:i1403865,7.91025
u0003042:i1439572,7.91025
u0003042:i1441953,7.91025
u0003042:i1458175,7.91025
u0003042:i1462758,7.91025
u0003042:i1491044,7.91025
u0003042:i1504320,7.91025
u0003042:i1563738,7.91025
u0003042:i1568346,7.91025
u0003042:i1614989,7.91025
u0003042:i1638002,7.91025
u0003042:i1661199,7.91025
u0003042:i1670345,7.91025
u0003042:i1748122,7.91025
u0003042:i1781769,7.91025
u0003042:i1821480,7.91025
u0003042:i1855199,7.91025
u0003042:i1931533,7.91025
u0003042:i1954701,7.91025
u0003042:i2042568,7.91025
u0003042:i2071550,7.91025
u0003042:i2084970,7.91025
u0003042:i2209418,7.91025
u0003042:i2245084,7.91025
u0003042:i2321549,7.91025
u0003042:i2331143,7.91025
u0003042:i2562232,7.91025
u0003042:i2802144,7.91025
u0003042:i2905838,7.91025
u0003042:i2911666,7.91025
u0003042:i3042408,7.91025
u0003042:i3316960,7.91025
u0003042:i3322940,7.91025
u0003042:i3390572,7.91025
u0003047:i0369610,7.49363
u0003047:i1216520,7.49363
u0003047:i1598642,7.49363
u0003047:i2096673,7.49363
u0003047:i2140379,7.49363
u0003047:i2561572,7.49363
u0003047:i2669336,7.49363
u0003047:i2918436,7.49363
u0003047:i3079016,7.49363
u0003047:i3195644,7.49363
u0003047:i3235888,7.49363
u0003047:i3297330,7.49363
u0003047:i4202506,7.49363
u0003060:i0118715,5.76977
u0003060:i0384793,2.30394
u0003060:i0816692,5.71866
u0003060:i0884732,6.20893
u0003060:i1258197,3.60939
u0003060:i1872194,6.56965
u0003060:i2039393,6.24764
u0003060:i2199571,5.97437
u0003060:i2381941,6.34347
u0003060:i2515034,5.92846
u0003060:i2802144,6.25463
u0003060:i3203616,5.87497
u0003066:i0010323,7.76258
u0003066:i0013442,7.76258
u0003066:i0017136,7.76258
u0003066:i0046911,7.76258
u0003066:i0055018,7.76258
u0003066:i0059646,7.76258
u0003066:i0061722,7.76258
u0003066:i0061852,7.76258
u0003066:i0063522,7.76258
u0003066:i0064276,7.76258
u0003066:i0071408,7.76258
u0003066:i0073812,7.76258
u0003066:i0078788,7.76258
u0003066:i0079501,7.76258
u0003066:i0080491,7.76258
u0003066:i0081184,7.76258
u0003066:i0082694,7.76258
u0003066:i0083866,7.76258
u0003066:i0089530,7.76258
u0003066:i0091223,7.76258
u0003066:i0093220,7.76258
u0003066:i0093605,7.76258
u0003066:i0097527,7.76258
u0003066:i0097814,7.76258
u0003066:i0098213,7.76258
u0003066:i0098354,7.76258
u0003066:i0098503,7.76258
u0003066:i0099329,7.76258
u0003066:i0099871,7.76258
u0003066:i0103874,7.76258
u0003066:i0107614,7.76258
u0003066:i0111282,7.76258
u0003066:i0115751,7.76258
u0003066:i0116367,7.76258
u0003066:i0118884,7.76258
u0003066:i0119396,7.76258
u0003066:i0119488,7.76258
u0003066:i0119698,7.76258
u0003066:i0120586,7.76258
u0003066:i0123755,7.76258
u0003066:i0134067,7.76258
u0003066:i0137523,7.76258
u0003066:i0166924,7.76258
u0003066:i0167404,7.76258
u0003066:i0168629,7.76258
u0003066:i0180093,7.76258
u0003066:i0181875,7.76258
u0003066:i0190332,7.76258
u0003066:i0213203,7.76258
u0003066:i0217869,7.76258
u0003066:i0243655,7.76258
u0003066:i0256009,7.76258
u0003066:i0265632,7.76258
u0003066:i0286106,7.76258
u0003066:i0312843,7.76258
u0003066:i0314166,7.76258
u0003066:i0315983,7.76258
u0003066:i0361862,7.76258
u0003066:i0362120,7.76258
u0003066:i0363226,7.76258
u0003066:i0365748,7.76258
u0003066:i0369610,7.76258
u0003066:i0370986,7.76258
u0003066:i0427312,7.76258
u0003066:i0443489,7.76258
u0003066:i0452702,7.76258
u0003066:i0486358,7.76258
u0003066:i0497137,7.76258
u0003066:i0758742,7.76258
u0003066:i0762073,7.76258
u0003066:i0799954,7.76258
u0003066:i0810827,7.76258
u0003066:i0876563,7.76258
u0003066:i0898367,7.76258
u0003066:i0945513,7.76258
u0003066:i1020530,7.76258
u0003066:i1020558,7.76258
u0003066:i1038988,7.76258
u0003066:i1069238,7.76258
u0003066:i1149362,7.76258
u0003066:i1179031,7.76258
u0003066:i1213663,7.76258
u0003066:i1229340,7.76258
u0003066:i1242460,7.76258
u0003066:i1245112,7.76258
u0003066:i1323605,7.76258
u0003066:i1370889,7.76258
u0003066:i1392190,7.76258
u0003066:i1407052,7.76258
u0003066:i1436045,7.76258
u0003066:i1457765,7.76258
u0003066:i1478338,7.76258
u0003066:i1572315,7.76258
u0003066:i1602620,7.76258
u0003066:i1612774,7.76258
u0003066:i1649444,7.76258
u0003066:i1658837,7.76258
u0003066:i1682180,7.76258
u0003066:i1726669,7.76258
u0003066:i1727388,7.76258
u0003066:i1728978,7.76258
u0003066:i1735485,7.76258
u0003066:i1790834,7.76258
u0003066:i1830903,7.76258
u0003066:i1833844,7.76258
u0003066:i1915581,7.76258
u0003066:i1964773,7.76258
u0003066:i2004432,7.76258
u0003066:i2011276,7.76258
u0003066:i2109184,7.76258
u0003066:i2125608,7.76258
u0003066:i2180411,7.76258
u0003066:i2279373,7.76258
u0003066:i2326554,7.76258
u0003066:i2359024,7.76258
u0003066:i2381335,7.76258
u0003066:i2395427,7.76258
u0003066:i2404463,7.76258
u0003066:i2473682,7.76258
u0003066:i2545118,7.76258
u0003066:i2560102,7.76258
u0003066:i2623502,7.76258
u0003066:i2692904,7.76258
u0003066:i2832470,7.76258
u0003066:i2926810,7.76258
u0003066:i2960930,7.76258
u0003066:i2975578,7.76258
u0003066:i2977672,7.76258
u0003066:i3011894,7.76258
u0003066:i3097204,7.76258
u0003066:i3177316,7.76258
u0003066:i3195644,7.76258
u0003066:i3235888,7.76258
u0003066:i3265262,7.76258
u0003066:i3395184,7.76258
u0003066:i3504048,7.76258
u0003066:i3630276,7.76258
u0003066:i3713166,7.76258
u0003070:i0363589,7.09895
u0003070:i1426374,7.09895
u0003070:i2305051,7.09895
u0003070:i2404425,7.09895
u0003070:i2582802,7.09895
u0003070:i2822742,7.09895
u0003070:i2980516,7.09895
u0003070:i2991224,7.09895
u0003070:i3086442,7.09895
u0003070:i3399024,7.09895
u0003070:i4126304,7.09895
u0003070:i4663992,7.09895
u0003075:i0332280,7.67
u0003075:i0816692,7.67
u0003075:i1980929,7.67
u0003079:i2966934,3.58244
u0003079:i2980516,6.53681
u0003079:i3316960,6.20205
u0003080:i0332280,7.50908
u0003080:i0362227,7.50908
u0003080:i0816692,7.50908
u0003080:i1392190,7.50908
u0003080:i1433811,7.50908
u0003080:i1637725,7.50908
u0003080:i2994190,7.50908
u0003117:i0354899,7.67
u0003117:i0404032,7.67
u0003117:i0418455,7.67
u0003117:i1126590,7.67
u0003117:i1758692,7.67
u0003117:i1791528,7.67
u0003117:i1981107,7.67
u0003117:i2179136,7.67
u0003117:i2304426,7.67
u0003117:i2562232,7.67
u0003117:i2582802,7.67
u0003117:i2637276,7.67
u0003117:i2756032,7.67
u0003117:i2870708,7.67
u0003117:i2872718,7.67
u0003117:i2884206,7.67
u0003117:i2908446,7.67
u0003117:i2980516,7.67
u0003117:i3316960,7.67
u0003117:i3322940,7.67
u0003119:i0478970,7.60697
u0003119:i1340138,7.60697
u0003119:i1392190,7.60697
u0003119:i2179136,7.60697
u0003119:i2911666,7.60697
u0003182:i0455944,7.30546
u0003182:i0470752,7.30546
u0003182:i0478134,7.30546
u0003182:i0816692,7.30546
u0003182:i1152836,7.30546
u0003182:i1234721,7.30546
u0003182:i1371111,7.30546
u0003182:i1392190,7.30546
u0003182:i1392214,7.30546
u0003182:i1486192,7.30546
u0003182:i1531901,7.30546
u0003182:i1931533,7.30546
u0003182:i1951265,7.30546
u0003182:i1979320,7.30546
u0003182:i2084970,7.30546
u0003182:i2562232,7.30546
u0003182:i2614684,7.30546
u0003182:i2802144,7.30546
u0003208:i0455944,7.45651
u0003208:i1205537,7.45651
u0003208:i1764234,7.45651
u0003208:i2713180,7.45651
u0003233:i0159365,5.40655
u0003233:i0171804,2.49543
u0003233:i0352248,4.59816
u0003233:i0783233,3.57745
u0003233:i1126590,6.75987
u0003233:i1242432,3.80871
u0003233:i1859650,5.53377
u0003233:i2039393,6.28769
u0003233:i2305051,6.79995
u0003233:i2310332,6.3522
u0003233:i2381941,6.355
u0003233:i3442006,6.46886
u0003236:i0047396,6.15841
u0003236:i0066808,0
u0003236:i0119698,6.81143
u0003236:i0383028,3.11558
u0003236:i1392190,6.04438
u0003236:i1605783,4.95606
u0003236:i2096673,6.29288
u0003236:i2172584,6.09095
u0003236:i2395427,6.52016
u0003236:i2452254,7.26973
u0003236:i2784678,6.32015
u0003236:i3630276,6.51932
u0003265:i0114814,4.51779
u0003265:i0119488,4.94797
u0003265:i0272152,4.93627
u0003265:i0289992,6.10546
u0003265:i0314331,3.7046
u0003265:i0363473,5.17765
u0003265:i0816692,5.72695
u0003265:i1217637,0
u0003265:i1247692,3.65294
u0003265:i1276419,6.03589
u0003265:i1334260,2.87517
u0003265:i1392190,6.04949
u0003265:i1980929,6.0544
u0003265:i2058107,5.87269
u0003265:i2084970,6.30104
u0003265:i2106476,5.09084
u0003265:i2293640,6.2636
u0003265:i2338151,6.22273
u0003265:i2395427,6.52722
u0003265:i2582802,6.49581
u0003265:i2713180,6.47038
u0003265:i2802144,6.26053
u0003265:i3079380,5.92014
u0003265:i3142958,0
u0003265:i3863552,5.75052
u0003265:i4508986,0
u0003269:i0085678,7.29416
u0003269:i0369610,7.29416
u0003269:i0470752,7.29416
u0003269:i1100089,7.29416
u0003269:i1456941,7.29416
u0003269:i1502712,7.29416
u0003269:i1617661,7.29416
u0003269:i1638355,7.29416
u0003269:i2179136,7.29416
u0003269:i2293640,7.29416
u0003269:i2310332,7.29416
u0003269:i2562232,7.29416
u0003269:i2582802,7.29416
u0003269:i2637276,7.29416
u0003269:i2802144,7.29416
u0003269:i2820852,7.29416
u0003269:i2936978,7.29416
u0003269:i2937898,7.29416
u0003269:i2980516,7.29416
u0003269:i3045616,7.29416
u0003269:i3097204,7.29416
u0003269:i3168230,7.29416
u0003295:i1273235,7.23381
u0003295:i1748227,7.23381
u0003295:i3235888,7.23381
u0003295:i3317874,7.23381
u0003296:i0107614,7.5901
u0003296:i2011159,7.5901
u0003296:i2911666,7.5901
u0003314:i0478970,8.32381
u0003314:i1121096,8.32381
u0003314:i1126590,8.32381
u0003314:i1187043,8.32381
u0003314:i1637725,8.32381
u0003314:i1655441,8.32381
u0003314:i1661199,8.32381
u0003314:i1674771,8.32381
u0003314:i1823672,8.32381
u0003314:i1906329,8.32381
u0003314:i1964418,8.32381
u0003314:i2084970,8.32381
u0003314:i2126355,8.32381
u0003314:i2140379,8.32381
u0003314:i2170593,8.32381
u0003314:i2381249,8.32381
u0003314:i2381941,8.32381
u0003314:i2395427,8.32381
u0003314:i2637276,8.32381
u0003314:i2737050,8.32381
u0003314:i2802136,8.32381
u0003314:i2802144,8.32381
u0003314:i2820852,8.32381
u0003314:i2884206,8.32381
u0003314:i3011894,8.32381
u0003314:i3316960,8.32381
u0003314:i3442006,8.32381
u0003314:i4158834,8.32381
u0003315:i0088847,8.52381
u0003315:i0114814,8.52381
u0003315:i0137523,8.52381
u0003315:i1092026,8.52381
u0003315:i1571249,8.52381
u0003315:i1661199,8.52381
u0003315:i1790864,8.52381
u0003315:i2084970,8.52381
u0003315:i2096673,8.52381
u0003315:i2140373,8.52381
u0003315:i2278388,8.52381
u0003315:i2395427,8.52381
u0003315:i2562232,8.52381
u0003315:i2582802,8.52381
u0003315:i2872718,8.52381
u0003321:i0478970,7.08447
u0003321:i1043726,7.08447
u0003321:i1340138,7.08447
u0003321:i1392190,7.08447
u0003321:i1617661,7.08447
u0003321:i1798709,7.08447
u0003321:i2180411,7.08447
u0003321:i2381249,7.08447
u0003321:i2395427,7.08447
u0003321:i2802144,7.08447
u0003321:i2820852,7.08447
u0003321:i2908446,7.08447
u0003333:i0346336,7.92598
u0003333:i1190722,7.92598
u0003333:i1523980,7.92598
u0003333:i1865403,7.92598
u0003333:i4368814,7.92598
u0003335:i0119008,7.60697
u0003335:i0240772,7.60697
u0003335:i0405159,7.60697
u0003335:i1126590,7.60697
u0003335:i1205489,7.60697
u0003335:i1355630,7.60697
u0003335:i1649443,7.60697
u0003335:i1872194,7.60697
u0003335:i1951265,7.60697
u0003335:i2084970,7.60697
u0003335:i2322441,7.60697
u0003335:i2446042,7.60697
u0003335:i2562232,7.60697
u0003335:i2802144,7.60697
u0003335:i2908446,7.60697
u0003341:i0120890,7.32234
u0003341:i0289879,7.32234
u0003341:i0327056,7.32234
u0003341:i0421715,7.32234
u0003341:i0478970,7.32234
u0003341:i0493464,7.32234
u0003341:i0494238,7.32234
u0003341:i0816692,7.32234
u0003341:i1340138,7.32234
u0003341:i1355630,7.32234
u0003341:i1502712,7.32234
u0003341:i1617661,7.32234
u0003341:i1626146,7.32234
u0003341:i1850397,7.32234
u0003341:i1964418,7.32234
u0003341:i2034031,7.32234
u0003341:i2199571,7.32234
u0003341:i2231253,7.32234
u0003341:i2310332,7.32234
u0003341:i2381249,7.32234
u0003341:i2381941,7.32234
u0003341:i2393845,7.32234
u0003341:i2395427,7.32234
u0003341:i2402603,7.32234
u0003341:i2414766,7.32234
u0003341:i2436386,7.32234
u0003341:i2562232,7.32234
u0003341:i2669336,7.32234
u0003341:i2692250,7.32234
u0003341:i2717822,7.32234
u0003341:i2802144,7.32234
u0003341:i2820852,7.32234
u0003341:i2866360,7.32234
u0003341:i2872718,7.32234
u0003341:i2908446,7.32234
u0003341:i3203616,7.32234
u0003341:i3247714,7.32234
u0003341:i4547120,7.32234
u0003344:i1568343,5.8455
u0003344:i1605717,6.28895
u0003344:i1726592,6.64893
u0003344:i1850397,6.06114
u0003344:i1872194,6.59018
u0003344:i2058107,6.18178
u0003344:i2322441,6.61919
u0003344:i2667960,4.05617
u0003344:i2802144,6.26644
u0003347:i0038650,7.35735
u0003347:i0043014,7.35735
u0003347:i0050976,7.35735
u0003347:i0060196,7.35735
u0003347:i0067116,7.35735
u0003347:i0081505,7.35735
u0003347:i0095765,7.35735
u0003347:i0097165,7.35735
u0003347:i0109830,7.35735
u0003347:i0110357,7.35735
u0003347:i0111495,7.35735
u0003347:i0116209,7.35735
u0003347:i0119822,7.35735
u0003347:i0364569,7.35735
u0003347:i0375679,7.35735
u0003347:i0405094,7.35735
u0003347:i0463998,7.35735
u0003347:i0470752,7.35735
u0003347:i0816692,7.35735
u0003347:i1126590,7.35735
u0003347:i1210166,7.35735
u0003347:i1255953,7.35735
u0003347:i1360860,7.35735
u0003347:i1568343,7.35735
u0003347:i1655441,7.35735
u0003347:i1666549,7.35735
u0003347:i1772288,7.35735
u0003347:i1832382,7.35735
u0003347:i2084970,7.35735
u0003347:i2179136,7.35735
u0003347:i2245084,7.35735
u0003347:i2278388,7.35735
u0003347:i2338151,7.35735
u0003347:i2381941,7.35735
u0003347:i2452254,7.35735
u0003347:i2576852,7.35735
u0003347:i2652092,7.35735
u0003347:i2802144,7.35735
u0003347:i2802154,7.35735
u0003347:i2870756,7.35735
u0003347:i2937898,7.35735
u0003347:i2980516,7.35735
u0003347:i2991224,7.35735
u0003347:i3011894,7.35735
u0003347:i3316960,7.35735
u0003347:i3612616,7.35735
u0003347:i4044364,7.35735
u0003360:i0369610,6.21954
u0003360:i0435651,6.48307
u0003360:i0816692,5.73525
u0003360:i0983213,4.55028
u0003360:i1247690,5.20868
u0003360:i1617661,6.69547
u0003360:i1726592,6.70674
u0003360:i1823672,6.47402
u0003360:i1990314,6.64047
u0003360:i2180411,6.41385
u0003360:i2267998,5.99087
u0003360:i2310332,6.38245
u0003360:i2473794,6.04966
u0003360:i2562232,6.48983
u0003360:i2582802,6.50298
u0003360:i2872718,6.49389
u0003360:i2910814,6.489
u0003360:i2980516,6.54553
u0003360:i3045616,6.45822
u0003360:i3416742,6.51939
u0003373:i1698652,6.97
u0003373:i1798684,6.97
u0003373:i1823672,6.97
u0003373:i2911666,6.97
u0003381:i0369610,7.22814
u0003381:i0448157,7.22814
u0003381:i0478970,7.22814
u0003381:i0816692,7.22814
u0003381:i1277953,7.22814
u0003381:i1340138,7.22814
u0003381:i1375670,7.22814
u0003381:i1483013,7.22814
u0003381:i1735898,7.22814
u0003381:i1781922,7.22814
u0003381:i2120120,7.22814
u0003381:i2179136,7.22814
u0003381:i2180411,7.22814
u0003381:i2293640,7.22814
u0003381:i2395427,7.22814
u0003390:i0119094,7.60697
u0003390:i0140352,7.60697
u0003390:i0159365,7.60697
u0003390:i0178737,7.60697
u0003390:i0183790,7.60697
u0003390:i0238380,7.60697
u0003390:i0277027,7.60697
u0003390:i0309698,7.60697
u0003390:i0311113,7.60697
u0003390:i0315733,7.60697
u0003390:i0338337,7.60697
u0003390:i0348333,7.60697
u0003390:i0352248,7.60697
u0003390:i0359950,7.60697
u0003390:i0361862,7.60697
u0003390:i0369610,7.60697
u0003390:i0373926,7.60697
u0003390:i0376541,7.60697
u0003390:i0381849,7.60697
u0003390:i0393109,7.60697
u0003390:i0430922,7.60697
u0003390:i0434139,7.60697
u0003390:i0445922,7.60697
u0003390:i0445990,7.60697
u0003390:i0449467,7.60697
u0003390:i0458525,7.60697
u0003390:i0460745,7.60697
u0003390:i0462338,7.60697
u0003390:i0462504,7.60697
u0003390:i0467406,7.60697
u0003390:i0468489,7.60697
u0003390:i0473705,7.60697
u0003390:i0478304,7.60697
u0003390:i0488120,7.60697
u0003390:i0758774,7.60697
u0003390:i0770828,7.60697
u0003390:i0804497,7.60697
u0003390:i0832266,7.60697
u0003390:i0870111,7.60697
u0003390:i0914863,7.60697
u0003390:i0935075,7.60697
u0003390:i0964517,7.60697
u0003390:i0974661,7.60697
u0003390:i0977855,7.60697
u0003390:i0988595,7.60697
u0003390:i1013753,7.60697
u0003390:i1068680,7.60697
u0003390:i1078588,7.60697
u0003390:i1091722,7.60697
u0003390:i1092026,7.60697
u0003390:i1103153,7.60697
u0003390:i1124035,7.60697
u0003390:i1125849,7.60697
u0003390:i1142988,7.60697
u0003390:i1156398,7.60697
u0003390:i1178663,7.60697
u0003390:i1189340,7.60697
u0003390:i1243974,7.60697
u0003390:i1245526,7.60697
u0003390:i1313092,7.60697
u0003390:i1340138,7.60697
u0003390:i1403865,7.60697
u0003390:i1462758,7.60697
u0003390:i1554091,7.60697
u0003390:i1568338,7.60697
u0003390:i1637725,7.60697
u0003390:i1645080,7.60697
u0003390:i1655441,7.60697
u0003390:i1661199,7.60697
u0003390:i1674771,7.60697
u0003390:i1716777,7.60697
u0003390:i1791682,7.60697
u0003390:i1810683,7.60697
u0003390:i1817273,7.60697
u0003390:i1821694,7.60697
u0003390:i2126355,7.60697
u0003390:i2238050,7.60697
u0003390:i2273657,7.60697
u0003390:i2294677,7.60697
u0003390:i2459156,7.60697
u0003390:i2624412,7.60697
u0003390:i2637276,7.60697
u0003390:i2726560,7.60697
u0003390:i2908446,7.60697
u0003390:i2962876,7.60697
u0003390:i3011894,7.60697
u0003390:i3079380,7.60697
u0003390:i3149038,7.60697
u0003390:i3200980,7.60697
u0003390:i3205376,7.60697
u0003390:i3369806,7.60697
u0003390:i3674140,7.60697
u0003390:i4044364,7.60697
u0003443:i0120679,7.4587
u0003443:i0381681,7.4587
u0003443:i0829482,7.4587
u0003443:i0963178,7.4587
u0003443:i1065073,7.4587
u0003443:i2179136,7.4587
u0003443:i2229499,7.4587
u0003443:i2562232,7.4587
u0003443:i2582802,7.4587
u0003443:i2820852,7.4587
u0003443:i2980516,7.4587
u0003443:i4284010,7.4587
u0003450:i0816692,7.67
u0003450:i2084970,7.67
u0003450:i2096673,7.67
u0003450:i2245084,7.67
u0003450:i2713180,7.67
u0003459:i0861739,7.41959
u0003459:i1100089,7.41959
u0003459:i1837613,7.41959
u0003459:i2562232,7.41959
u0003459:i2752688,7.41959
u0003459:i2937898,7.41959
u0003459:i2980516,7.41959
u0003468:i0787474,7.50305
u0003468:i1020072,7.50305
u0003468:i1100089,7.50305
u0003468:i2267998,7.50305
u0003468:i3398268,7.50305
u0003514:i0105323,7.33828
u0003514:i0107207,7.33828
u0003514:i0110413,7.33828
u0003514:i0114746,7.33828
u0003514:i0118799,7.33828
u0003514:i0119114,7.33828
u0003514:i0120586,7.33828
u0003514:i0206634,7.33828
u0003514:i0317248,7.33828
u0003514:i0358273,7.33828
u0003514:i0399146,7.33828
u0003514:i0450259,7.33828
u0003514:i0469494,7.33828
u0003514:i0470752,7.33828
u0003514:i0477348,7.33828
u0003514:i0758758,7.33828
u0003514:i0765443,7.33828
u0003514:i0816692,7.33828
u0003514:i0903624,7.33828
u0003514:i1020072,7.33828
u0003514:i1125849,7.33828
u0003514:i1170358,7.33828
u0003514:i1212450,7.33828
u0003514:i1392190,7.33828
u0003514:i1433811,7.33828
u0003514:i1872194,7.33828
u0003514:i2015381,7.33828
u0003514:i2039393,7.33828
u0003514:i2084970,7.33828
u0003514:i2170439,7.33828
u0003514:i2170593,7.33828
u0003514:i2245084,7.33828
u0003514:i2275946,7.33828
u0003514:i2305051,7.33828
u0003514:i2381941,7.33828
u0003514:i2397535,7.33828
u0003514:i2562232,7.33828
u0003514:i2614684,7.33828
u0003514:i2737050,7.33828
u0003514:i2980516,7.33828
u0003514:i3235888,7.33828
u0003514:i3442006,7.33828
u0003515:i0032910,7.80663
u0003515:i0081573,7.80663
u0003515:i0084602,7.80663
u0003515:i0087597,7.80663
u0003515:i0091059,7.80663
u0003515:i0091949,7.80663
u0003515:i0092099,7.80663
u0003515:i0093260,7.80663
u0003515:i0096895,7.80663
u0003515:i0097428,7.80663
u0003515:i0100403,7.80663
u0003515:i0100802,7.80663
u0003515:i0102685,7.80663
u0003515:i0104187,7.80663
u0003515:i0109040,7.80663
u0003515:i0112442,7.80663
u0003515:i0117060,7.80663
u0003515:i0120619,7.80663
u0003515:i0120755,7.80663
u0003515:i0146316,7.80663
u0003515:i0167261,7.80663
u0003515:i0172156,7.80663
u0003515:i0205177,7.80663
u0003515:i0266543,7.80663
u0003515:i0300471,7.80663
u0003515:i0317705,7.80663
u0003515:i0317919,7.80663
u0003515:i0332379,7.80663
u0003515:i0371746,7.80663
u0003515:i0383574,7.80663
u0003515:i0384806,7.80663
u0003515:i0387564,7.80663
u0003515:i0398286,7.80663
u0003515:i0435761,7.80663
u0003515:i0450232,7.80663
u0003515:i0470752,7.80663
u0003515:i0800369,7.80663
u0003515:i0936501,7.80663
u0003515:i0964517,7.80663
u0003515:i1029360,7.80663
u0003515:i1091191,7.80663
u0003515:i1298650,7.80663
u0003515:i1375666,7.80663
u0003515:i1390539,7.80663
u0003515:i1392190,7.80663
u0003515:i1397280,7.80663
u0003515:i1408101,7.80663
u0003515:i1446714,7.80663
u0003515:i1905041,7.80663
u0003515:i1922777,7.80663
u0003515:i1964418,7.80663
u0003515:i2126355,7.80663
u0003515:i2179136,7.80663
u0003515:i2245084,7.80663
u0003515:i2436386,7.80663
u0003515:i2788710,7.80663
u0003515:i2980516,7.80663
u0003515:i3195644,7.80663
u0003515:i3322940,7.80663
u0003516:i0086250,3.92187
u0003516:i0110322,6.20042
u0003516:i0455407,4.72272
u0003516:i2224026,6.44
u0003516:i2224317,0
u0003523:i2465578,6.76713
u0003523:i2582802,6.76713
u0003523:i3630276,6.76713
u0003535:i0120815,5.11918
u0003535:i1683526,4.19782
u0003535:i1798684,5.74525
u0003535:i2293640,6.28613
u0003535:i2381249,6.12496
u0003535:i3863552,5.83899
u0003568:i0758774,7.67
u0003568:i2084970,7.67
u0003568:i2179136,7.67
u0003568:i2713180,7.67
u0003568:i2994190,7.67
u0003572:i0110413,3.83026
u0003572:i0114814,4.57158
u0003572:i1255953,4.39594
u0003572:i1655441,5.92334
u0003572:i1942989,5.46843
u0003572:i2267998,6.00563
u0003574:i0118715,7.24473
u0003574:i0339976,7.24473
u0003574:i0375679,7.24473
u0003574:i0401445,7.24473
u0003574:i0478970,7.24473
u0003574:i0878804,7.24473
u0003574:i1024648,7.24473
u0003574:i1638002,7.24473
u0003574:i1872194,7.24473
u0003574:i2096673,7.24473
u0003574:i2293640,7.24473
u0003574:i2562232,7.24473
u0003574:i2582802,7.24473
u0003574:i2737050,7.24473
u0003574:i2872718,7.24473
u0003574:i3045616,7.24473
u0003574:i3346410,7.24473
u0003577:i0369610,7.36288
u0003577:i0478970,7.36288
u0003577:i1392190,7.36288
u0003577:i1964418,7.36288
u0003577:i2126355,7.36288
u0003577:i2395427,7.36288
u0003577:i2802144,7.36288
u0003577:i2820852,7.36288
u0003577:i3235888,7.36288
u0003581:i0816692,7.45651
u0003581:i2084970,7.45651
u0003581:i2582802,7.45651
u0003581:i2980516,7.45651
u0003586:i0910970,7.5718
u0003586:i1243974,7.5718
u0003586:i1798684,7.5718
u0003619:i0477080,6.70965
u0003619:i1674771,6.70965
u0003619:i2234155,6.70965
u0003619:i2357129,6.70965
u0003619:i2820852,6.70965
u0003619:i3678782,6.70965
u0003619:i3742284,6.70965
u0003619:i3836958,6.70965
u0003619:i4354740,6.70965
u0003643:i0190590,6.45
u0003643:i0428870,6.45
u0003643:i0816692,6.45
u0003643:i1277737,6.45
u0003643:i1340107,6.45
u0003643:i1360860,6.45
u0003643:i1392190,6.45
u0003643:i1549572,6.45
u0003643:i2718492,6.45
u0003643:i2980516,6.45
u0003643:i2991224,6.45
u0003658:i0245429,7.54754
u0003658:i0258463,7.54754
u0003658:i0470752,7.54754
u0003658:i0478970,7.54754
u0003658:i1029360,7.54754
u0003658:i1340138,7.54754
u0003658:i1964418,7.54754
u0003658:i2085930,7.54754
u0003658:i2126355,7.54754
u0003658:i2381249,7.54754
u0003658:i2381941,7.54754
u0003658:i2395427,7.54754
u0003658:i2397535,7.54754
u0003658:i2848292,7.54754
u0003666:i0217505,7.49091
u0003666:i0327056,7.49091
u0003666:i2395427,7.49091
u0003666:i3713166,7.49091
u0003675:i2140373,7.4886
u0003675:i2267998,7.4886
u0003675:i2395427,7.4886
u0003675:i2820852,7.4886
u0003691:i0091559,7.92598
u0003691:i0093603,7.92598
u0003691:i0101649,7.92598
u0003691:i0105271,7.92598
u0003691:i0105575,7.92598
u0003691:i0112553,7.92598
u0003691:i0114369,7.92598
u0003691:i0116630,7.92598
u0003691:i0139876,7.92598
u0003691:i0147800,7.92598
u0003691:i0151121,7.92598
u0003691:i0155265,7.92598
u0003691:i0213969,7.92598
u0003691:i0220656,7.92598
u0003691:i0242256,7.92598
u0003691:i0285665,7.92598
u0003691:i0308280,7.92598
u0003691:i0312859,7.92598
u0003691:i0357905,7.92598
u0003691:i0361818,7.92598
u0003691:i0364647,7.92598
u0003691:i0367495,7.92598
u0003691:i0368400,7.92598
u0003691:i0375878,7.92598
u0003691:i0376076,7.92598
u0003691:i0376127,7.92598
u0003691:i0385928,7.92598
u0003691:i0386588,7.92598
u0003691:i0422320,7.92598
u0003691:i0423470,7.92598
u0003691:i0449869,7.92598
u0003691:i0449951,7.92598
u0003691:i0452694,7.92598
u0003691:i0453201,7.92598
u0003691:i0455829,7.92598
u0003691:i0464071,7.92598
u0003691:i0468569,7.92598
u0003691:i0473367,7.92598
u0003691:i0475756,7.92598
u0003691:i0479651,7.92598
u0003691:i0479751,7.92598
u0003691:i0871510,7.92598
u0003691:i0920457,7.92598
u0003691:i0989757,7.92598
u0003691:i1032815,7.92598
u0003691:i1093370,7.92598
u0003691:i1099212,7.92598
u0003691:i1180583,7.92598
u0003691:i1185420,7.92598
u0003691:i1275863,7.92598
u0003691:i1280558,7.92598
u0003691:i1305797,7.92598
u0003691:i1322312,7.92598
u0003691:i1345836,7.92598
u0003691:i1355546,7.92598
u0003691:i1375666,7.92598
u0003691:i1417299,7.92598
u0003691:i1451409,7.92598
u0003691:i1496380,7.92598
u0003691:i1609168,7.92598
u0003691:i1610452,7.92598
u0003691:i1620933,7.92598
u0003691:i1631867,7.92598
u0003691:i1638002,7.92598
u0003691:i1705772,7.92598
u0003691:i1821478,7.92598
u0003691:i1821480,7.92598
u0003691:i1823672,7.92598
u0003691:i1840309,7.92598
u0003691:i1851988,7.92598
u0003691:i1922545,7.92598
u0003691:i1965272,7.92598
u0003691:i2002868,7.92598
u0003691:i2140619,7.92598
u0003691:i2152896,7.92598
u0003691:i2179136,7.92598
u0003691:i2180477,7.92598
u0003691:i2203308,7.92598
u0003691:i2213054,7.92598
u0003691:i2218988,7.92598
u0003691:i2317337,7.92598
u0003691:i2342227,7.92598
u0003691:i2350496,7.92598
u0003691:i2356180,7.92598
u0003691:i2359810,7.92598
u0003691:i2372678,7.92598
u0003691:i2381941,7.92598
u0003691:i2562232,7.92598
u0003691:i2564144,7.92598
u0003691:i2582846,7.92598
u0003691:i2585562,7.92598
u0003691:i2631186,7.92598
u0003691:i2678948,7.92598
u0003691:i2713180,7.92598
u0003691:i2778674,7.92598
u0003691:i2882328,7.92598
u0003691:i2956300,7.92598
u0003691:i3164068,7.92598
u0003691:i3182644,7.92598
u0003691:i3219268,7.92598
u0003691:i3232156,7.92598
u0003691:i3329246,7.92598
u0003691:i3390572,7.92598
u0003691:i3495030,7.92598
u0003691:i3506970,7.92598
u0003691:i3517192,7.92598
u0003691:i3565264,7.92598
u0003691:i3569788,7.92598
u0003691:i3678782,7.92598
u0003691:i3681422,7.92598
u0003691:i3681464,7.92598
u0003691:i3681470,7.92598
u0003691:i3742284,7.92598
u0003691:i3767372,7.92598
u0003691:i3802668,7.92598
u0003691:i3822388,7.92598
u0003691:i3822396,7.92598
u0003691:i3836958,7.92598
u0003691:i3848892,7.92598
u0003691:i3973410,7.92598
u0003691:i4047112,7.92598
u0003691:i4271820,7.92598
u0003691:i4290746,7.92598
u0003691:i4435282,7.92598
u0003691:i4446258,7.92598
u0003691:i4446318,7.92598
u0003691:i4446348,7.92598
u0003691:i4557014,7.92598
u0003691:i4672350,7.92598
u0003691:i4679210,7.92598
u0003691:i4684258,7.92598
u0003691:i4701688,7.92598
u0003691:i4859246,7.92598
u0003714:i0095327,7.342
u0003714:i0097123,7.342
u0003714:i0172396,7.342
u0003714:i0376541,7.342
u0003714:i1571222,7.342
u0003714:i2084970,7.342
u0003714:i2305051,7.342
u0003714:i2884206,7.342
u0003787:i0086190,7.32812
u0003787:i0169547,7.32812
u0003787:i0180093,7.32812
u0003787:i0369610,7.32812
u0003787:i0457430,7.32812
u0003787:i0478970,7.32812
u0003787:i1392190,7.32812
u0003787:i1655441,7.32812
u0003787:i1661199,7.32812
u0003787:i2084970,7.32812
u0003787:i2096673,7.32812
u0003787:i2126355,7.32812
u0003787:i2179136,7.32812
u0003787:i2245084,7.32812
u0003787:i2262227,7.32812
u0003787:i2381249,7.32812
u0003787:i2397535,7.32812
u0003787:i2562232,7.32812
u0003787:i2582802,7.32812
u0003787:i2802144,7.32812
u0003787:i2820852,7.32812
u0003787:i2872718,7.32812
u0003802:i0073486,7.34789
u0003802:i0097937,7.34789
u0003802:i0482571,7.34789
u0003802:i0816692,7.34789
u0003802:i2084970,7.34789
u0003802:i2170593,7.34789
u0003802:i2305051,7.34789
u0003802:i2310332,7.34789
u0003802:i2802144,7.34789
u0003802:i2884206,7.34789
u0003803:i0120735,7.09766
u0003803:i1156398,7.09766
u0003803:i2802144,7.09766
u0003819:i1103275,6.3585
u0003819:i1392214,4.65132
u0003819:i3442990,5.22904
u0003831:i0470752,7.54863
u0003831:i0485947,7.54863
u0003831:i1065073,7.54863
u0003831:i1334260,7.54863
u0003831:i1392190,7.54863
u0003831:i1600196,7.54863
u0003831:i1821549,7.54863
u0003831:i2042568,7.54863
u0003831:i2103281,7.54863
u0003831:i2305051,7.54863
u0003831:i2310332,7.54863
u0003831:i2321549,7.54863
u0003831:i2395427,7.54863
u0003831:i2713180,7.54863
u0003831:i2784678,7.54863
u0003831:i2802144,7.54863
u0003831:i2911666,7.54863
u0003831:i3235888,7.54863
u0003831:i3485754,7.54863
u0003831:i4257858,7.54863
u0003836:i0112573,7.11243
u0003836:i0369610,7.11243
u0003836:i0443706,7.11243
u0003836:i1028532,7.11243
u0003836:i1509767,7.11243
u0003836:i1670345,7.11243
u0003836:i2395427,7.11243
u0003836:i2820852,7.11243
u0003836:i2911666,7.11243
u0003836:i4114762,7.11243
u0003842:i1340138,6.17898
u0003842:i1398426,6.30112
u0003842:i2381249,6.13592
u0003853:i0470752,7.58851
u0003853:i1605798,7.58851
u0003853:i1702429,7.58851
u0003853:i1945084,7.58851
u0003853:i2298323,7.58851
u0003853:i2398231,7.58851
u0003853:i2473602,7.58851
u0003853:i2872750,7.58851
u0003853:i2911666,7.58851
u0003853:i2925768,7.58851
u0003853:i2937898,7.58851
u0003853:i2980516,7.58851
u0003853:i3007512,7.58851
u0003853:i3204392,7.58851
u0003853:i3698408,7.58851
u0003853:i3982854,7.58851
u0003853:i4456036,7.58851
u0003876:i2096673,6.30662
u0003876:i2381941,6.36656
u0003876:i2395427,6.53429
u0003876:i2820852,6.17378
u0003880:i0298130,6.15343
u0003880:i0377109,0
u0003880:i0470752,6.3887
u0003880:i1250777,5.14014
u0003880:i1291150,6.75019
u0003880:i1323594,5.72162
u0003880:i1661199,6.33836
u0003880:i1877832,5.52375
u0003880:i1911658,6.72721
u0003880:i2231253,6.1876
u0003880:i2381941,6.37813
u0003880:i2975578,5.17038
u0003880:i3203616,5.93092
u0003880:i3672840,5.48439
u0003881:i0103064,7.89127
u0003881:i0369610,7.89127
u0003881:i1109624,7.89127
u0003881:i1243974,7.89127
u0003881:i1340138,7.89127
u0003881:i1392190,7.89127
u0003881:i1502712,7.89127
u0003881:i1821641,7.89127
u0003881:i2096673,7.89127
u0003881:i2140379,7.89127
u0003881:i2381249,7.89127
u0003881:i2395427,7.89127
u0003881:i2637276,7.89127
u0003881:i2848292,7.89127
u0003881:i3079380,7.89127
u0003881:i3152624,7.89127
u0003881:i3168230,7.89127
u0003881:i3819668,7.89127
u0003881:i4178092,7.89127
u0003904:i0095956,5.39516
u0003904:i0120804,5.67476
u0003904:i0139654,5.99332
u0003904:i0258000,5.72052
u0003904:i0339291,1.77934
u0003904:i0373051,3.13077
u0003904:i0451079,3.04858
u0003904:i0472181,5.00605
u0003904:i0816462,6.36407
u0003904:i0816692,5.74356
u0003904:i0945513,4.78715
u0003904:i1155076,5.69534
u0003904:i1197628,2.55667
u0003904:i1205535,1.59333
u0003904:i1392190,6.0546
u0003904:i2101441,4.97549
u0003907:i0470752,6.39973
u0003907:i0478970,5.93491
u0003907:i1014763,5.81433
u0003907:i1243974,5.59198
u0003907:i1731701,5.7841
u0003907:i1850418,0
u0003907:i2097298,5.85611
u0003907:i2199571,5.99571
u0003907:i2224026,6.48
u0003907:i2261331,5.8005
u0003907:i2358925,6.35062
u0003907:i2381249,6.1469
u0003907:i2515034,6.00647
u0003907:i2555736,6.78209
u0003907:i2726560,5.4817
u0003907:i2802144,6.27236
u0003907:i2908446,6.09465
u0003907:i2967224,5.65846
u0003907:i3007512,6.09951
u0003907:i3152624,6.19901
u0003907:i3235888,6.6735
u0003907:i3264102,5.00413
u0003907:i3442990,5.50425
u0003907:i3687398,4.50818
u0003907:i4178092,5.77762
u0003914:i0365907,5.94177
u0003914:i1067583,5.94177
u0003914:i1100089,5.94177
u0003914:i1615147,5.94177
u0003914:i1656192,5.94177
u0003914:i1809398,5.94177
u0003914:i1924435,5.94177
u0003914:i1981677,5.94177
u0003914:i2039393,5.94177
u0003914:i2097298,5.94177
u0003914:i2179136,5.94177
u0003914:i2180411,5.94177
u0003914:i2199571,5.94177
u0003914:i2217895,5.94177
u0003914:i2221404,5.94177
u0003914:i2245084,5.94177
u0003914:i2268016,5.94177
u0003914:i2293640,5.94177
u0003914:i2326612,5.94177
u0003914:i2381249,5.94177
u0003914:i2381941,5.94177
u0003914:i2395427,5.94177
u0003914:i2582802,5.94177
u0003914:i2713180,5.94177
u0003914:i2726560,5.94177
u0003914:i2788710,5.94177
u0003914:i2820852,5.94177
u0003914:i2980516,5.94177
u0003914:i3152624,5.94177
u0003914:i3181822,5.94177
u0003914:i4178092,5.94177
u0003937:i0050083,7.67
u0003937:i2084970,7.67
u0003937:i2310332,7.67
u0003937:i2582802,7.67
u0003937:i2980516,7.67
u0003943:i0091306,6.85116
u0003943:i0099487,6.85116
u0003943:i0104389,6.85116
u0003943:i0116908,6.85116
u0003943:i0118842,6.85116
u0003943:i0119822,6.85116
u0003943:i0160127,6.85116
u0003943:i0181689,6.85116
u0003943:i0236348,6.85116
u0003943:i0261392,6.85116
u0003943:i0266697,6.85116
u0003943:i0274812,6.85116
u0003943:i0300051,6.85116
u0003943:i0305357,6.85116
u0003943:i0343818,6.85116
u0003943:i0378194,6.85116
u0003943:i0433442,6.85116
u0003943:i0441796,6.85116
u0003943:i0454848,6.85116
u0003943:i0465602,6.85116
u0003943:i0480249,6.85116
u0003943:i1017451,6.85116
u0003943:i1028528,6.85116
u0003943:i1077258,6.85116
u0003943:i1130884,6.85116
u0003943:i1412386,6.85116
u0003943:i1637725,6.85116
u0003943:i2053463,6.85116
u0003943:i2147365,6.85116
u0003943:i2267998,6.85116
u0003943:i2872732,6.85116
u0003943:i3099498,6.85116
u0003943:i3322940,6.85116
u0003943:i3442006,6.85116
u0003983:i0047396,7.31304
u0003983:i0052357,7.31304
u0003983:i0053125,7.31304
u0003983:i0078480,7.31304
u0003983:i0081455,7.31304
u0003983:i0091369,7.31304
u0003983:i0130508,7.31304
u0003983:i0158983,7.31304
u0003983:i0177789,7.31304
u0003983:i0293508,7.31304
u0003983:i0365907,7.31304
u0003983:i0369610,7.31304
u0003983:i0370032,7.31304
u0003983:i0399295,7.31304
u0003983:i0425112,7.31304
u0003983:i0443706,7.31304
u0003983:i0448134,7.31304
u0003983:i0470752,7.31304
u0003983:i0478970,7.31304
u0003983:i0485323,7.31304
u0003983:i1100089,7.31304
u0003983:i1231587,7.31304
u0003983:i1279935,7.31304
u0003983:i1291150,7.31304
u0003983:i1298649,7.31304
u0003983:i1392190,7.31304
u0003983:i1617661,7.31304
u0003983:i1646971,7.31304
u0003983:i1657510,7.31304
u0003983:i1951265,7.31304
u0003983:i1964418,7.31304
u0003983:i2077886,7.31304
u0003983:i2096673,7.31304
u0003983:i2106361,7.31304
u0003983:i2179136,7.31304
u0003983:i2180411,7.31304
u0003983:i2245084,7.31304
u0003983:i2305051,7.31304
u0003983:i2326574,7.31304
u0003983:i2359024,7.31304
u0003983:i2381249,7.31304
u0003983:i2395427,7.31304
u0003983:i2397535,7.31304
u0003983:i2398231,7.31304
u0003983:i2467046,7.31304
u0003983:i2562232,7.31304
u0003983:i2582802,7.31304
u0003983:i2582846,7.31304
u0003983:i2802144,7.31304
u0003983:i2872718,7.31304
u0003983:i2911666,7.31304
u0003983:i2937898,7.31304
u0003983:i2980592,7.31304
u0003983:i3204392,7.31304
u0003983:i3398268,7.31304
u0003983:i3450650,7.31304
u0004003:i0116695,7.60697
u0004003:i0948470,7.60697
u0004003:i2395427,7.60697
u0004011:i0816692,5.75188
u0004011:i1911658,6.82614
u0004011:i2911666,6.64856
u0004014:i0020530,5.4872
u0004014:i0067116,6.24957
u0004014:i0099685,5.27076
u0004014:i0387272,0
u0004014:i0498913,0
u0004014:i0498917,0
u0004014:i0498943,0
u0004014:i0810890,0
u0004014:i1082588,0
u0004014:i1554966,0
u0004014:i1638355,5.96411
u0004014:i1823672,6.48803
u0004014:i2133233,0
u0004014:i2561572,6.2431
u0004014:i2637276,5.63789
u0004014:i2802144,6.27828
u0004014:i3409440,3.43191
u0004014:i3850214,6.10757
u0004015:i0095953,7.92598
u0004015:i0108550,7.92598
u0004015:i0112641,7.92598
u0004015:i0308644,7.92598
u0004015:i0425210,7.92598
u0004015:i0780504,7.92598
u0004015:i1798684,7.92598
u0004015:i2053425,7.92598
u0004015:i2381249,7.92598
u0004018:i0081505,6.83384
u0004018:i0369610,6.83384
u0004018:i0470752,6.83384
u0004018:i1340138,6.83384
u0004018:i1392190,6.83384
u0004018:i1823672,6.83384
u0004018:i2084970,6.83384
u0004018:i2305051,6.83384
u0004018:i2369135,6.83384
u0004018:i2395427,6.83384
u0004018:i2562232,6.83384
u0004018:i2582802,6.83384
u0004018:i2802144,6.83384
u0004018:i2820852,6.83384
u0004018:i2908446,6.83384
u0004018:i2980516,6.83384
u0004018:i4040900,6.83384
u0004030:i0107290,5.46728
u0004030:i0369610,6.22631
u0004030:i0454921,3.87988
u0004030:i1462758,5.16453
u0004030:i2245084,6.58254
u0004030:i2387559,5.60197
u0004030:i2652092,6.58508
u0004043:i0206634,5.16022
u0004043:i0281358,4.31927
u0004043:i0481499,4.97787
u0004043:i0765010,3.98912
u0004043:i0848228,5.31924
u0004043:i0848537,1.85878
u0004043:i0903624,4.4411
u0004043:i1014763,5.87822
u0004043:i1133985,4.66998
u0004043:i1170358,5.13494
u0004043:i1185836,5.79241
u0004043:i1258197,3.73385
u0004043:i1375666,4.64579
u0004043:i1392190,6.05972
u0004043:i1408253,5.34099
u0004043:i1411697,4.90652
u0004043:i1486834,6.36802
u0004043:i1621039,2.55667
u0004043:i1631867,6.15615
u0004043:i1655441,5.94813
u0004043:i1715336,5.97265
u0004043:i1872194,6.61077
u0004043:i2015381,5.95029
u0004043:i2084970,6.30757
u0004043:i2245084,6.59658
u0004043:i2273657,5.67269
u0004043:i2294629,5.60346
u0004043:i2310332,6.41285
u0004043:i2381941,6.38973
u0004043:i2582802,6.51015
u0004043:i2802144,6.28421
u0004043:i2848292,6.23023
u0004043:i2872718,6.50457
u0004043:i2980472,5.24015
u0004043:i2980516,6.55426
u0004043:i3042408,4.81806
u0004137:i0369610,7.31892
u0004137:i0406816,7.31892
u0004137:i1121096,7.31892
u0004139:i0242423,4.99385
u0004139:i0307109,0
u0004139:i0486665,0
u0004139:i1199494,0
u0004148:i0059742,7.60697
u0004148:i0075314,7.60697
u0004148:i0468569,7.60697
u0004148:i0470752,7.60697
u0004148:i0758758,7.60697
u0004148:i0816692,7.60697
u0004148:i0884732,7.60697
u0004148:i1323594,7.60697
u0004148:i1374992,7.60697
u0004148:i1392190,7.60697
u0004148:i1650062,7.60697
u0004148:i1655441,7.60697
u0004148:i1790864,7.60697
u0004148:i1809398,7.60697
u0004148:i1959490,7.60697
u0004148:i2039393,7.60697
u0004148:i2224026,7.60697
u0004148:i2245084,7.60697
u0004148:i2262227,7.60697
u0004148:i2404425,7.60697
u0004148:i2562232,7.60697
u0004148:i2802144,7.60697
u0004148:i2870612,7.60697
u0004148:i2923316,7.60697
u0004148:i3316960,7.60697
u0004148:i3674910,7.60697
u0004157:i0470752,7.66151
u0004157:i2395427,7.66151
u0004157:i2820852,7.66151
u0004157:i3416742,7.66151
u0004171:i1020072,6.80594
u0004171:i1418754,4.80115
u0004171:i1809398,6.29293
u0004171:i2179136,6.56705
u0004171:i2205697,5.25582
u0004171:i3079380,5.93437
u0004171:i3089778,5.87019
u0004173:i0108052,7.60697
u0004173:i0816692,7.60697
u0004173:i1100089,7.60697
u0004173:i2179136,7.60697
u0004173:i2562232,7.60697
u0004180:i1020072,7.98752
u0004180:i2381249,7.98752
u0004180:i2980516,7.98752
u0004181:i0079833,7.45576
u0004181:i0089670,7.45576
u0004181:i0103859,7.45576
u0004181:i0104797,7.45576
u0004181:i0280486,7.45576
u0004181:i0302640,7.45576
u0004181:i0329028,7.45576
u0004181:i0396269,7.45576
u0004181:i0397892,7.45576
u0004181:i0472062,7.45576
u0004181:i0762125,7.45576
u0004181:i0765446,7.45576
u0004181:i0790636,7.45576
u0004181:i0993846,7.45576
u0004181:i1083456,7.45576
u0004181:i1211956,7.45576
u0004181:i1272878,7.45576
u0004181:i1307068,7.45576
u0004181:i1335975,7.45576
u0004181:i1457767,7.45576
u0004181:i1458915,7.45576
u0004181:i1483324,7.45576
u0004181:i1507563,7.45576
u0004181:i1637706,7.45576
u0004181:i1702439,7.45576
u0004181:i1726669,7.45576
u0004181:i1727360,7.45576
u0004181:i1758595,7.45576
u0004181:i1764625,7.45576
u0004181:i1766094,7.45576
u0004181:i1798188,7.45576
u0004181:i1855199,7.45576
u0004181:i1911644,7.45576
u0004181:i1920849,7.45576
u0004181:i2024469,7.45576
u0004181:i2024544,7.45576
u0004181:i2140577,7.45576
u0004181:i2170593,7.45576
u0004181:i2201251,7.45576
u0004181:i2203939,7.45576
u0004181:i2245084,7.45576
u0004181:i2304771,7.45576
u0004181:i2355495,7.45576
u0004181:i2364006,7.45576
u0004181:i2369135,7.45576
u0004181:i2463288,7.45576
u0004181:i2518848,7.45576
u0004181:i2828996,7.45576
u0004181:i3014666,7.45576
u0004195:i0478970,7.41613
u0004195:i1020072,7.41613
u0004195:i1311071,7.41613
u0004195:i2395427,7.41613
u0004195:i2562232,7.41613
u0004195:i2582802,7.41613
u0004195:i2637276,7.41613
u0004195:i2802144,7.41613
u0004212:i0075314,5.3055
u0004212:i0102926,4.96948
u0004212:i0109830,5.01262
u0004212:i0112573,5.01605
u0004212:i0162222,5.25529
u0004212:i0308644,4.77028
u0004212:i0329717,0
u0004212:i0362227,5.51686
u0004212:i0363988,3.17039
u0004212:i0365748,5.90987
u0004212:i0369610,6.23308
u0004212:i0425061,4.24457
u0004212:i0443453,6.07504
u0004212:i0458352,4.79884
u0004212:i0470752,6.41078
u0004212:i0816692,5.76022
u0004212:i0816711,5.18225
u0004212:i0866439,0
u0004212:i0948470,4.59436
u0004212:i1340138,6.1938
u0004212:i1343092,4.13397
u0004212:i1375666,4.70386
u0004212:i1392190,6.06484
u0004212:i1401152,5.77256
u0004212:i1528100,6.56168
u0004212:i1545754,6.49452
u0004212:i1596350,3.7101
u0004212:i1632708,5.73004
u0004212:i1798709,5.55771
u0004212:i1853728,4.04873
u0004212:i1872181,6.06792
u0004212:i2170439,6.39401
u0004212:i2557490,6.5721
u0004212:i2637276,5.66017
u0004212:i2788710,6.41786
u0004212:i2802144,6.29015
u0004212:i2872718,6.51527
u0004212:i3195644,6.29785
u0004212:i3210686,4.54455
u0004212:i3541262,5.66159
u0004223:i0816442,5.72927
u0004223:i2053463,5.70516
u0004223:i2224026,6.52025
u0004223:i2273657,5.72776
u0004223:i2278388,6.11038
u0004223:i3007512,6.13648
u0004223:i3316960,6.2212
u0004240:i0816692,5.76857
u0004240:i2397535,6.44832
u0004240:i2820852,6.18191
u0004257:i0050083,7.41232
u0004257:i0073925,7.41232
u0004257:i0109830,7.41232
u0004257:i0324133,7.41232
u0004257:i0366943,7.41232
u0004257:i0397619,7.41232
u0004257:i0457655,7.41232
u0004257:i0470752,7.41232
u0004257:i0913425,7.41232
u0004257:i1020072,7.41232
u0004257:i1100089,7.41232
u0004257:i1173745,7.41232
u0004257:i1189073,7.41232
u0004257:i1306980,7.41232
u0004257:i1392190,7.41232
u0004257:i1584016,7.41232
u0004257:i1645170,7.41232
u0004257:i1748122,7.41232
u0004257:i1827487,7.41232
u0004257:i1883180,7.41232
u0004257:i2084970,7.41232
u0004257:i2326554,7.41232
u0004257:i2381249,7.41232
u0004257:i2652092,7.41232
u0004257:i2720680,7.41232
u0004257:i2756032,7.41232
u0004257:i2758880,7.41232
u0004257:i2764784,7.41232
u0004257:i2790236,7.41232
u0004257:i2820852,7.41232
u0004257:i2844798,7.41232
u0004257:i3011894,7.41232
u0004257:i3042408,7.41232
u0004257:i3079380,7.41232
u0004257:i3149038,7.41232
u0004257:i3169706,7.41232
u0004257:i3218580,7.41232
u0004257:i3260538,7.41232
u0004257:i3263614,7.41232
u0004257:i3409392,7.41232
u0004257:i3521134,7.41232
u0004257:i3973612,7.41232
u0004257:i4226388,7.41232
u0004281:i0250258,5.61062
u0004281:i0452623,6.02689
u0004281:i1655441,5.97301
u0004281:i2884206,5.96417
u0004285:i0036244,8.04829
u0004285:i0042895,8.04829
u0004285:i0083511,8.04829
u0004285:i0090350,8.04829
u0004285:i0095631,8.04829
u0004285:i0116324,8.04829
u0004285:i0131325,8.04829
u0004285:i0145681,8.04829
u0004285:i0289992,8.04829
u0004285:i0365907,8.04829
u0004285:i0369610,8.04829
u0004285:i0455944,8.04829
u0004285:i0810868,8.04829
u0004285:i0829150,8.04829
u0004285:i1038110,8.04829
u0004285:i1100089,8.04829
u0004285:i1198156,8.04829
u0004285:i1392190,8.04829
u0004285:i1441952,8.04829
u0004285:i1528100,8.04829
u0004285:i1587310,8.04829
u0004285:i1588170,8.04829
u0004285:i1600196,8.04829
u0004285:i1611211,8.04829
u0004285:i1626146,8.04829
u0004285:i1706620,8.04829
u0004285:i1714915,8.04829
u0004285:i1872194,8.04829
u0004285:i1937118,8.04829
u0004285:i1972571,8.04829
u0004285:i2084970,8.04829
u0004285:i2125435,8.04829
u0004285:i2170439,8.04829
u0004285:i2179136,8.04829
u0004285:i2203939,8.04829
u0004285:i2245084,8.04829
u0004285:i2251818,8.04829
u0004285:i2294449,8.04829
u0004285:i2316411,8.04829
u0004285:i2334649,8.04829
u0004285:i2381941,8.04829
u0004285:i2395427,8.04829
u0004285:i2397535,8.04829
u0004285:i2438644,8.04829
u0004285:i2446042,8.04829
u0004285:i2517558,8.04829
u0004285:i2532528,8.04829
u0004285:i2582802,8.04829
u0004285:i2713180,8.04829
u0004285:i2720680,8.04829
u0004285:i2726560,8.04829
u0004285:i2800240,8.04829
u0004285:i2911666,8.04829
u0004285:i2980516,8.04829
u0004285:i3140100,8.04829
u0004285:i3179568,8.04829
u0004285:i3203290,8.04829
u0004285:i3214002,8.04829
u0004285:i3268458,8.04829
u0004285:i3316960,8.04829
u0004298:i0359950,7.11833
u0004298:i0369610,7.11833
u0004298:i1205537,7.11833
u0004298:i1291580,7.11833
u0004298:i1392190,7.11833
u0004298:i1418377,7.11833
u0004298:i1698652,7.11833
u0004298:i2053425,7.11833
u0004298:i2209764,7.11833
u0004298:i2788710,7.11833
u0004298:i2802144,7.11833
u0004298:i2820852,7.11833
u0004298:i2872718,7.11833
u0004307:i0884732,7.67
u0004307:i1198156,7.67
u0004307:i1204977,7.67
u0004307:i1698641,7.67
u0004307:i1734433,7.67
u0004307:i1809398,7.67
u0004307:i1959332,7.67
u0004307:i2140619,7.67
u0004307:i2180994,7.67
u0004307:i2321549,7.67
u0004307:i2339741,7.67
u0004307:i2355495,7.67
u0004307:i3203616,7.67
u0004316:i0482571,8.31103
u0004316:i1392190,8.31103
u0004316:i1809398,8.31103
u0004316:i2245084,8.31103
u0004316:i3622592,8.31103
u0004337:i0369610,6.23986
u0004337:i0478970,5.94477
u0004337:i1340138,6.20865
u0004337:i2321549,6.79089
u0004337:i2802144,6.29609
u0004337:i3235888,6.69804
u0004338:i0816711,7.92381
u0004338:i2179136,7.92381
u0004338:i2872750,7.92381
u0004360:i0375912,7.92598
u0004360:i0974661,7.92598
u0004360:i2446042,7.92598
u0004378:i0218839,8.51111
u0004378:i1541874,8.51111
u0004378:i1924435,8.51111
u0004378:i2397535,8.51111
u0004384:i0829150,6.8149
u0004384:i0831387,6.20765
u0004384:i0936501,5.25377
u0004384:i1392170,3.81409
u0004384:i1397280,5.1317
u0004384:i1506999,6.29168
u0004384:i1823672,6.50208
u0004384:i2015381,5.9868
u0004384:i2184339,5.55323
u0004384:i2209764,6.85008
u0004384:i2231253,6.25635
u0004384:i2377322,6.88591
u0004384:i2446042,6.63494
u0004384:i2937898,6.56636
u0004402:i0181689,7.60697
u0004402:i0245712,7.60697
u0004402:i0327056,7.60697
u0004402:i0358273,7.60697
u0004402:i0376541,7.60697
u0004402:i1065073,7.60697
u0004402:i1205489,7.60697
u0004402:i1276104,7.60697
u0004402:i1392190,7.60697
u0004402:i1638355,7.60697
u0004402:i2562232,7.60697
u0004402:i2820852,7.60697
u0004402:i2980516,7.60697
u0004402:i3612616,7.60697
u0004418:i0390022,7.64642
u0004418:i0470752,7.64642
u0004418:i0478970,7.64642
u0004418:i1057500,7.64642
u0004418:i1065073,7.64642
u0004418:i1340138,7.64642
u0004418:i1392190,7.64642
u0004418:i2084970,7.64642
u0004418:i2126355,7.64642
u0004418:i2199571,7.64642
u0004418:i2322441,7.64642
u0004418:i2562232,7.64642
u0004418:i2582802,7.64642
u0004418:i2614684,7.64642
u0004418:i2802144,7.64642
u0004418:i2820852,7.64642
u0004495:i0455944,8.13209
u0004495:i0758742,8.13209
u0004495:i0816692,8.13209
u0004542:i0109758,7.05747
u0004542:i0481499,7.05747
u0004542:i1686821,7.05747
u0004547:i0120855,7.05207
u0004547:i0368226,7.05207
u0004547:i0369610,7.05207
u0004547:i0478970,7.05207
u0004547:i0903657,7.05207
u0004547:i1014763,7.05207
u0004547:i1020072,7.05207
u0004547:i1029360,7.05207
u0004547:i1392190,7.05207
u0004547:i1398426,7.05207
u0004547:i1617661,7.05207
u0004547:i1798684,7.05207
u0004547:i1883180,7.05207
u0004547:i1932718,7.05207
u0004547:i2096673,7.05207
u0004547:i2226417,7.05207
u0004547:i2268016,7.05207
u0004547:i2273657,7.05207
u0004547:i2293640,7.05207
u0004547:i2395427,7.05207
u0004547:i2415458,7.05207
u0004547:i2555736,7.05207
u0004547:i2562232,7.05207
u0004547:i2582496,7.05207
u0004547:i2692904,7.05207
u0004547:i2790182,7.05207
u0004547:i2802144,7.05207
u0004547:i2820852,7.05207
u0004547:i2837296,7.05207
u0004547:i2848292,7.05207
u0004547:i2908446,7.05207
u0004547:i2980516,7.05207
u0004547:i3071176,7.05207
u0004547:i3079380,7.05207
u0004547:i3152624,7.05207
u0004547:i3205376,7.05207
u0004547:i3235888,7.05207
u0004547:i3561348,7.05207
u0004547:i3622592,7.05207
u0004568:i0172495,4.53846
u0004568:i0251160,6.98906
u0004568:i0477080,5.51715
u0004568:i0481499,5.39269
u0004568:i0499549,5.02466
u0004568:i0770828,5.88161
u0004568:i0816692,5.77693
u0004568:i0864835,5.64448
u0004568:i0993846,5.59551
u0004568:i1037705,6.72272
u0004568:i1042877,3.80417
u0004568:i1111422,5.79657
u0004568:i1253864,3.03139
u0004568:i1272878,5.20774
u0004568:i1327773,5.99303
u0004568:i1335975,6.29441
u0004568:i1386703,6.30322
u0004568:i1391137,0
u0004568:i1408253,5.50789
u0004568:i1418377,6.6046
u0004568:i1454468,4.99378
u0004568:i1483013,5.01838
u0004568:i1663662,5.86901
u0004568:i1673434,6.12448
u0004568:i1731141,6.21495
u0004568:i1798709,5.62234
u0004568:i1800241,5.90233
u0004568:i1872194,6.63143
u0004568:i1877832,5.59367
u0004568:i1885265,3.62236
u0004568:i1929263,6.44633
u0004568:i1959490,6.57315
u0004568:i2024544,5.86776
u0004568:i2083355,3.96299
u0004568:i2203939,6.29335
u0004568:i2215285,0
u0004568:i2234155,6.76828
u0004568:i2239832,5.9863
u0004568:i2245084,6.61064
u0004568:i2267998,6.02042
u0004568:i2294449,6.00271
u0004568:i2304771,6.85594
u0004568:i2369135,6.06601
u0004568:i2381941,6.40135
u0004568:i2404463,6.41468
u0004568:i2562232,6.4967
u0004568:i2785032,6.36864
u0004568:i2883512,6.29459
u0004568:i3063516,6.10867
u0004573:i0069113,3.86115
u0004573:i0104549,0
u0004573:i0120177,4.78299
u0004573:i0120794,4.72366
u0004573:i0310793,4.73911
u0004573:i1291584,4.18563
u0004573:i1303828,4.76009
u0004573:i1321511,5.53816
u0004573:i1813609,4.87222
u0004573:i1958043,5.35507
u0004573:i2235779,6.30195
u0004573:i2321549,6.84795
u0004573:i2481496,5.98
u0004573:i2820852,6.19005
u0004573:i3465074,4.72375
u0004577:i0119217,7.67
u0004577:i0478970,7.67
u0004577:i1655441,7.67
u0004577:i1798684,7.67
u0004577:i1832382,7.67
u0004577:i2084970,7.67
u0004577:i2179136,7.67
u0004577:i2446042,7.67
u0004577:i2980516,7.67
u0004578:i0052893,7.92598
u0004578:i0098635,7.92598
u0004578:i0190268,7.92598
u0004578:i0212712,7.92598
u0004578:i1392190,7.92598
u0004578:i1638355,7.92598
u0004578:i1646971,7.92598
u0004578:i1798684,7.92598
u0004578:i1865505,7.92598
u0004578:i2381249,7.92598
u0004578:i2436386,7.92598
u0004578:i2872750,7.92598
u0004578:i2926810,7.92598
u0004578:i3062880,7.92598
u0004578:i3168230,7.92598
u0004578:i4178092,7.92598
u0004591:i0120889,7.60697
u0004591:i0256380,7.60697
u0004591:i1125849,7.60697
u0004591:i1250777,7.60697
u0004591:i1707386,7.60697
u0004591:i1939659,7.60697
u0004598:i0084237,7.52381
u0004598:i0093692,7.52381
u0004598:i0094889,7.52381
u0004598:i0097523,7.52381
u0004598:i0097576,7.52381
u0004598:i0099422,7.52381
u0004598:i0100114,7.52381
u0004598:i0110399,7.52381
u0004598:i0119080,7.52381
u0004598:i0119215,7.52381
u0004598:i0120389,7.52381
u0004598:i0120663,7.52381
u0004598:i0120812,7.52381
u0004598:i0120890,7.52381
u0004598:i0120912,7.52381
u0004598:i0162222,7.52381
u0004598:i0211181,7.52381
u0004598:i0328099,7.52381
u0004598:i0337978,7.52381
u0004598:i0351977,7.52381
u0004598:i0365907,7.52381
u0004598:i0368975,7.52381
u0004598:i0369610,7.52381
u0004598:i0399201,7.52381
u0004598:i0430308,7.52381
u0004598:i0430357,7.52381
u0004598:i0441773,7.52381
u0004598:i0458352,7.52381
u0004598:i0468569,7.52381
u0004598:i0475944,7.52381
u0004598:i0783233,7.52381
u0004598:i0816692,7.52381
u0004598:i0884732,7.52381
u0004598:i1077258,7.52381
u0004598:i1194173,7.52381
u0004598:i1298650,7.52381
u0004598:i1351685,7.52381
u0004598:i1355630,7.52381
u0004598:i1366365,7.52381
u0004598:i1371150,7.52381
u0004598:i1401152,7.52381
u0004598:i1606378,7.52381
u0004598:i1631867,7.52381
u0004598:i1698641,7.52381
u0004598:i1850397,7.52381
u0004598:i1921064,7.52381
u0004598:i1924435,7.52381
u0004598:i1951265,7.52381
u0004598:i1956620,7.52381
u0004598:i2015381,7.52381
u0004598:i2024469,7.52381
u0004598:i2096673,7.52381
u0004598:i2103281,7.52381
u0004598:i2170439,7.52381
u0004598:i2205401,7.52381
u0004598:i2209764,7.52381
u0004598:i2245084,7.52381
u0004598:i2267998,7.52381
u0004598:i2333784,7.52381
u0004598:i2377322,7.52381
u0004598:i2381249,7.52381
u0004598:i2381941,7.52381
u0004598:i2446042,7.52381
u0004598:i2582802,7.52381
u0004598:i2820852,7.52381
u0004598:i2848292,7.52381
u0004598:i2975578,7.52381
u0004598:i3152624,7.52381
u0004598:i3850214,7.52381
u0004602:i1204340,4.98575
u0004602:i1316540,5.1527
u0004602:i1865505,5.99026
u0004602:i2006802,0
u0004602:i2614684,5.74946
u0004625:i0478970,5.95464
u0004625:i0903657,6.0927
u0004625:i1502712,6.05467
u0004625:i1772288,6.18954
u0004625:i1798684,5.76685
u0004625:i2096673,6.32039
u0004625:i2402101,5.61341
u0004625:i2466684,3.63207
u0004625:i2614684,5.80527
u0004625:i2870648,6.6882
u0004625:i3345474,3.63207
u0004625:i3603808,4.80879
u0004625:i3756788,4.00341
u0004625:i3781476,0
u0004625:i4536494,2.80222
u0004625:i4788638,5.1275
u0004638:i0067992,6.62358
u0004638:i0078788,5.73076
u0004638:i0080684,5.22119
u0004638:i0080745,6.1915
u0004638:i0086190,4.54215
u0004638:i0091939,0
u0004638:i0092563,5.19472
u0004638:i0093177,5.82764
u0004638:i0094721,4.49664
u0004638:i0095631,5.6564
u0004638:i0095705,6.37278
u0004638:i0095801,0
u0004638:i0097216,4.38817
u0004638:i0099487,3.22622
u0004638:i0099685,5.35861
u0004638:i0099939,5.50604
u0004638:i0100935,3.05539
u0004638:i0102510,5.6242
u0004638:i0105236,4.75131
u0004638:i0107688,5.01877
u0004638:i0110622,3.8643
u0004638:i0110912,4.55664
u0004638:i0112641,4.7092
u0004638:i0113277,5.47696
u0004638:i0116282,5.98251
u0004638:i0119396,6.43623
u0004638:i0120667,3.93099
u0004638:i0120737,4.20285
u0004638:i0121164,3.78535
u0004638:i0122690,4.93402
u0004638:i0128445,4.77574
u0004638:i0145487,4.97599
u0004638:i0149723,0
u0004638:i0162661,5.05344
u0004638:i0167260,3.97567
u0004638:i0167261,3.56587
u0004638:i0177789,5.48368
u0004638:i0209144,5.05717
u0004638:i0243133,5.21571
u0004638:i0256009,5.77449
u0004638:i0265666,5.07566
u0004638:i0266697,4.95716
u0004638:i0307901,6.41004
u0004638:i0316654,5.14814
u0004638:i0361748,5.004
u0004638:i0362270,3.75161
u0004638:i0371724,5.17781
u0004638:i0371746,5.07553
u0004638:i0372784,5.5984
u0004638:i0378194,5.23134
u0004638:i0399295,3.81397
u0004638:i0407887,4.54188
u0004638:i0413300,6.08363
u0004638:i0432283,4.29127
u0004638:i0454848,4.9837
u0004638:i0457430,5.85312
u0004638:i0458339,5.93267
u0004638:i0464141,4.42857
u0004638:i0468569,4.11954
u0004638:i0486576,2.88625
u0004638:i0800369,5.93898
u0004638:i0838221,5.78614
u0004638:i0848228,5.43006
u0004638:i0948470,4.78579
u0004638:i0985694,4.78912
u0004638:i0990407,4.4721
u0004638:i1045658,5.59916
u0004638:i1077368,3.74876
u0004638:i1092026,5.54376
u0004638:i1095217,0
u0004638:i1133985,5.02921
u0004638:i1197628,3.40889
u0004638:i1219289,5.85833
u0004638:i1228705,5.21128
u0004638:i1250777,5.33784
u0004638:i1270761,5.18613
u0004638:i1300854,5.84375
u0004638:i1321511,5.90737
u0004638:i1345836,3.84336
u0004638:i1605783,5.2169
u0004638:i1748122,6.04697
u0004638:i1767382,4.81022
u0004638:i1800241,5.99601
u0004638:i1872181,6.19433
u0004638:i2278388,6.13268
u0004638:i2369317,5.11257
u0004646:i1588173,6.6296
u0004646:i1800246,6.6296
u0004646:i2713180,6.6296
u0004656:i1638355,5.99439
u0004656:i1798684,5.78853
u0004656:i2126355,6.4404
u0004656:i2848292,6.26218
u0004671:i0079501,7.30849
u0004671:i0082694,7.30849
u0004671:i0086879,7.30849
u0004671:i0112471,7.30849
u0004671:i0119488,7.30849
u0004671:i0249462,7.30849
u0004671:i0253474,7.30849
u0004671:i0369610,7.30849
u0004671:i0385700,7.30849
u0004671:i1126590,7.30849
u0004671:i1392190,7.30849
u0004671:i1524930,7.30849
u0004671:i2582802,7.30849
u0004671:i2637276,7.30849
u0004671:i3622592,7.30849
u0004689:i0089530,7.67
u0004689:i0102803,7.67
u0004689:i0117951,7.67
u0004689:i0119567,7.67
u0004689:i0120601,7.67
u0004689:i0163025,7.67
u0004689:i0243655,7.67
u0004689:i0258463,7.67
u0004689:i0317740,7.67
u0004689:i0386117,7.67
u0004689:i0470752,7.67
u0004689:i0486655,7.67
u0004689:i0758758,7.67
u0004689:i0780504,7.67
u0004689:i0840361,7.67
u0004689:i0887883,7.67
u0004689:i0964517,7.67
u0004689:i1175709,7.67
u0004689:i1650554,7.67
u0004689:i1798684,7.67
u0004689:i1823672,7.67
u0004689:i1853728,7.67
u0004689:i1862079,7.67
u0004689:i1872194,7.67
u0004689:i2084970,7.67
u0004689:i2179136,7.67
u0004689:i2245084,7.67
u0004689:i2562232,7.67
u0004689:i2582802,7.67
u0004689:i2788716,7.67
u0004689:i2872718,7.67
u0004689:i2980516,7.67
u0004689:i3091282,7.67
u0004689:i4044364,7.67
u0004709:i0338013,4.72779
u0004709:i0959337,4.86995
u0004709:i2084970,6.3141
u0004711:i1502712,7.50519
u0004711:i1674771,7.50519
u0004711:i1798684,7.50519
u0004711:i2096673,7.50519
u0004711:i2381249,7.50519
u0004711:i3622592,7.50519
u0004726:i0816692,7.60697
u0004726:i0884732,7.60697
u0004726:i2377322,7.60697
u0004726:i2562232,7.60697
u0004726:i2713180,7.60697
u0004726:i2802144,7.60697
u0004726:i2872718,7.60697
u0004726:i2872732,7.60697
u0004726:i2911666,7.60697
u0004726:i2980516,7.60697
u0004726:i2980592,7.60697
u0004739:i0079501,7.34077
u0004739:i0116629,7.34077
u0004739:i0128445,7.34077
u0004739:i0862846,7.34077
u0004739:i0947798,7.34077
u0004739:i1126590,7.34077
u0004739:i1323594,7.34077
u0004739:i1587310,7.34077
u0004739:i1638002,7.34077
u0004739:i1690953,7.34077
u0004739:i1821549,7.34077
u0004739:i2179136,7.34077
u0004739:i2294629,7.34077
u0004739:i2562232,7.34077
u0004748:i0080801,5.22969
u0004748:i0113277,5.60433
u0004748:i0269095,3.85706
u0004748:i1172991,5.37738
u0004748:i1817273,6.617
u0004770:i0071562,7.60697
u0004770:i0074119,7.60697
u0004770:i0091538,7.60697
u0004770:i0119081,7.60697
u0004770:i0369610,7.60697
u0004770:i0478970,7.60697
u0004770:i1375666,7.60697
u0004770:i1392190,7.60697
u0004770:i1502712,7.60697
u0004770:i1631867,7.60697
u0004770:i1798684,7.60697
u0004770:i2179136,7.60697
u0004770:i2199571,7.60697
u0004770:i2381249,7.60697
u0004770:i2679042,7.60697
u0004777:i2180411,7.67
u0004777:i2395427,7.67
u0004777:i2908446,7.67
u0004777:i3547740,7.67
u0004778:i0070735,7.57727
u0004778:i0072890,7.57727
u0004778:i0073486,7.57727
u0004778:i0075314,7.57727
u0004778:i0078788,7.57727
u0004778:i0097216,7.57727
u0004778:i0099685,7.57727
u0004778:i0107207,7.57727
u0004778:i0112573,7.57727
u0004778:i0113277,7.57727
u0004778:i0117381,7.57727
u0004778:i0117913,7.57727
u0004778:i0118715,7.57727
u0004778:i0119008,7.57727
u0004778:i0119174,7.57727
u0004778:i0119217,7.57727
u0004778:i0119488,7.57727
u0004778:i0120689,7.57727
u0004778:i0120815,7.57727
u0004778:i0139654,7.57727
u0004778:i0180093,7.57727
u0004778:i0190590,7.57727
u0004778:i0206634,7.57727
u0004778:i0208092,7.57727
u0004778:i0266697,7.57727
u0004778:i0327056,7.57727
u0004778:i0328107,7.57727
u0004778:i0329388,7.57727
u0004778:i0338013,7.57727
u0004778:i0352248,7.57727
u0004778:i0361748,7.57727
u0004778:i0362227,7.57727
u0004778:i0363163,7.57727
u0004778:i0369339,7.57727
u0004778:i0378194,7.57727
u0004778:i0385002,7.57727
u0004778:i0405094,7.57727
u0004778:i0408790,7.57727
u0004778:i0427470,7.57727
u0004778:i0427944,7.57727
u0004778:i0440963,7.57727
u0004778:i0452623,7.57727
u0004778:i0457430,7.57727
u0004778:i0465538,7.57727
u0004778:i0470752,7.57727
u0004778:i0480249,7.57727
u0004778:i0758752,7.57727
u0004778:i0780536,7.57727
u0004778:i0795368,7.57727
u0004778:i0816692,7.57727
u0004778:i0825232,7.57727
u0004778:i0840361,7.57727
u0004778:i0945513,7.57727
u0004778:i1020072,7.57727
u0004778:i1028532,7.57727
u0004778:i1100089,7.57727
u0004778:i1182345,7.57727
u0004778:i1187043,7.57727
u0004778:i1188996,7.57727
u0004778:i1189340,7.57727
u0004778:i1190539,7.57727
u0004778:i1192628,7.57727
u0004778:i1193138,7.57727
u0004778:i1197624,7.57727
u0004778:i1216491,7.57727
u0004778:i1258197,7.57727
u0004778:i1291584,7.57727
u0004778:i1392190,7.57727
u0004778:i1605783,7.57727
u0004778:i1637725,7.57727
u0004778:i1645170,7.57727
u0004778:i1666801,7.57727
u0004778:i1772288,7.57727
u0004778:i1809398,7.57727
u0004778:i1823672,7.57727
u0004778:i1850397,7.57727
u0004778:i1855199,7.57727
u0004778:i1924396,7.57727
u0004778:i1924429,7.57727
u0004778:i2084970,7.57727
u0004778:i2096672,7.57727
u0004778:i2170439,7.57727
u0004778:i2199571,7.57727
u0004778:i2234003,7.57727
u0004778:i2245084,7.57727
u0004778:i2397535,7.57727
u0004778:i2493486,7.57727
u0004778:i2561572,7.57727
u0004778:i2562232,7.57727
u0004778:i2582802,7.57727
u0004778:i2614684,7.57727
u0004778:i2692250,7.57727
u0004778:i2718492,7.57727
u0004778:i2802144,7.57727
u0004778:i2870612,7.57727
u0004778:i2872718,7.57727
u0004778:i2911666,7.57727
u0004778:i3011894,7.57727
u0004778:i3042408,7.57727
u0004778:i3079380,7.57727
u0004778:i3203616,7.57727
u0004778:i3205376,7.57727
u0004778:i3235888,7.57727
u0004778:i3316960,7.57727
u0004778:i3504048,7.57727
u0004778:i3541262,7.57727
u0004799:i1100089,6.52148
u0004799:i1392190,6.06997
u0004799:i2637294,6.63508
u0004809:i0107290,6.86185
u0004809:i0119567,6.86185
u0004809:i0163025,6.86185
u0004809:i0287978,6.86185
u0004809:i0369610,6.86185
u0004809:i1758830,6.86185
u0004809:i2179136,6.86185
u0004809:i2395427,6.86185
u0004809:i2561572,6.86185
u0004820:i0137523,7.59091
u0004820:i0379217,7.59091
u0004820:i0838221,7.59091
u0004820:i1450321,7.59091
u0004820:i1659337,7.59091
u0004820:i2980516,7.59091
u0004839:i0068646,7.40318
u0004839:i0071562,7.40318
u0004839:i0246578,7.40318
u0004839:i0373469,7.40318
u0004839:i0986233,7.40318
u0004839:i1206543,7.40318
u0004839:i1600196,7.40318
u0004839:i1772288,7.40318
u0004839:i2015381,7.40318
u0004839:i2267998,7.40318
u0004839:i2395427,7.40318
u0004839:i2562232,7.40318
u0004839:i2582802,7.40318
u0004839:i2820852,7.40318
u0004844:i1065073,7.92598
u0004844:i1778338,7.92598
u0004844:i2278388,7.92598
u0004844:i2359002,7.92598
u0004844:i2486682,7.92598
u0004844:i3509878,7.92598
u0004844:i4075520,7.92598
u0004885:i0075651,7.60697
u0004885:i0082307,7.60697
u0004885:i0085382,7.60697
u0004885:i0087298,7.60697
u0004885:i0092115,7.60697
u0004885:i0099528,7.60697
u0004885:i2321549,7.60697
u0004885:i2752758,7.60697
u0004885:i3322940,7.60697
u0004905:i0118799,7.56337
u0004905:i0281358,7.56337
u0004905:i0989757,7.56337
u0004905:i1193138,7.56337
u0004905:i1524930,7.56337
u0004905:i2024469,7.56337
u0004905:i2179136,7.56337
u0004905:i2229499,7.56337
u0004905:i2322441,7.56337
u0004905:i2381249,7.56337
u0004905:i2395427,7.56337
u0004905:i2446042,7.56337
u0004905:i2637276,7.56337
u0004905:i2679042,7.56337
u0004905:i3214248,7.56337
u0004912:i0265349,8.23673
u0004912:i0314353,8.23673
u0004912:i0369610,8.23673
u0004912:i0384537,8.23673
u0004912:i0433362,8.23673
u0004912:i0470752,8.23673
u0004912:i0798817,8.23673
u0004912:i0816711,8.23673
u0004912:i0914863,8.23673
u0004912:i1003034,8.23673
u0004912:i1121096,8.23673
u0004912:i1171226,8.23673
u0004912:i1392190,8.23673
u0004912:i1441952,8.23673
u0004912:i1531901,8.23673
u0004912:i1588173,8.23673
u0004912:i1590950,8.23673
u0004912:i1605630,8.23673
u0004912:i1703148,8.23673
u0004912:i1723121,8.23673
u0004912:i1767372,8.23673
u0004912:i1931533,8.23673
u0004912:i1939659,8.23673
u0004912:i2103281,8.23673
u0004912:i2165859,8.23673
u0004912:i2170439,8.23673
u0004912:i2184339,8.23673
u0004912:i2191701,8.23673
u0004912:i2199571,8.23673
u0004912:i2231253,8.23673
u0004912:i2436386,8.23673
u0004912:i2446042,8.23673
u0004912:i2493486,8.23673
u0004912:i2562232,8.23673
u0004912:i2622826,8.23673
u0004912:i2692250,8.23673
u0004912:i2788710,8.23673
u0004912:i2872732,8.23673
u0004912:i2937898,8.23673
u0004912:i3157224,8.23673
u0004912:i3242756,8.23673
u0004912:i3247714,8.23673
u0004912:i3488328,8.23673
u0004920:i1023114,4.17894
u0004920:i1392190,6.0751
u0004920:i1454029,4.70808
u0004920:i2802144,6.30203
u0004941:i0093748,8.03572
u0004941:i0364751,8.03572
u0004941:i0455944,8.03572
u0004941:i0472198,8.03572
u0004941:i0478970,8.03572
u0004941:i0816692,8.03572
u0004941:i0831387,8.03572
u0004941:i0884732,8.03572
u0004941:i1091191,8.03572
u0004941:i1217565,8.03572
u0004941:i1229340,8.03572
u0004941:i1340138,8.03572
u0004941:i1430132,8.03572
u0004941:i1483324,8.03572
u0004941:i1617661,8.03572
u0004941:i1661199,8.03572
u0004941:i1674771,8.03572
u0004941:i1829012,8.03572
u0004941:i1840309,8.03572
u0004941:i1850397,8.03572
u0004941:i1872194,8.03572
u0004941:i1893256,8.03572
u0004941:i1924435,8.03572
u0004941:i2088003,8.03572
u0004941:i2167202,8.03572
u0004941:i2199571,8.03572
u0004941:i2234261,8.03572
u0004941:i2245084,8.03572
u0004941:i2267998,8.03572
u0004941:i2278388,8.03572
u0004941:i2293640,8.03572
u0004941:i2381249,8.03572
u0004941:i2402157,8.03572
u0004941:i2404311,8.03572
u0004941:i2465146,8.03572
u0004941:i2637276,8.03572
u0004941:i2713180,8.03572
u0004941:i2717822,8.03572
u0004941:i2726560,8.03572
u0004941:i2802136,8.03572
u0004941:i2802144,8.03572
u0004941:i2820852,8.03572
u0004941:i2923316,8.03572
u0004941:i2933474,8.03572
u0004941:i3136646,8.03572
u0004941:i3472226,8.03572
u0004941:i3767246,8.03572
u0004941:i4464702,8.03572
u0004941:i4559932,8.03572
u0004941:i4625752,8.03572
u0004958:i0111161,7.5
u0004958:i0251160,7.5
u0004958:i0253556,7.5
u0004958:i0393162,7.5
u0004958:i0425027,7.5
u0004958:i0433035,7.5
u0004958:i0454921,7.5
u0004958:i0465602,7.5
u0004958:i0758758,7.5
u0004958:i0795438,7.5
u0004958:i0814314,7.5
u0004958:i0964517,7.5
u0004958:i1129423,7.5
u0004958:i1201607,7.5
u0004958:i1210166,7.5
u0004958:i1291150,7.5
u0004958:i1340138,7.5
u0004958:i1630036,7.5
u0004958:i1649419,7.5
u0004958:i1951265,7.5
u0004958:i2096673,7.5
u0004958:i2120120,7.5
u0004958:i2126355,7.5
u0004958:i2179136,7.5
u0004958:i2224026,7.5
u0004958:i2293640,7.5
u0004958:i2310332,7.5
u0004958:i2381941,7.5
u0004958:i2395427,7.5
u0004958:i2446042,7.5
u0004958:i2820852,7.5
u0004958:i2980516,7.5
u0004961:i1381418,7.43514
u0004961:i2381249,7.43514
u0004961:i3337550,7.43514
u0004961:i3863552,7.43514
u0004961:i4430212,7.43514
u0004974:i0075860,7.48942
u0004974:i0083190,7.48942
u0004974:i0086491,7.48942
u0004974:i0090583,7.48942
u0004974:i0102943,7.48942
u0004974:i0106856,7.48942
u0004974:i0117631,7.48942
u0004974:i0120768,7.48942
u0004974:i0129290,7.48942
u0004974:i0131646,7.48942
u0004974:i0160916,7.48942
u0004974:i0175877,7.48942
u0004974:i0183523,7.48942
u0004974:i0287467,7.48942
u0004974:i0339291,7.48942
u0004974:i0443272,7.48942
u0004974:i0470752,7.48942
u0004974:i1024648,7.48942
u0004974:i1126590,7.48942
u0004974:i1392190,7.48942
u0004974:i1605717,7.48942
u0004974:i1617661,7.48942
u0004974:i1631867,7.48942
u0004974:i1655413,7.48942
u0004974:i1753496,7.48942
u0004974:i1823672,7.48942
u0004974:i2024544,7.48942
u0004974:i2096672,7.48942
u0004974:i2096673,7.48942
u0004974:i2293640,7.48942
u0004974:i2322441,7.48942
u0004974:i2436386,7.48942
u0004974:i2802144,7.48942
u0004974:i2911666,7.48942
u0004974:i2973408,7.48942
u0004974:i3235888,7.48942
u0004974:i3316960,7.48942
u0004974:i3713166,7.48942
u0004976:i0097937,5.69571
u0004976:i0105236,4.84096
u0004976:i0109686,4.66015
u0004976:i0109830,5.08974
u0004976:i0118715,5.8829
u0004976:i0371606,4.08286
u0004976:i0978762,2.89038
u0004976:i1231583,3.90669
u0004976:i1323594,5.91234
u0004976:i1655442,6.21576
u0004976:i1675434,4.47906
u0004976:i1809398,6.31733
u0004976:i2084970,6.32064
u0004976:i2106476,5.20151
u0004976:i2370248,6.08761
u0004986:i0109686,7.70696
u0004986:i1340138,7.70696
u0004986:i1392190,7.70696
u0004986:i2395427,7.70696
u0004986:i2637276,7.70696
u0004989:i0322259,8.02088
u0004989:i0372784,8.02088
u0004989:i0455944,8.02088
u0004989:i0816692,8.02088
u0004989:i1065073,8.02088
u0004989:i1234721,8.02088
u0004989:i1253863,8.02088
u0004989:i1291150,8.02088
u0004989:i1321511,8.02088
u0004989:i1371150,8.02088
u0004989:i1631867,8.02088
u0004989:i1843866,8.02088
u0004989:i1872194,8.02088
u0004989:i2316411,8.02088
u0004989:i2395427,8.02088
u0004989:i2582802,8.02088
u0004989:i2872718,8.02088
u0004989:i2872732,8.02088
u0004989:i2883512,8.02088
u0005004:i0102536,7.60697
u0005004:i0112817,7.60697
u0005004:i0113118,7.60697
u0005004:i0118694,7.60697
u0005004:i0138704,7.60697
u0005004:i0156887,7.60697
u0005004:i0338013,7.60697
u0005004:i0408236,7.60697
u0005004:i0470752,7.60697
u0005004:i0884732,7.60697
u0005004:i1571222,7.60697
u0005004:i1791682,7.60697
u0005004:i1827512,7.60697
u0005004:i2273657,7.60697
u0005004:i2381941,7.60697
u0005004:i2515034,7.60697
u0005004:i2802144,7.60697
u0005004:i2820852,7.60697
u0005004:i2994190,7.60697
u0005020:i0054279,7.81687
u0005020:i0091042,7.81687
u0005020:i0092890,7.81687
u0005020:i0098206,7.81687
u0005020:i0099653,7.81687
u0005020:i0200465,7.81687
u0005020:i0369610,7.81687
u0005020:i0397065,7.81687
u0005020:i0478970,7.81687
u0005020:i1216491,7.81687
u0005020:i1231587,7.81687
u0005020:i1259521,7.81687
u0005020:i1638355,7.81687
u0005020:i1823672,7.81687
u0005020:i2126355,7.81687
u0005020:i2179136,7.81687
u0005020:i2199571,7.81687
u0005020:i2293640,7.81687
u0005020:i2322441,7.81687
u0005020:i2381249,7.81687
u0005020:i2381941,7.81687
u0005020:i2395427,7.81687
u0005020:i2397535,7.81687
u0005020:i2562232,7.81687
u0005020:i2582802,7.81687
u0005020:i2637276,7.81687
u0005020:i2637294,7.81687
u0005020:i2692250,7.81687
u0005020:i2802144,7.81687
u0005020:i2820852,7.81687
u0005020:i2870648,7.81687
u0005020:i2872718,7.81687
u0005020:i2911666,7.81687
u0005020:i2937898,7.81687
u0005020:i3007512,7.81687
u0005020:i3450650,7.81687
u0005020:i3630276,7.81687
u0005025:i0816692,5.7853
u0005025:i2562232,6.50356
u0005025:i2713180,6.48648
u0005036:i0050825,6.2311
u0005036:i0113824,6.2311
u0005036:i0816692,6.2311
u0005036:i2321549,6.2311
u0005036:i2562232,6.2311
u0005036:i2866360,6.2311
u0005036:i2911666,6.2311
u0005053:i0055489,6.97779
u0005053:i0060153,6.97779
u0005053:i0063522,6.97779
u0005053:i0077631,6.97779
u0005053:i0082307,6.97779
u0005053:i0085794,6.97779
u0005053:i0092048,6.97779
u0005053:i0097493,6.97779
u0005053:i0105793,6.97779
u0005053:i0115685,6.97779
u0005053:i0117715,6.97779
u0005053:i0160862,6.97779
u0005053:i0470752,6.97779
u0005053:i1572491,6.97779
u0005053:i1798709,6.97779
u0005053:i1924435,6.97779
u0005053:i1937390,6.97779
u0005053:i2382009,6.97779
u0005053:i2382298,6.97779
u0005053:i2562232,6.97779
u0005053:i3079380,6.97779
u0005053:i3152624,6.97779
u0005099:i0369610,6.24665
u0005099:i1538403,4.72361
u0005099:i2626350,4.53385
u0005111:i0073486,7.50908
u0005111:i0120815,7.50908
u0005111:i1375666,7.50908
u0005111:i1528100,7.50908
u0005111:i1588170,7.50908
u0005111:i2084970,7.50908
u0005111:i2179136,7.50908
u0005111:i2562232,7.50908
u0005111:i2582802,7.50908
u0005111:i2820852,7.50908
u0005167:i0268978,6.78193
u0005167:i0816692,6.78193
u0005167:i1454468,6.78193
u0005167:i1726592,6.78193
u0005167:i2084970,6.78193
u0005167:i2278388,6.78193
u0005167:i2582802,6.78193
u0005169:i0369610,6.25345
u0005169:i0389328,3.94564
u0005169:i1121096,6.52075
u0005169:i1392190,6.08023
u0005169:i1403241,5.6918
u0005169:i1617661,6.71817
u0005169:i1714915,6.60145
u0005169:i1764647,4.93673
u0005169:i2096673,6.33419
u0005169:i2262227,7.00381
u0005169:i2279373,6.13814
u0005169:i2321549,6.9055
u0005169:i2395427,6.54137
u0005169:i2420756,6.17118
u0005169:i2436386,6.53598
u0005169:i2561572,6.27072
u0005169:i2562232,6.51044
u0005169:i2781516,6.45161
u0005169:i2799166,6.74449
u0005169:i2918436,6.28769
u0005169:i3253624,5.5391
u0005169:i3416742,6.60089
u0005169:i3626804,3.94564
u0005176:i0086263,7.67
u0005176:i0265666,7.67
u0005176:i0884732,7.67
u0005176:i1398426,7.67
u0005176:i2235779,7.67
u0005176:i2321549,7.67
u0005176:i2402157,7.67
u0005176:i2693664,7.67
u0005176:i2802144,7.67
u0005176:i2960930,7.67
u0005176:i3235888,7.67
u0005176:i3625152,7.67
u0005176:i3704538,7.67
u0005184:i0022835,7.60697
u0005184:i0101410,7.60697
u0005184:i0395169,7.60697
u0005184:i1392190,7.60697
u0005184:i1549920,7.60697
u0005184:i1588170,7.60697
u0005184:i1631867,7.60697
u0005184:i1823672,7.60697
u0005184:i1964418,7.60697
u0005184:i1972571,7.60697
u0005184:i2265171,7.60697
u0005184:i2369135,7.60697
u0005184:i2561572,7.60697
u0005184:i2788710,7.60697
u0005184:i2802144,7.60697
u0005184:i3622120,7.60697
u0005198:i0162222,7.30227
u0005198:i0478970,7.30227
u0005198:i1552224,7.30227
u0005198:i1841642,7.30227
u0005198:i2171867,7.30227
u0005198:i2231253,7.30227
u0005198:i2376218,7.30227
u0005198:i2381249,7.30227
u0005198:i2395427,7.30227
u0005198:i2517658,7.30227
u0005198:i2752772,7.30227
u0005198:i2820852,7.30227
u0005198:i2917388,7.30227
u0005198:i3450650,7.30227
u0005198:i3863552,7.30227
u0005209:i0455944,7.04199
u0005209:i1528100,7.04199
u0005209:i1649419,7.04199
u0005209:i1979320,7.04199
u0005209:i2180411,7.04199
u0005209:i2294449,7.04199
u0005209:i2333784,7.04199
u0005209:i2582802,7.04199
u0005209:i2911666,7.04199
u0005243:i0408790,5.71105
u0005243:i0482571,4.00457
u0005243:i1448755,4.13886
u0005243:i2267998,6.03525
u0005243:i3390572,6.3234
u0005243:i3461252,4.67679
u0005286:i1298650,5.38294
u0005286:i1535108,5.39986
u0005286:i1850397,6.12056
u0005286:i1872194,6.65216
u0005286:i1951265,6.64454
u0005286:i3322940,6.61414
u0005311:i0080120,7.55393
u0005311:i0097441,7.55393
u0005311:i0332452,7.55393
u0005311:i0470752,7.55393
u0005311:i1085492,7.55393
u0005311:i1340138,7.55393
u0005311:i1465522,7.55393
u0005311:i1483013,7.55393
u0005311:i1850397,7.55393
u0005311:i2109248,7.55393
u0005311:i2199571,7.55393
u0005311:i2333784,7.55393
u0005311:i2637276,7.55393
u0005311:i3181822,7.55393
u0005312:i0480025,7.67
u0005312:i1629757,7.67
u0005312:i2179136,7.67
u0005312:i2582802,7.67
u0005328:i2509850,6.52928
u0005328:i2883434,5.67917
u0005328:i3007512,6.17367
u0005332:i0277327,0
u0005332:i0309987,4.99452
u0005332:i0816692,5.79368
u0005332:i2802144,6.30798
u0005350:i0050083,8.7626
u0005350:i0111161,8.7626
u0005350:i0113277,8.7626
u0005350:i0114369,8.7626
u0005350:i0245844,8.7626
u0005350:i0395169,8.7626
u0005350:i0816692,8.7626
u0005350:i1065073,8.7626
u0005350:i1130884,8.7626
u0005350:i1291584,8.7626
u0005350:i1343092,8.7626
u0005350:i1392190,8.7626
u0005350:i1392214,8.7626
u0005350:i1535109,8.7626
u0005350:i1647668,8.7626
u0005350:i1650554,8.7626
u0005350:i1800241,8.7626
u0005350:i1809398,8.7626
u0005350:i1964418,8.7626
u0005350:i1979320,8.7626
u0005350:i2024544,8.7626
u0005350:i2084970,8.7626
u0005350:i2179136,8.7626
u0005350:i2226417,8.7626
u0005350:i2381941,8.7626
u0005350:i2395427,8.7626
u0005350:i2446042,8.7626
u0005350:i2582802,8.7626
u0005350:i2802144,8.7626
u0005350:i2820852,8.7626
u0005350:i2872718,8.7626
u0005350:i3007512,8.7626
u0005350:i3042408,8.7626
u0005364:i0119094,6.8437
u0005364:i0295700,6.8437
u0005364:i0455960,6.8437
u0005364:i0844708,6.8437
u0005364:i1587310,6.8437
u0005364:i2395427,6.8437
u0005366:i0047396,7.38886
u0005366:i0076759,7.38886
u0005366:i0093818,7.38886
u0005366:i0105236,7.38886
u0005366:i0209144,7.38886
u0005366:i0816692,7.38886
u0005366:i0903624,7.38886
u0005366:i1065073,7.38886
u0005366:i1170358,7.38886
u0005366:i1186830,7.38886
u0005366:i2267998,7.38886
u0005366:i2278388,7.38886
u0005366:i2310332,7.38886
u0005366:i2561572,7.38886
u0005366:i2562232,7.38886
u0005366:i2718492,7.38886
u0005366:i2884206,7.38886
u0005366:i2908446,7.38886
u0005366:i2980516,7.38886
u0005392:i0068646,3.99723
u0005392:i0109686,4.97082
u0005392:i0110413,3.89305
u0005392:i0114369,4.06588
u0005392:i0119038,4.73523
u0005392:i0137523,4.74121
u0005392:i0298203,3.88615
u0005392:i0385002,5.39177
u0005392:i0443706,5.68215
u0005392:i0468569,4.18292
u0005392:i0840361,4.76922
u0005392:i0997152,4.80348
u0005392:i1119646,4.55489
u0005392:i1152836,4.08474
u0005392:i1189073,5.06574
u0005392:i1211956,5.43975
u0005392:i1242422,2.62274
u0005392:i1258197,3.8626
u0005392:i1392190,6.08537
u0005392:i1392214,4.71683
u0005392:i1535109,4.38735
u0005392:i1670345,5.60371
u0005392:i1675434,4.55764
u0005392:i1798684,5.81029
u0005392:i1855199,4.914
u0005392:i1924396,5.19342
u0005392:i2096672,6.61958
u0005392:i2294449,6.08726
u0005392:i2334879,5.28729
u0005392:i2561572,6.29847
u0005392:i2582802,6.51734
u0005392:i2872718,6.52599
u0005392:i3042408,4.88592
u0005392:i3079380,5.94864
u0005456:i0107290,7.50908
u0005456:i0163025,7.50908
u0005456:i0258463,7.50908
u0005456:i1843866,7.50908
u0005458:i0063522,6.94009
u0005458:i0071360,6.94009
u0005458:i0073802,6.94009
u0005458:i0074285,6.94009
u0005458:i0076786,6.94009
u0005458:i0077631,6.94009
u0005458:i0080761,6.94009
u0005458:i0086541,6.94009
u0005458:i0089469,6.94009
u0005458:i0089530,6.94009
u0005458:i0096283,6.94009
u0005458:i0096933,6.94009
u0005458:i0103074,6.94009
u0005458:i0105112,6.94009
u0005458:i0107362,6.94009
u0005458:i0117060,6.94009
u0005458:i0117571,6.94009
u0005458:i0119698,6.94009
u0005458:i0158983,6.94009
u0005458:i0245429,6.94009
u0005458:i0253556,6.94009
u0005458:i0265086,6.94009
u0005458:i0266987,6.94009
u0005458:i0286106,6.94009
u0005458:i0307901,6.94009
u0005458:i0309698,6.94009
u0005458:i0320661,6.94009
u0005458:i0325710,6.94009
u0005458:i0368447,6.94009
u0005458:i0369610,6.94009
u0005458:i0419677,6.94009
u0005458:i0448134,6.94009
u0005458:i0470752,6.94009
u0005458:i0478970,6.94009
u0005458:i0482572,6.94009
u0005458:i0884328,6.94009
u0005458:i1028528,6.94009
u0005458:i1340800,6.94009
u0005458:i1392190,6.94009
u0005458:i1631867,6.94009
u0005458:i1659337,6.94009
u0005458:i1663662,6.94009
u0005458:i1684233,6.94009
u0005458:i1922777,6.94009
u0005458:i1951264,6.94009
u0005458:i2103281,6.94009
u0005458:i2184339,6.94009
u0005458:i2226417,6.94009
u0005458:i2245084,6.94009
u0005458:i2359024,6.94009
u0005458:i2377322,6.94009
u0005458:i2395427,6.94009
u0005458:i2545118,6.94009
u0005458:i2582846,6.94009
u0005458:i2713180,6.94009
u0005458:i2848292,6.94009
u0005458:i2872732,6.94009
u0005458:i2935476,6.94009
u0005458:i2975578,6.94009
u0005458:i3079380,6.94009
u0005459:i0405422,7.60697
u0005459:i2170439,7.60697
u0005459:i2382396,7.60697
u0005459:i2395427,7.60697
u0005460:i0052618,7.27727
u0005460:i0103644,7.27727
u0005460:i0119654,7.27727
u0005460:i0120912,7.27727
u0005460:i0240772,7.27727
u0005460:i0258463,7.27727
u0005460:i0264464,7.27727
u0005460:i0290334,7.27727
u0005460:i0337978,7.27727
u0005460:i0369610,7.27727
u0005460:i0386588,7.27727
u0005460:i0418279,7.27727
u0005460:i0448157,7.27727
u0005460:i0448694,7.27727
u0005460:i0450259,7.27727
u0005460:i0457430,7.27727
u0005460:i0470752,7.27727
u0005460:i0477080,7.27727
u0005460:i0480249,7.27727
u0005460:i0816692,7.27727
u0005460:i0884732,7.27727
u0005460:i1020072,7.27727
u0005460:i1023481,7.27727
u0005460:i1111422,7.27727
u0005460:i1121096,7.27727
u0005460:i1136608,7.27727
u0005460:i1193631,7.27727
u0005460:i1285016,7.27727
u0005460:i1323594,7.27727
u0005460:i1334512,7.27727
u0005460:i1351685,7.27727
u0005460:i1392190,7.27727
u0005460:i1397280,7.27727
u0005460:i1399103,7.27727
u0005460:i1408253,7.27727
u0005460:i1409024,7.27727
u0005460:i1528100,7.27727
u0005460:i1617661,7.27727
u0005460:i1638002,7.27727
u0005460:i1661199,7.27727
u0005460:i1666801,7.27727
u0005460:i1800741,7.27727
u0005460:i1823672,7.27727
u0005460:i1921149,7.27727
u0005460:i1951265,7.27727
u0005460:i2084970,7.27727
u0005460:i2096672,7.27727
u0005460:i2179136,7.27727
u0005460:i2184339,7.27727
u0005460:i2235108,7.27727
u0005460:i2245084,7.27727
u0005460:i2322441,7.27727
u0005460:i2395427,7.27727
u0005460:i2436386,7.27727
u0005460:i2446042,7.27727
u0005460:i2452200,7.27727
u0005460:i2561572,7.27727
u0005460:i2669336,7.27727
u0005460:i2692250,7.27727
u0005460:i2717822,7.27727
u0005460:i2726560,7.27727
u0005460:i2756032,7.27727
u0005460:i2802144,7.27727
u0005460:i2820852,7.27727
u0005460:i2911666,7.27727
u0005460:i2917388,7.27727
u0005460:i2980472,7.27727
u0005460:i3079380,7.27727
u0005460:i3235888,7.27727
u0005460:i3416742,7.27727
u0005460:i3480796,7.27727
u0005491:i0119488,5.05105
u0005491:i0780536,6.45583
u0005491:i0816692,5.80208
u0005491:i1023114,4.47744
u0005491:i1504320,5.89072
u0005491:i1809398,6.34181
u0005491:i1853728,4.10201
u0005491:i1924396,5.29141
u0005491:i1931533,5.12014
u0005491:i2582802,6.52453
u0005497:i0068646,7.75889
u0005497:i0071562,7.75889
u0005497:i0073195,7.75889
u0005497:i0078788,7.75889
u0005497:i0108052,7.75889
u0005497:i0109830,7.75889
u0005497:i0110912,7.75889
u0005497:i0111161,7.75889
u0005497:i0137523,7.75889
u0005497:i0167260,7.75889
u0005497:i0167261,7.75889
u0005497:i0357413,7.75889
u0005497:i0369610,7.75889
u0005497:i0468569,7.75889
u0005497:i0470752,7.75889
u0005497:i0478970,7.75889
u0005497:i0903657,7.75889
u0005497:i1232829,7.75889
u0005497:i1674771,7.75889
u0005497:i2309260,7.75889
u0005497:i2637276,7.75889
u0005497:i2820852,7.75889
u0005497:i2848292,7.75889
u0005497:i3168230,7.75889
u0005497:i3622592,7.75889
u0005516:i0050083,7.92598
u0005516:i0066921,7.92598
u0005516:i0073486,7.92598
u0005516:i0075314,7.92598
u0005516:i0081505,7.92598
u0005516:i0105236,7.92598
u0005516:i0107207,7.92598
u0005516:i0113247,7.92598
u0005516:i0114814,7.92598
u0005516:i0116282,7.92598
u0005516:i0118799,7.92598
u0005516:i0166924,7.92598
u0005516:i0167404,7.92598
u0005516:i0169547,7.92598
u0005516:i0172495,7.92598
u0005516:i0174856,7.92598
u0005516:i0180093,7.92598
u0005516:i0253474,7.92598
u0005516:i0361748,7.92598
u0005516:i0362227,7.92598
u0005516:i0364569,7.92598
u0005516:i0381849,7.92598
u0005516:i0443706,7.92598
u0005516:i0449059,7.92598
u0005516:i0449467,7.92598
u0005516:i0450259,7.92598
u0005516:i0903624,7.92598
u0005516:i0947798,7.92598
u0005516:i0964517,7.92598
u0005516:i1152836,7.92598
u0005516:i1188996,7.92598
u0005516:i1235189,7.92598
u0005516:i1392190,7.92598
u0005516:i1392214,7.92598
u0005516:i1454468,7.92598
u0005516:i1545754,7.92598
u0005516:i1670345,7.92598
u0005516:i1972571,7.92598
u0005516:i2024544,7.92598
u0005516:i2039393,7.92598
u0005516:i2106476,7.92598
u0005516:i2381941,7.92598
u0005516:i2446042,7.92598
u0005516:i2561572,7.92598
u0005516:i2582802,7.92598
u0005516:i2788710,7.92598
u0005516:i2802144,7.92598
u0005516:i2872718,7.92598
u0005516:i3045616,7.92598
u0005516:i3063516,7.92598
u0005516:i3079380,7.92598
u0005516:i3541262,7.92598
u0005543:i0054215,6.92525
u0005543:i0062622,6.92525
u0005543:i0265086,6.92525
u0005543:i1568338,6.92525
u0005543:i2562232,6.92525
u0005543:i2872718,6.92525
u0005543:i2917388,6.92525
u0005575:i0106918,7.18713
u0005575:i0274812,7.18713
u0005575:i0443295,7.18713
u0005575:i1528071,7.18713
u0005575:i1758692,7.18713
u0005575:i2322441,7.18713
u0005575:i2404311,7.18713
u0005590:i0369610,7.83478
u0005590:i2179136,7.83478
u0005590:i2802144,7.83478
u0005611:i0467406,7.80635
u0005611:i0964517,7.80635
u0005611:i1375666,7.80635
u0005611:i2084970,7.80635
u0005611:i2199571,7.80635
u0005611:i2637276,7.80635
u0005611:i2802144,7.80635
u0005616:i0054215,7.72229
u0005616:i0111161,7.72229
u0005616:i0471042,7.72229
u0005616:i1029360,7.72229
u0005616:i1524930,7.72229
u0005616:i1640718,7.72229
u0005616:i1661199,7.72229
u0005616:i1781922,7.72229
u0005616:i2199571,7.72229
u0005616:i2278388,7.72229
u0005616:i2388422,7.72229
u0005616:i2404425,7.72229
u0005616:i2446042,7.72229
u0005616:i2524568,7.72229
u0005616:i2552296,7.72229
u0005616:i2637276,7.72229
u0005616:i2967224,7.72229
u0005616:i2980516,7.72229
u0005616:i3331150,7.72229
u0005616:i3381858,7.72229
u0005616:i3622592,7.72229
u0005617:i2170593,7.60455
u0005617:i2322441,7.60455
u0005617:i2381941,7.60455
u0005618:i0076101,0
u0005618:i0088184,5.17877
u0005618:i0379217,6.51158
u0005618:i0458413,6.38813
u0005618:i0470752,6.42185
u0005618:i0478970,5.96454
u0005618:i1392190,6.09052
u0005618:i2322441,6.64133
u0005618:i2937898,6.60499
u0005618:i3416742,6.6834
u0005618:i3612616,6.02745
u0005618:i3630276,6.6497
u0005626:i2084970,7.34963
u0005626:i2096673,7.34963
u0005626:i2126355,7.34963
u0005626:i2199571,7.34963
u0005626:i2381249,7.34963
u0005626:i2582802,7.34963
u0005626:i2614684,7.34963
u0005626:i2713180,7.34963
u0005626:i2872718,7.34963
u0005626:i2910814,7.34963
u0005626:i2980516,7.34963
u0005626:i3007512,7.34963
u0005626:i3042408,7.34963
u0005626:i3247714,7.34963
u0005628:i0114369,8.07048
u0005628:i0131325,8.07048
u0005628:i1100089,8.07048
u0005641:i0185937,7.50908
u0005641:i0229260,7.50908
u0005641:i0848228,7.50908
u0005641:i2852458,7.50908
u0005644:i0816692,6.46409
u0005644:i1109624,6.46409
u0005644:i1746183,6.46409
u0005644:i2562232,6.46409
u0005644:i2911666,6.46409
u0005647:i0369610,7.26096
u0005647:i0816692,7.26096
u0005647:i2369135,7.26096
u0005647:i2562232,7.26096
u0005647:i3029558,7.26096
u0005657:i0050083,7.00157
u0005657:i0097937,7.00157
u0005657:i0099685,7.00157
u0005657:i0106856,7.00157
u0005657:i0107048,7.00157
u0005657:i0112384,7.00157
u0005657:i0137523,7.00157
u0005657:i0172495,7.00157
u0005657:i0449059,7.00157
u0005657:i0816692,7.00157
u0005657:i1020072,7.00157
u0005657:i1100089,7.00157
u0005657:i1528100,7.00157
u0005657:i1809398,7.00157
u0005657:i1823672,7.00157
u0005657:i1872194,7.00157
u0005657:i2084970,7.00157
u0005657:i2096672,7.00157
u0005657:i2179136,7.00157
u0005657:i2180411,7.00157
u0005657:i2245084,7.00157
u0005657:i2338151,7.00157
u0005657:i2446042,7.00157
u0005657:i2576852,7.00157
u0005657:i2714900,7.00157
u0005657:i2737050,7.00157
u0005657:i2758880,7.00157
u0005657:i2802144,7.00157
u0005657:i2872718,7.00157
u0005657:i2917388,7.00157
u0005657:i2937898,7.00157
u0005657:i2980516,7.00157
u0005657:i3089388,7.00157
u0005672:i0081398,7.50908
u0005672:i0114814,7.50908
u0005672:i0117381,7.50908
u0005672:i0120586,7.50908
u0005672:i1193138,7.50908
u0005672:i1675434,7.50908
u0005672:i1924396,7.50908
u0005695:i1850397,6.18057
u0005695:i2106476,5.31459
u0005695:i2582846,5.22556
u0005706:i0359950,7.18222
u0005706:i1258197,7.18222
u0005706:i2802144,7.18222
u0005709:i1100089,6.54477
u0005709:i1641841,4.85861
u0005709:i2179136,6.57412
u0005709:i2305051,6.82782
u0005709:i2381941,6.41299
u0005709:i2911666,6.6634
u0005709:i2911668,5.75466
u0005713:i0790636,7.7135
u0005713:i1327773,7.7135
u0005713:i1798709,7.7135
u0005713:i2713180,7.7135
u0005713:i4229236,7.7135
u0005715:i0369610,7.36766
u0005715:i0455944,7.36766
u0005715:i0470752,7.36766
u0005715:i0478970,7.36766
u0005715:i1020072,7.36766
u0005715:i1291150,7.36766
u0005715:i1392190,7.36766
u0005715:i1456635,7.36766
u0005715:i1571249,7.36766
u0005715:i1605717,7.36766
u0005715:i1617661,7.36766
u0005715:i1823672,7.36766
u0005715:i1951265,7.36766
u0005715:i2084970,7.36766
u0005715:i2096673,7.36766
u0005715:i2170439,7.36766
u0005715:i2170593,7.36766
u0005715:i2179136,7.36766
u0005715:i2180411,7.36766
u0005715:i2194499,7.36766
u0005715:i2245084,7.36766
u0005715:i2321549,7.36766
u0005715:i2382298,7.36766
u0005715:i2395427,7.36766
u0005715:i2802144,7.36766
u0005715:i2820852,7.36766
u0005715:i2872718,7.36766
u0005715:i2872732,7.36766
u0005715:i2911666,7.36766
u0005715:i2937898,7.36766
u0005715:i2980516,7.36766
u0005715:i3079380,7.36766
u0005715:i3169706,7.36766
u0005715:i3235888,7.36766
u0005715:i3455224,7.36766
u0005758:i0108399,7.56357
u0005758:i0266308,7.56357
u0005758:i1392190,7.56357
u0005758:i1853739,7.56357
u0005758:i1935179,7.56357
u0005758:i2267998,7.56357
u0005758:i2382396,7.56357
u0005758:i2395427,7.56357
u0005758:i2404463,7.56357
u0005758:i2832470,7.56357
u0005758:i2872718,7.56357
u0005758:i2911666,7.56357
u0005758:i2980592,7.56357
u0005758:i3713166,7.56357
u0005759:i1798709,7.66858
u0005759:i1823672,7.66858
u0005759:i2562232,7.66858
u0005766:i0093748,6.25177
u0005766:i0109287,6.25177
u0005766:i0111070,6.25177
u0005766:i0112384,6.25177
u0005766:i0304669,6.25177
u0005766:i0383216,6.25177
u0005766:i0816692,6.25177
u0005766:i0838232,6.25177
u0005766:i0848228,6.25177
u0005766:i0903624,6.25177
u0005766:i1067106,6.25177
u0005766:i1086772,6.25177
u0005766:i1170358,6.25177
u0005766:i1234721,6.25177
u0005766:i1291150,6.25177
u0005766:i1327194,6.25177
u0005766:i1413495,6.25177
u0005766:i1430607,6.25177
u0005766:i1438254,6.25177
u0005766:i1631867,6.25177
u0005766:i1663207,6.25177
u0005766:i1742044,6.25177
u0005766:i1800246,6.25177
u0005766:i1956620,6.25177
u0005766:i2004420,6.25177
u0005766:i2015381,6.25177
u0005766:i2039393,6.25177
u0005766:i2096672,6.25177
u0005766:i2103254,6.25177
u0005766:i2103281,6.25177
u0005766:i2109248,6.25177
u0005766:i2172934,6.25177
u0005766:i2203939,6.25177
u0005766:i2245084,6.25177
u0005766:i2267998,6.25177
u0005766:i2310332,6.25177
u0005766:i2316411,6.25177
u0005766:i2322441,6.25177
u0005766:i2369135,6.25177
u0005766:i2446042,6.25177
u0005766:i2463288,6.25177
u0005766:i2557490,6.25177
u0005766:i2692250,6.25177
u0005766:i2872732,6.25177
u0005766:i2883512,6.25177
u0005766:i2980706,6.25177
u0005766:i3711466,6.25177
u0005785:i0289992,7.62306
u0005785:i1817273,7.62306
u0005785:i2562232,7.62306
u0005788:i1617661,6.74094
u0005788:i2310332,6.44338
u0005788:i2381941,6.42465
u0005791:i0074285,7.60697
u0005791:i0077651,7.60697
u0005791:i0091064,7.60697
u0005791:i0093870,7.60697
u0005791:i0098084,7.60697
u0005791:i0395584,7.60697
u0005791:i1136608,7.60697
u0005791:i1482459,7.60697
u0005791:i2387559,7.60697
u0005791:i2788710,7.60697
u0005791:i3011894,7.60697
u0005811:i1392190,7.04048
u0005811:i1731141,7.04048
u0005811:i2267998,7.04048
u0005815:i0119978,7.43514
u0005815:i0217505,7.43514
u0005815:i0369610,7.43514
u0005815:i0470752,7.43514
u0005815:i0478970,7.43514
u0005815:i0884732,7.43514
u0005815:i1392190,7.43514
u0005815:i1398426,7.43514
u0005815:i1502712,7.43514
u0005815:i1524930,7.43514
u0005815:i1600196,7.43514
u0005815:i1617661,7.43514
u0005815:i1674771,7.43514
u0005815:i1714206,7.43514
u0005815:i1798684,7.43514
u0005815:i1964418,7.43514
u0005815:i1967545,7.43514
u0005815:i2084970,7.43514
u0005815:i2096673,7.43514
u0005815:i2120120,7.43514
u0005815:i2126355,7.43514
u0005815:i2199571,7.43514
u0005815:i2279373,7.43514
u0005815:i2305051,7.43514
u0005815:i2321549,7.43514
u0005815:i2322441,7.43514
u0005815:i2381249,7.43514
u0005815:i2382396,7.43514
u0005815:i2395427,7.43514
u0005815:i2436386,7.43514
u0005815:i2561572,7.43514
u0005815:i2562232,7.43514
u0005815:i2582802,7.43514
u0005815:i2637294,7.43514
u0005815:i2679042,7.43514
u0005815:i2717822,7.43514
u0005815:i2756032,7.43514
u0005815:i2802144,7.43514
u0005815:i2820852,7.43514
u0005815:i2908446,7.43514
u0005815:i2980592,7.43514
u0005815:i3152624,7.43514
u0005815:i3181822,7.43514
u0005815:i3316948,7.43514
u0005815:i3316960,7.43514
u0005815:i3369806,7.43514
u0005815:i3450650,7.43514
u0005815:i3534602,7.43514
u0005815:i3622592,7.43514
u0005815:i3713166,7.43514
u0005815:i3850214,7.43514
u0005815:i4178092,7.43514
u0005879:i0057115,5.81655
u0005879:i0070511,4.54807
u0005879:i1646971,6.70822
u0005886:i0100814,7.60697
u0005886:i0369610,7.60697
u0005886:i2273657,7.60697
u0005886:i2446042,7.60697
u0005886:i2848292,7.60697
u0005909:i0114369,4.11316
u0005909:i0119488,5.15628
u0005909:i0120586,4.62333
u0005909:i0137523,4.80528
u0005909:i0169547,5.03673
u0005909:i0221027,4.234
u0005909:i0335266,4.81165
u0005909:i1041829,6.22302
u0005909:i1282140,5.29981
u0005909:i1375666,4.76266
u0005909:i1638002,5.0913
u0005909:i1837562,5.04844
u0005909:i2381941,6.43633
u0005909:i2493486,5.32131
u0005909:i2802144,6.31394
u0005909:i3369806,4.38021
u0005909:i3488328,5.68446
u0005909:i3622592,5.30386
u0005940:i2802144,6.3199
u0005940:i4148400,0
u0005940:i4458206,5.48513
u0005942:i0068257,7.12257
u0005942:i0070434,7.12257
u0005942:i0079584,7.12257
u0005942:i0215911,7.12257
u0005942:i0220832,7.12257
u0005942:i0272118,7.12257
u0005942:i0369610,7.12257
u0005942:i0838221,7.12257
u0005942:i1355630,7.12257
u0005942:i1386588,7.12257
u0005942:i1486834,7.12257
u0005942:i1833673,7.12257
u0005942:i1887763,7.12257
u0005942:i2016894,7.12257
u0005942:i2179136,7.12257
u0005942:i2802144,7.12257
u0005942:i2820852,7.12257
u0005942:i3836958,7.12257
u0005953:i1007029,7.61651
u0005953:i1130884,7.61651
u0005953:i1291150,7.61651
u0005953:i1397514,7.61651
u0005953:i1790864,7.61651
u0005953:i1951264,7.61651
u0005953:i2024432,7.61651
u0005953:i2179136,7.61651
u0005953:i2293640,7.61651
u0005953:i2788710,7.61651
u0005953:i2908446,7.61651
u0005959:i0114388,4.56043
u0005959:i0265086,5.43122
u0005959:i0277434,3.65295
u0005959:i0369610,6.26026
u0005959:i0396752,0
u0005959:i0420223,5.08003
u0005959:i0443543,3.67991
u0005959:i0454848,5.246
u0005959:i0816692,5.81049
u0005959:i0864835,5.95806
u0005959:i0910970,5.7234
u0005959:i1212450,4.42519
u0005959:i1217209,4.29905
u0005959:i1371150,6.41846
u0005959:i1415283,3.835
u0005959:i1596350,4.01927
u0005959:i1600196,6.59405
u0005959:i1617661,6.76379
u0005959:i1631867,6.20012
u0005959:i1823672,6.51615
u0005959:i1872194,6.67294
u0005959:i1877832,5.66447
u0005959:i1956620,6.54166
u0005959:i2039393,6.328
u0005959:i2106361,6.64039
u0005959:i2140373,5.96103
u0005959:i2170593,6.62171
u0005959:i2180411,6.44708
u0005959:i2245084,6.62474
u0005959:i2267998,6.05012
u0005959:i2446042,6.65317
u0005959:i2493486,5.39626
u0005959:i2582846,5.28298
u0005959:i2788716,6.09916
u0005959:i2802144,6.32587
u0005959:i2872718,6.53672
u0005959:i2910814,6.66925
u0005970:i0499549,5.26393
u0005970:i1587310,6.30741
u0005970:i1661199,6.36183
u0005970:i1772341,5.26649
u0005982:i0407887,7.74061
u0005982:i1809398,7.74061
u0005982:i2084970,7.74061
u0005982:i2557276,7.74061
u0005982:i3235888,7.74061
u0005994:i0884732,6.85306
u0005994:i2381249,6.85306
u0005994:i2381941,6.85306
u0005994:i2395427,6.85306
u0005994:i2561572,6.85306
u0005994:i2582802,6.85306
u0005994:i2717822,6.85306
u0005994:i2866360,6.85306
u0005994:i3235888,6.85306
u0005994:i4178092,6.85306
u0006002:i2278388,7.06521
u0006002:i2321549,7.06521
u0006002:i2987732,7.06521
u0006030:i0790769,0
u0006030:i3253624,6.3304
u0006030:i4229236,5.97142
u0006038:i0816711,5.31181
u0006038:i1706620,6.12645
u0006038:i2911666,6.67828
u0006045:i2179136,7.08759
u0006045:i2582802,7.08759
u0006045:i2802144,7.08759
u0006045:i2872718,7.08759
u0006061:i0077928,7.37416
u0006061:i0117381,7.37416
u0006061:i1100089,7.37416
u0006061:i1126590,7.37416
u0006061:i1645089,7.37416
u0006061:i1809398,7.37416
u0006061:i2084970,7.37416
u0006061:i2305051,7.37416
u0006061:i2562232,7.37416
u0006061:i2758880,7.37416
u0006061:i2980516,7.37416
u0006061:i2991224,7.37416
u0006061:i3316960,7.37416
u0006061:i4044364,7.37416
u0006069:i1675192,7.01876
u0006069:i3079380,7.01876
u0006069:i3316960,7.01876
u0006099:i0069704,6.99811
u0006099:i0080339,6.99811
u0006099:i0087277,6.99811
u0006099:i0097239,6.99811
u0006099:i0100114,6.99811
u0006099:i0102614,6.99811
u0006099:i0109040,6.99811
u0006099:i0110413,6.99811
u0006099:i0112896,6.99811
u0006099:i0117723,6.99811
u0006099:i0129387,6.99811
u0006099:i0239948,6.99811
u0006099:i0298130,6.99811
u0006099:i0367085,6.99811
u0006099:i0398286,6.99811
u0006099:i0407887,6.99811
u0006099:i0409459,6.99811
u0006099:i0425413,6.99811
u0006099:i0439630,6.99811
u0006099:i0467406,6.99811
u0006099:i0475394,6.99811
u0006099:i0478970,6.99811
u0006099:i0780504,6.99811
u0006099:i0796366,6.99811
u0006099:i0815236,6.99811
u0006099:i0816692,6.99811
u0006099:i0817177,6.99811
u0006099:i0879870,6.99811
u0006099:i0884732,6.99811
u0006099:i1077368,6.99811
u0006099:i1142800,6.99811
u0006099:i1375666,6.99811
u0006099:i1408101,6.99811
u0006099:i1535109,6.99811
u0006099:i1583420,6.99811
u0006099:i1587310,6.99811
u0006099:i1617661,6.99811
u0006099:i1650554,6.99811
u0006099:i1712170,6.99811
u0006099:i1843866,6.99811
u0006099:i1959490,6.99811
u0006099:i1972779,6.99811
u0006099:i2015381,6.99811
u0006099:i2023587,6.99811
u0006099:i2084970,6.99811
u0006099:i2096672,6.99811
u0006099:i2126355,6.99811
u0006099:i2170593,6.99811
u0006099:i2279373,6.99811
u0006099:i2395427,6.99811
u0006099:i2446042,6.99811
u0006099:i2561572,6.99811
u0006099:i2788710,6.99811
u0006099:i2820852,6.99811
u0006099:i2848292,6.99811
u0006099:i2911666,6.99811
u0006099:i3007512,6.99811
u0006099:i3203616,6.99811
u0006099:i3720788,6.99811
u0006099:i4368814,6.99811
u0006102:i2322441,7.85614
u0006102:i2609218,7.85614
u0006102:i3001638,7.85614
u0006102:i3334348,7.85614
u0006102:i3495030,7.85614
u0006102:i3619772,7.85614
u0006102:i3678782,7.85614
u0006102:i3848888,7.85614
u0006102:i3863552,7.85614
u0006102:i3980868,7.85614
u0006102:i4271730,7.85614
u0006102:i4332114,7.85614
u0006126:i0137523,7.96509
u0006126:i0470752,7.96509
u0006126:i0787474,7.96509
u0006126:i1068680,7.96509
u0006126:i1385826,7.96509
u0006126:i1392190,7.96509
u0006126:i2084970,7.96509
u0006126:i2096673,7.96509
u0006126:i2338151,7.96509
u0006126:i2562232,7.96509
u0006126:i2872718,7.96509
u0006126:i2908446,7.96509
u0006126:i2980516,7.96509
u0006138:i1126590,8.52381
u0006138:i2802144,8.52381
u0006138:i3316960,8.52381
u0006142:i0796239,7.60697
u0006142:i1020072,7.60697
u0006142:i2980516,7.60697
u0006198:i0079501,6.12686
u0006198:i0082694,6.21202
u0006198:i0089530,5.99832
u0006198:i0116282,6.1098
u0006198:i0139134,3.55135
u0006198:i0272152,5.34763
u0006198:i0325805,6.09503
u0006198:i0470752,6.43295
u0006198:i0816692,5.81891
u0006198:i1132620,6.0289
u0006198:i1392190,6.09567
u0006198:i1600196,6.64254
u0006198:i2567712,6.83609
u0006198:i2692904,6.7415
u0006198:i2872750,6.83125
u0006198:i3472226,6.07512
u0006260:i1258197,7.30958
u0006260:i1655441,7.30958
u0006260:i1661199,7.30958
u0006260:i1850397,7.30958
u0006260:i1907668,7.30958
u0006260:i2004420,7.30958
u0006260:i2039393,7.30958
u0006260:i2293640,7.30958
u0006260:i2381941,7.30958
u0006260:i2446042,7.30958
u0006260:i2637276,7.30958
u0006260:i2637294,7.30958
u0006260:i2802144,7.30958
u0006260:i2820852,7.30958
u0006260:i2848292,7.30958
u0006260:i3125324,7.30958
u0006260:i4382552,7.30958
u0006284:i1371111,6.4896
u0006284:i1392190,6.4896
u0006284:i1809398,6.4896
u0006284:i1853728,6.4896
u0006284:i1872194,6.4896
u0006284:i1924396,6.4896
u0006284:i2637276,6.4896
u0006284:i3316960,6.4896
u0006285:i0338013,7.60697
u0006285:i1103275,7.60697
u0006285:i1185836,7.60697
u0006285:i1617661,7.60697
u0006285:i1655441,7.60697
u0006285:i1951181,7.60697
u0006285:i2126355,7.60697
u0006285:i2179136,7.60697
u0006285:i2582802,7.60697
u0006285:i3045616,7.60697
u0006291:i0066434,7.55195
u0006291:i0162346,7.55195
u0006291:i0470752,7.55195
u0006291:i1392190,7.55195
u0006291:i1823672,7.55195
u0006291:i2053425,7.55195
u0006291:i2132285,7.55195
u0006291:i2392326,7.55195
u0006291:i2872732,7.55195
u0006291:i4393514,7.55195
u0006298:i0356618,7.27651
u0006298:i0419706,7.27651
u0006298:i0484740,7.27651
u0006298:i0993846,7.27651
u0006298:i1661199,7.27651
u0006298:i2172934,7.27651
u0006312:i0107048,5.63816
u0006312:i1065073,6.36986
u0006312:i2582802,6.53173
u0006312:i2802144,6.33184
u0006330:i0110186,7.78889
u0006330:i0122718,7.78889
u0006330:i0289879,7.78889
u0006330:i0457297,7.78889
u0006330:i0829482,7.78889
u0006330:i1020072,7.78889
u0006330:i1027718,7.78889
u0006330:i1065073,7.78889
u0006330:i1243974,7.78889
u0006330:i1282140,7.78889
u0006330:i1291150,7.78889
u0006330:i1398426,7.78889
u0006330:i1456635,7.78889
u0006330:i1631867,7.78889
u0006330:i1840309,7.78889
u0006330:i1959490,7.78889
u0006330:i2012665,7.78889
u0006330:i2015381,7.78889
u0006330:i2235108,7.78889
u0006330:i2267998,7.78889
u0006330:i2381941,7.78889
u0006330:i2562232,7.78889
u0006330:i3152624,7.78889
u0006342:i1924435,6.15207
u0006342:i2004420,6.56983
u0006342:i2321549,6.96353
u0006378:i0369610,7.90219
u0006378:i0372784,7.90219
u0006378:i0458525,7.90219
u0006378:i0470752,7.90219
u0006378:i0478970,7.90219
u0006378:i1119646,7.90219
u0006378:i1136608,7.90219
u0006378:i1156398,7.90219
u0006378:i1318514,7.90219
u0006378:i1375666,7.90219
u0006378:i1392190,7.90219
u0006378:i1502712,7.90219
u0006378:i1823672,7.90219
u0006378:i2096673,7.90219
u0006378:i2245084,7.90219
u0006378:i2267998,7.90219
u0006378:i2293640,7.90219
u0006378:i2395427,7.90219
u0006378:i2582802,7.90219
u0006378:i2820852,7.90219
u0006378:i2870612,7.90219
u0006378:i3416742,7.90219
u0006378:i4229236,7.90219
u0006386:i0333766,7.31291
u0006386:i1100089,7.31291
u0006386:i1617661,7.31291
u0006386:i1823672,7.31291
u0006386:i1855199,7.31291
u0006386:i2179136,7.31291
u0006386:i2205697,7.31291
u0006386:i2381941,7.31291
u0006386:i2582802,7.31291
u0006386:i2713180,7.31291
u0006402:i0884732,7.40333
u0006402:i1823672,7.40333
u0006402:i2084970,7.40333
u0006402:i2113636,7.40333
u0006402:i2245084,7.40333
u0006402:i2381249,7.40333
u0006402:i2802144,7.40333
u0006402:i2884206,7.40333
u0006418:i1121096,7.83003
u0006418:i1617661,7.83003
u0006418:i1964418,7.83003
u0006418:i2381249,7.83003
u0006418:i2692250,7.83003
u0006418:i2802144,7.83003
u0006418:i2820852,7.83003
u0006482:i0427327,7.92598
u0006482:i0993846,7.92598
u0006482:i1605630,7.92598
u0006491:i0281358,7.44015
u0006491:i0446755,7.44015
u0006491:i0455944,7.44015
u0006491:i1340138,7.44015
u0006491:i1392190,7.44015
u0006491:i1441953,7.44015
u0006491:i1600196,7.44015
u0006491:i1655441,7.44015
u0006491:i1659337,7.44015
u0006491:i1661199,7.44015
u0006491:i1790864,7.44015
u0006491:i1872194,7.44015
u0006491:i2015381,7.44015
u0006491:i2096673,7.44015
u0006491:i2179136,7.44015
u0006491:i2245084,7.44015
u0006491:i2267998,7.44015
u0006491:i2293640,7.44015
u0006491:i2381249,7.44015
u0006491:i2397535,7.44015
u0006491:i2402101,7.44015
u0006491:i2414766,7.44015
u0006491:i2582802,7.44015
u0006491:i2802144,7.44015
u0006491:i2820852,7.44015
u0006491:i2872732,7.44015
u0006491:i2980516,7.44015
u0006491:i3079380,7.44015
u0006493:i0156887,8.31509
u0006493:i1433811,8.31509
u0006493:i2582802,8.31509
u0006493:i3011894,8.31509
u0006495:i0055928,7.67
u0006495:i0117060,7.67
u0006495:i0120737,7.67
u0006495:i0369610,7.67
u0006495:i0478970,7.67
u0006495:i0770828,7.67
u0006495:i0884732,7.67
u0006495:i1502712,7.67
u0006495:i1542344,7.67
u0006495:i1823672,7.67
u0006495:i2084970,7.67
u0006495:i2120120,7.67
u0006495:i2179136,7.67
u0006495:i2224026,7.67
u0006495:i2293640,7.67
u0006495:i2381249,7.67
u0006495:i2381941,7.67
u0006495:i2395427,7.67
u0006495:i2446042,7.67
u0006495:i2561572,7.67
u0006495:i2679042,7.67
u0006495:i2802144,7.67
u0006495:i2820852,7.67
u0006495:i2967224,7.67
u0006495:i3045616,7.67
u0006495:i3181822,7.67
u0006495:i3247714,7.67
u0006495:i3450650,7.67
u0006501:i0120338,7.6317
u0006501:i0369610,7.6317
u0006501:i0384116,7.6317
u0006501:i0470883,7.6317
u0006501:i0816692,7.6317
u0006501:i1064931,7.6317
u0006501:i1170358,7.6317
u0006501:i1171701,7.6317
u0006501:i1392190,7.6317
u0006501:i1411697,7.6317
u0006501:i1457767,7.6317
u0006501:i1483013,7.6317
u0006501:i1528100,7.6317
u0006501:i1617661,7.6317
u0006501:i1964418,7.6317
u0006501:i2126355,7.6317
u0006501:i2310332,7.6317
u0006501:i2395427,7.6317
u0006501:i3045616,7.6317
u0006501:i3079380,7.6317
u0006501:i3247714,7.6317
u0006501:i3477064,7.6317
u0006537:i0068646,4.0699
u0006537:i0081398,6.2843
u0006537:i0106856,5.75724
u0006537:i0111161,3.83075
u0006537:i0448157,6.18135
u0006537:i0485947,4.41032
u0006537:i0756683,5.78992
u0006537:i0816692,5.82734
u0006537:i2140203,4.84933
u0006537:i2436386,6.583
u0006559:i1392214,4.78327
u0006559:i1956516,0
u0006559:i2381249,6.15789
u0006559:i2942522,0
u0006573:i0180093,5.27572
u0006573:i0211915,5.66967
u0006573:i0414993,4.25358
u0006573:i0478304,6.03766
u0006573:i0485947,4.57994
u0006573:i1067106,5.17668
u0006573:i1655441,5.99801
u0006573:i2404425,6.33134
u0006573:i2802144,6.33782
u0006579:i0084516,7.43514
u0006579:i0091778,7.43514
u0006579:i0095889,7.43514
u0006579:i0209958,7.43514
u0006579:i0458481,7.43514
u0006579:i0470752,7.43514
u0006579:i0800320,7.43514
u0006579:i0993846,7.43514
u0006579:i1029360,7.43514
u0006579:i1270798,7.43514
u0006579:i1655441,7.43514
u0006579:i1663662,7.43514
u0006579:i1841642,7.43514
u0006579:i1850397,7.43514
u0006579:i1951265,7.43514
u0006579:i2084970,7.43514
u0006579:i2126355,7.43514
u0006579:i2179136,7.43514
u0006579:i2261331,7.43514
u0006579:i2377322,7.43514
u0006579:i2387408,7.43514
u0006579:i2395427,7.43514
u0006579:i2446042,7.43514
u0006579:i2562232,7.43514
u0006579:i2582802,7.43514
u0006579:i2639344,7.43514
u0006579:i2707858,7.43514
u0006579:i2802144,7.43514
u0006579:i2870612,7.43514
u0006579:i2872718,7.43514
u0006579:i2911666,7.43514
u0006579:i2980516,7.43514
u0006579:i3316960,7.43514
u0006579:i3416742,7.43514
u0006579:i3442006,7.43514
u0006617:i2245084,6.63886
u0006617:i2322441,6.66354
u0006617:i2908446,6.11158
u0006617:i3713166,5.94266
u0006639:i1809398,7.67
u0006639:i2084970,7.67
u0006639:i2179136,7.67
u0006639:i2310332,7.67
u0006660:i0113855,5.414
u0006660:i0119707,5.61872
u0006660:i0430105,3.78718
u0006660:i0489099,5.16422
u0006660:i2499076,4.16019
u0006660:i2872718,6.54747
u0006662:i0478970,7.60697
u0006662:i1247690,7.60697
u0006662:i1392190,7.60697
u0006662:i1872194,7.60697
u0006662:i2562232,7.60697
u0006662:i2911666,7.60697
u0006662:i3472226,7.60697
u0006669:i0099685,7.60697
u0006669:i0372784,7.60697
u0006669:i1028528,7.60697
u0006669:i1077258,7.60697
u0006669:i1745787,7.60697
u0006669:i2172584,7.60697
u0006669:i2920540,7.60697
u0006690:i0062622,7.92598
u0006690:i0086979,7.92598
u0006690:i0089670,7.92598
u0006690:i0091474,7.92598
u0006690:i0099423,7.92598
u0006690:i0099674,7.92598
u0006690:i0101410,7.92598
u0006690:i0101414,7.92598
u0006690:i0103639,7.92598
u0006690:i0112573,7.92598
u0006690:i0112641,7.92598
u0006690:i0117060,7.92598
u0006690:i0117500,7.92598
u0006690:i0117913,7.92598
u0006690:i0118880,7.92598
u0006690:i0119567,7.92598
u0006690:i0120755,7.92598
u0006690:i0175880,7.92598
u0006690:i0181288,7.92598
u0006690:i0198781,7.92598
u0006690:i0252866,7.92598
u0006690:i0253474,7.92598
u0006690:i0256380,7.92598
u0006690:i0268978,7.92598
u0006690:i0317919,7.92598
u0006690:i0328828,7.92598
u0006690:i0369610,7.92598
u0006690:i0377092,7.92598
u0006690:i0415306,7.92598
u0006690:i0445934,7.92598
u0006690:i0458339,7.92598
u0006690:i0458352,7.92598
u0006690:i0478970,7.92598
u0006690:i0800369,7.92598
u0006690:i0910936,7.92598
u0006690:i1024648,7.92598
u0006690:i1045658,7.92598
u0006690:i1119646,7.92598
u0006690:i1156398,7.92598
u0006690:i1229340,7.92598
u0006690:i1245492,7.92598
u0006690:i1270798,7.92598
u0006690:i1282140,7.92598
u0006690:i1340138,7.92598
u0006690:i1392170,7.92598
u0006690:i1392190,7.92598
u0006690:i1392214,7.92598
u0006690:i1504320,7.92598
u0006690:i1800241,7.92598
u0006690:i1817273,7.92598
u0006690:i1843866,7.92598
u0006690:i1951264,7.92598
u0006690:i1964418,7.92598
u0006690:i2004420,7.92598
u0006690:i2024432,7.92598
u0006690:i2096672,7.92598
u0006690:i2096673,7.92598
u0006690:i2179136,7.92598
u0006690:i2293640,7.92598
u0006690:i2321549,7.92598
u0006690:i2381249,7.92598
u0006690:i2395427,7.92598
u0006690:i2557490,7.92598
u0006690:i2562232,7.92598
u0006690:i2582802,7.92598
u0006690:i2788710,7.92598
u0006690:i2802144,7.92598
u0006690:i2872718,7.92598
u0006690:i3079380,7.92598
u0006690:i4257858,7.92598
u0006706:i0119488,6.95502
u0006706:i1100089,6.95502
u0006706:i1291584,6.95502
u0006706:i1392190,6.95502
u0006706:i1433811,6.95502
u0006717:i1392190,7.50908
u0006717:i2267998,7.50908
u0006717:i2397535,7.50908
u0006717:i2562232,7.50908
u0006717:i3416742,7.50908
u0006731:i1371111,7.05169
u0006731:i1872194,7.05169
u0006731:i2267998,7.05169
u0006731:i2278388,7.05169
u0006731:i2381941,7.05169
u0006731:i2582802,7.05169
u0006734:i0110912,4.6352
u0006734:i0361748,5.08098
u0006734:i1100089,6.56814
u0006734:i2084970,6.3272
u0006734:i2245084,6.65302
u0006734:i2267998,6.06502
u0006734:i2562232,6.51732
u0006734:i2788710,6.44494
u0006734:i2980516,6.563
u0006748:i0120382,4.47297
u0006748:i0208092,5.21629
u0006748:i0373469,5.51574
u0006748:i0379725,4.96649
u0006748:i0780536,6.61723
u0006748:i1853728,4.15598
u0006748:i2278388,6.15506
u0006751:i0120815,5.28432
u0006751:i0878804,5.41606
u0006751:i1502712,6.09137
u0006751:i2381249,6.16891
u0006755:i0111161,3.87804
u0006755:i0114369,4.16098
u0006755:i0325710,5.53367
u0006755:i0434409,5.75527
u0006755:i0482571,4.05401
u0006755:i0816692,5.83579
u0006755:i1130884,4.21866
u0006755:i1375666,4.82219
u0006755:i1596350,4.35421
u0006755:i1601913,3.97262
u0006755:i1637688,4.93272
u0006755:i1663662,6.10377
u0006755:i1790864,5.94926
u0006755:i1840309,6.33697
u0006755:i2493486,5.47226
u0006755:i2713180,6.50261
u0006755:i2975578,5.27379
u0006755:i2980592,6.35593
u0006760:i0369610,6.63809
u0006760:i1392190,6.63809
u0006760:i2911666,6.63809
u0006760:i3819668,6.63809
u0006778:i0408306,7.50908
u0006778:i0470752,7.50908
u0006778:i0816692,7.50908
u0006778:i0829150,7.50908
u0006778:i1340138,7.50908
u0006778:i1392190,7.50908
u0006778:i1714915,7.50908
u0006778:i1798684,7.50908
u0006778:i1951265,7.50908
u0006778:i2016940,7.50908
u0006778:i2097298,7.50908
u0006778:i2170439,7.50908
u0006778:i2179136,7.50908
u0006778:i2224026,7.50908
u0006778:i2245084,7.50908
u0006778:i2310332,7.50908
u0006778:i2381249,7.50908
u0006778:i2381941,7.50908
u0006778:i2395427,7.50908
u0006778:i2436386,7.50908
u0006778:i2562232,7.50908
u0006778:i2582802,7.50908
u0006778:i2679042,7.50908
u0006778:i2802144,7.50908
u0006778:i2872718,7.50908
u0006778:i2908446,7.50908
u0006778:i2911666,7.50908
u0006778:i2980516,7.50908
u0006778:i3416742,7.50908
u0006787:i0105265,7.60697
u0006787:i0139462,7.60697
u0006787:i0203019,7.60697
u0006787:i0401445,7.60697
u0006787:i0816692,7.60697
u0006787:i1267297,7.60697
u0006787:i1972779,7.60697
u0006787:i2097298,7.60697
u0006787:i2106476,7.60697
u0006787:i2267998,7.60697
u0006787:i2562232,7.60697
u0006787:i2720680,7.60697
u0006787:i2737050,7.60697
u0006787:i2758880,7.60697
u0006787:i3079380,7.60697
u0006822:i0106611,7.44801
u0006822:i0816692,7.44801
u0006822:i1361835,7.44801
u0006822:i1375666,7.44801
u0006822:i1392190,7.44801
u0006822:i2179136,7.44801
u0006822:i2261331,7.44801
u0006822:i2326612,7.44801
u0006822:i2381249,7.44801
u0006822:i2402157,7.44801
u0006822:i2561572,7.44801
u0006822:i2562232,7.44801
u0006822:i2802144,7.44801
u0006822:i2872718,7.44801
u0006822:i2911666,7.44801
u0006822:i2937898,7.44801
u0006822:i2980516,7.44801
u0006822:i3181822,7.44801
u0006822:i3195644,7.44801
u0006822:i3247714,7.44801
u0006826:i0082186,7.02611
u0006826:i0083658,7.02611
u0006826:i0086510,7.02611
u0006826:i0098471,7.02611
u0006826:i0099348,7.02611
u0006826:i0101540,7.02611
u0006826:i0102915,7.02611
u0006826:i0114214,7.02611
u0006826:i0119094,7.02611
u0006826:i0120647,7.02611
u0006826:i0120660,7.02611
u0006826:i0133952,7.02611
u0006826:i0134119,7.02611
u0006826:i0146882,7.02611
u0006826:i0162661,7.02611
u0006826:i0181536,7.02611
u0006826:i0190865,7.02611
u0006826:i0195714,7.02611
u0006826:i0206634,7.02611
u0006826:i0247586,7.02611
u0006826:i0289043,7.02611
u0006826:i0338188,7.02611
u0006826:i0363589,7.02611
u0006826:i0368447,7.02611
u0006826:i0369610,7.02611
u0006826:i0379725,7.02611
u0006826:i0404032,7.02611
u0006826:i0405159,7.02611
u0006826:i0418689,7.02611
u0006826:i0420609,7.02611
u0006826:i0443543,7.02611
u0006826:i0443680,7.02611
u0006826:i0498380,7.02611
u0006826:i0831387,7.02611
u0006826:i0896872,7.02611
u0006826:i0964517,7.02611
u0006826:i1020072,7.02611
u0006826:i1057500,7.02611
u0006826:i1074638,7.02611
u0006826:i1100089,7.02611
u0006826:i1172570,7.02611
u0006826:i1212419,7.02611
u0006826:i1282140,7.02611
u0006826:i1375666,7.02611
u0006826:i1392190,7.02611
u0006826:i1600196,7.02611
u0006826:i1622979,7.02611
u0006826:i1675192,7.02611
u0006826:i1723811,7.02611
u0006826:i1821593,7.02611
u0006826:i1935179,7.02611
u0006826:i2024519,7.02611
u0006826:i2084970,7.02611
u0006826:i2179136,7.02611
u0006826:i2194499,7.02611
u0006826:i2321549,7.02611
u0006826:i2404461,7.02611
u0006826:i2446042,7.02611
u0006826:i2515030,7.02611
u0006826:i2562232,7.02611
u0006826:i2582802,7.02611
u0006826:i2737050,7.02611
u0006826:i2802154,7.02611
u0006826:i2820852,7.02611
u0006826:i2872718,7.02611
u0006826:i2911666,7.02611
u0006826:i2935476,7.02611
u0006826:i2980516,7.02611
u0006826:i2991224,7.02611
u0006826:i3316960,7.02611
u0006841:i0099685,7.62394
u0006841:i0120586,7.62394
u0006841:i0369610,7.62394
u0006841:i0473705,7.62394
u0006841:i0993846,7.62394
u0006841:i1631867,7.62394
u0006841:i1800241,7.62394
u0006841:i2267998,7.62394
u0006841:i2401807,7.62394
u0006857:i0119217,7.51194
u0006857:i0469494,7.51194
u0006857:i0816692,7.51194
u0006857:i1327773,7.51194
u0006857:i1872194,7.51194
u0006857:i2064968,7.51194
u0006857:i2096672,7.51194
u0006857:i2179136,7.51194
u0006857:i2267998,7.51194
u0006857:i2713180,7.51194
u0006857:i2883512,7.51194
u0006857:i2980516,7.51194
u0006891:i0369610,7.67
u0006891:i0455944,7.67
u0006891:i0470752,7.67
u0006891:i0770828,7.67
u0006891:i1029360,7.67
u0006891:i1392190,7.67
u0006891:i1398426,7.67
u0006891:i1617661,7.67
u0006891:i1638355,7.67
u0006891:i1674771,7.67
u0006891:i1964418,7.67
u0006891:i2120120,7.67
u0006891:i2126355,7.67
u0006891:i2381249,7.67
u0006891:i2395427,7.67
u0006891:i2397535,7.67
u0006891:i2752772,7.67
u0006891:i2802144,7.67
u0006891:i3009070,7.67
u0006891:i3079380,7.67
u0006891:i3195644,7.67
u0006891:i3235888,7.67
u0006891:i3605418,7.67
u0006891:i3713166,7.67
u0006891:i4178092,7.67
u0006899:i0455323,7.12169
u0006899:i0816442,7.12169
u0006899:i0869977,7.12169
u0006899:i0986264,7.12169
u0006899:i1217209,7.12169
u0006899:i2338151,7.12169
u0006909:i0076759,7.92862
u0006909:i0078748,7.92862
u0006909:i0080684,7.92862
u0006909:i0086190,7.92862
u0006909:i0088247,7.92862
u0006909:i0090605,7.92862
u0006909:i0093693,7.92862
u0006909:i0098635,7.92862
u0006909:i0103064,7.92862
u0006909:i0103644,7.92862
u0006909:i0113918,7.92862
u0006909:i0115988,7.92862
u0006909:i0117060,7.92862
u0006909:i0118583,7.92862
u0006909:i0120755,7.92862
u0006909:i0120915,7.92862
u0006909:i0121765,7.92862
u0006909:i0121766,7.92862
u0006909:i0166924,7.92862
u0006909:i0168629,7.92862
u0006909:i0181852,7.92862
u0006909:i0241527,7.92862
u0006909:i0245712,7.92862
u0006909:i0317919,7.92862
u0006909:i0369610,7.92862
u0006909:i0398286,7.92862
u0006909:i0452971,7.92862
u0006909:i0477302,7.92862
u0006909:i0829150,7.92862
u0006909:i0892769,7.92862
u0006909:i1020955,7.92862
u0006909:i1065073,7.92862
u0006909:i1229238,7.92862
u0006909:i1305806,7.92862
u0006909:i1340138,7.92862
u0006909:i1392170,7.92862
u0006909:i1441395,7.92862
u0006909:i1528100,7.92862
u0006909:i1602472,7.92862
u0006909:i1617661,7.92862
u0006909:i1632708,7.92862
u0006909:i1661199,7.92862
u0006909:i1700845,7.92862
u0006909:i1714915,7.92862
u0006909:i1772341,7.92862
u0006909:i1790864,7.92862
u0006909:i1823672,7.92862
u0006909:i2024544,7.92862
u0006909:i2179136,7.92862
u0006909:i2180411,7.92862
u0006909:i2245084,7.92862
u0006909:i2267998,7.92862
u0006909:i2322441,7.92862
u0006909:i2555736,7.92862
u0006909:i2562232,7.92862
u0006909:i2788710,7.92862
u0006909:i2802144,7.92862
u0006909:i2908446,7.92862
u0006909:i2980516,7.92862
u0006909:i3179568,7.92862
u0006909:i3253930,7.92862
u0006909:i3500544,7.92862
u0006948:i0113189,8.07071
u0006948:i0800369,8.07071
u0006948:i0910936,8.07071
u0006948:i1197624,8.07071
u0006948:i1235796,8.07071
u0006948:i1605717,8.07071
u0006948:i1907668,8.07071
u0006948:i1931533,8.07071
u0006948:i2083295,8.07071
u0006948:i2179136,8.07071
u0006948:i2802144,8.07071
u0006958:i1820400,8.41811
u0006958:i2917388,8.41811
u0006958:i2967224,8.41811
u0007004:i0089175,7.63914
u0007004:i0440963,7.63914
u0007004:i0840361,7.63914
u0007004:i1355630,7.63914
u0007004:i1423995,7.63914
u0007004:i1439572,7.63914
u0007004:i1502712,7.63914
u0007004:i1595656,7.63914
u0007004:i1611224,7.63914
u0007004:i1758692,7.63914
u0007004:i1972571,7.63914
u0007004:i2058107,7.63914
u0007004:i2369135,7.63914
u0007004:i2446042,7.63914
u0007004:i2870756,7.63914
u0007014:i0066206,7.50908
u0007014:i0090756,7.50908
u0007014:i1029360,7.50908
u0007014:i1100089,7.50908
u0007014:i1172570,7.50908
u0007014:i1392190,7.50908
u0007014:i1535616,7.50908
u0007014:i1646971,7.50908
u0007014:i1823672,7.50908
u0007014:i1951265,7.50908
u0007014:i2015381,7.50908
u0007014:i2084970,7.50908
u0007014:i2179136,7.50908
u0007014:i2245084,7.50908
u0007014:i2345737,7.50908
u0007014:i2395427,7.50908
u0007014:i2446042,7.50908
u0007014:i2562232,7.50908
u0007014:i2582802,7.50908
u0007014:i2788710,7.50908
u0007014:i2820852,7.50908
u0007014:i2911666,7.50908
u0007014:i2937898,7.50908
u0007014:i2980516,7.50908
u0007014:i3850214,7.50908
u0007021:i0107048,7.04624
u0007021:i1512685,7.04624
u0007021:i1809398,7.04624
u0007021:i2170593,7.04624
u0007021:i2179136,7.04624
u0007021:i2322441,7.04624
u0007021:i2446042,7.04624
u0007021:i2908446,7.04624
u0007021:i2911666,7.04624
u0007042:i1823672,7.60697
u0007042:i2245084,7.60697
u0007042:i2452200,7.60697
u0007042:i2872718,7.60697
u0007044:i0478970,6.89727
u0007044:i2096673,6.89727
u0007044:i2381249,6.89727
u0007044:i2381941,6.89727
u0007044:i2872750,6.89727
u0007060:i0041959,7.92598
u0007060:i0054047,7.92598
u0007060:i0057115,7.92598
u0007060:i0071315,7.92598
u0007060:i0075148,7.92598
u0007060:i0076759,7.92598
u0007060:i0079501,7.92598
u0007060:i0080684,7.92598
u0007060:i0082694,7.92598
u0007060:i0082971,7.92598
u0007060:i0086190,7.92598
u0007060:i0088847,7.92598
u0007060:i0089530,7.92598
u0007060:i0092005,7.92598
u0007060:i0092099,7.92598
u0007060:i0093105,7.92598
u0007060:i0094291,7.92598
u0007060:i0100157,7.92598
u0007060:i0106977,7.92598
u0007060:i0116282,7.92598
u0007060:i0118607,7.92598
u0007060:i0118715,7.92598
u0007060:i0119094,7.92598
u0007060:i0120735,7.92598
u0007060:i0120915,7.92598
u0007060:i0121765,7.92598
u0007060:i0121766,7.92598
u0007060:i0138524,7.92598
u0007060:i0139654,7.92598
u0007060:i0181689,7.92598
u0007060:i0221027,7.92598
u0007060:i0265086,7.92598
u0007060:i0272338,7.92598
u0007060:i0299977,7.92598
u0007060:i0364569,7.92598
u0007060:i0369339,7.92598
u0007060:i0369610,7.92598
u0007060:i0399146,7.92598
u0007060:i0449467,7.92598
u0007060:i0454848,7.92598
u0007060:i0470752,7.92598
u0007060:i0477348,7.92598
u0007060:i0478970,7.92598
u0007060:i0780536,7.92598
u0007060:i0816692,7.92598
u0007060:i0926084,7.92598
u0007060:i1033575,7.92598
u0007060:i1065073,7.92598
u0007060:i1091191,7.92598
u0007060:i1100089,7.92598
u0007060:i1124035,7.92598
u0007060:i1189073,7.92598
u0007060:i1201607,7.92598
u0007060:i1204975,7.92598
u0007060:i1210166,7.92598
u0007060:i1340800,7.92598
u0007060:i1392190,7.92598
u0007060:i1527186,7.92598
u0007060:i1528100,7.92598
u0007060:i1560747,7.92598
u0007060:i1602620,7.92598
u0007060:i1655442,7.92598
u0007060:i1706620,7.92598
u0007060:i1707386,7.92598
u0007060:i1740047,7.92598
u0007060:i1764234,7.92598
u0007060:i1790885,7.92598
u0007060:i1791528,7.92598
u0007060:i1825157,7.92598
u0007060:i1855199,7.92598
u0007060:i1872194,7.92598
u0007060:i1951265,7.92598
u0007060:i1964418,7.92598
u0007060:i2042568,7.92598
u0007060:i2076220,7.92598
u0007060:i2084970,7.92598
u0007060:i2096673,7.92598
u0007060:i2106476,7.92598
u0007060:i2170439,7.92598
u0007060:i2170593,7.92598
u0007060:i2177771,7.92598
u0007060:i2234003,7.92598
u0007060:i2275946,7.92598
u0007060:i2310332,7.92598
u0007060:i2316411,7.92598
u0007060:i2359024,7.92598
u0007060:i2381249,7.92598
u0007060:i2395427,7.92598
u0007060:i2397535,7.92598
u0007060:i2562232,7.92598
u0007060:i2582802,7.92598
u0007060:i2637276,7.92598
u0007060:i2692904,7.92598
u0007060:i2713180,7.92598
u0007060:i2758880,7.92598
u0007060:i2802144,7.92598
u0007060:i2872718,7.92598
u0007060:i2911666,7.92598
u0007060:i2937898,7.92598
u0007060:i2967006,7.92598
u0007060:i2980516,7.92598
u0007060:i3079380,7.92598
u0007078:i0816692,6.89727
u0007078:i1045658,6.89727
u0007078:i2562232,6.89727
u0007085:i1906329,8.36812
u0007085:i1972779,8.36812
u0007085:i2582802,8.36812
u0007085:i2872718,8.36812
u0007085:i2968804,8.36812
u0007087:i0041959,8.17175
u0007087:i0046534,8.17175
u0007087:i0049223,8.17175
u0007087:i0057197,8.17175
u0007087:i0058461,8.17175
u0007087:i0062168,8.17175
u0007087:i0070047,8.17175
u0007087:i0072271,8.17175
u0007087:i0076070,8.17175
u0007087:i0083944,8.17175
u0007087:i0085407,8.17175
u0007087:i0087182,8.17175
u0007087:i0087469,8.17175
u0007087:i0087800,8.17175
u0007087:i0089686,8.17175
u0007087:i0089767,8.17175
u0007087:i0089885,8.17175
u0007087:i0091064,8.17175
u0007087:i0093629,8.17175
u0007087:i0094625,8.17175
u0007087:i0097138,8.17175
u0007087:i0098084,8.17175
u0007087:i0098206,8.17175
u0007087:i0102138,8.17175
u0007087:i0102293,8.17175
u0007087:i0102803,8.17175
u0007087:i0104691,8.17175
u0007087:i0105236,8.17175
u0007087:i0106582,8.17175
u0007087:i0106950,8.17175
u0007087:i0107290,8.17175
u0007087:i0109686,8.17175
u0007087:i0110912,8.17175
u0007087:i0113855,8.17175
u0007087:i0114746,8.17175
u0007087:i0116282,8.17175
u0007087:i0117060,8.17175
u0007087:i0117331,8.17175
u0007087:i0117500,8.17175
u0007087:i0119396,8.17175
u0007087:i0119567,8.17175
u0007087:i0119707,8.17175
u0007087:i0120755,8.17175
u0007087:i0120902,8.17175
u0007087:i0137523,8.17175
u0007087:i0145681,8.17175
u0007087:i0163025,8.17175
u0007087:i0185937,8.17175
u0007087:i0195714,8.17175
u0007087:i0209144,8.17175
u0007087:i0240772,8.17175
u0007087:i0258000,8.17175
u0007087:i0284978,8.17175
u0007087:i0292644,8.17175
u0007087:i0295701,8.17175
u0007087:i0296042,8.17175
u0007087:i0309698,8.17175
u0007087:i0317919,8.17175
u0007087:i0325805,8.17175
u0007087:i0346156,8.17175
u0007087:i0365748,8.17175
u0007087:i0369610,8.17175
u0007087:i0399146,8.17175
u0007087:i0443701,8.17175
u0007087:i0458481,8.17175
u0007087:i0464154,8.17175
u0007087:i0470752,8.17175
u0007087:i0816692,8.17175
u0007087:i0829150,8.17175
u0007087:i0936501,8.17175
u0007087:i1029360,8.17175
u0007087:i1046173,8.17175
u0007087:i1133985,8.17175
u0007087:i1179056,8.17175
u0007087:i1340138,8.17175
u0007087:i1392190,8.17175
u0007087:i1397280,8.17175
u0007087:i1398426,8.17175
u0007087:i1433108,8.17175
u0007087:i1528100,8.17175
u0007087:i1823672,8.17175
u0007087:i1935179,8.17175
u0007087:i1951265,8.17175
u0007087:i2096672,8.17175
u0007087:i2126355,8.17175
u0007087:i2199571,8.17175
u0007087:i2231253,8.17175
u0007087:i2245084,8.17175
u0007087:i2267998,8.17175
u0007087:i2310332,8.17175
u0007087:i2345112,8.17175
u0007087:i2395427,8.17175
u0007087:i2402157,8.17175
u0007087:i2446042,8.17175
u0007087:i2515034,8.17175
u0007087:i2582802,8.17175
u0007087:i2692250,8.17175
u0007087:i2802144,8.17175
u0007087:i2820852,8.17175
u0007087:i2872718,8.17175
u0007087:i2908446,8.17175
u0007087:i2911666,8.17175
u0007087:i2980516,8.17175
u0007087:i3195644,8.17175
u0007087:i3235888,8.17175
u0007087:i3625152,8.17175
u0007092:i0105236,7.92598
u0007092:i0106519,7.92598
u0007092:i0113277,7.92598
u0007092:i0116282,7.92598
u0007092:i0118799,7.92598
u0007092:i0118971,7.92598
u0007092:i0119488,7.92598
u0007092:i0180093,7.92598
u0007092:i0208092,7.92598
u0007092:i0361748,7.92598
u0007092:i0421715,7.92598
u0007092:i0469494,7.92598
u0007092:i0884732,7.92598
u0007092:i1675434,7.92598
u0007092:i1853728,7.92598
u0007092:i1872194,7.92598
u0007092:i2106476,7.92598
u0007092:i2334873,7.92598
u0007092:i2338151,7.92598
u0007092:i2562232,7.92598
u0007096:i0277027,4.98097
u0007096:i1198156,4.89439
u0007096:i2425486,3.72205
u0007123:i0075314,6.56359
u0007123:i0081398,6.56359
u0007123:i0092005,6.56359
u0007123:i0094737,6.56359
u0007123:i0116282,6.56359
u0007123:i0119174,6.56359
u0007123:i0119488,6.56359
u0007123:i0369610,6.56359
u0007123:i0780504,6.56359
u0007123:i1020072,6.56359
u0007123:i1392190,6.56359
u0007123:i2042568,6.56359
u0007123:i2582802,6.56359
u0007123:i2637276,6.56359
u0007123:i2870648,6.56359
u0007123:i2937898,6.56359
u0007123:i3007512,6.56359
u0007123:i3079380,6.56359
u0007136:i0096288,7.45651
u0007136:i0102926,7.45651
u0007136:i0105323,7.45651
u0007136:i0109830,7.45651
u0007136:i0110116,7.45651
u0007136:i0113277,7.45651
u0007136:i0118799,7.45651
u0007136:i0169547,7.45651
u0007136:i0180073,7.45651
u0007136:i0362227,7.45651
u0007136:i0405094,7.45651
u0007136:i0414993,7.45651
u0007136:i0468569,7.45651
u0007136:i0758758,7.45651
u0007136:i1231583,7.45651
u0007136:i1294688,7.45651
u0007136:i1375666,7.45651
u0007136:i1392190,7.45651
u0007136:i1392214,7.45651
u0007136:i1454468,7.45651
u0007136:i1605783,7.45651
u0007136:i1654523,7.45651
u0007136:i1655441,7.45651
u0007136:i1675434,7.45651
u0007136:i1781769,7.45651
u0007136:i1972779,7.45651
u0007136:i2042568,7.45651
u0007136:i2073016,7.45651
u0007136:i2084970,7.45651
u0007136:i2096673,7.45651
u0007136:i2278388,7.45651
u0007136:i2562232,7.45651
u0007136:i2713180,7.45651
u0007136:i2718492,7.45651
u0007136:i2726560,7.45651
u0007136:i2872718,7.45651
u0007136:i2884206,7.45651
u0007136:i2980516,7.45651
u0007136:i2994190,7.45651
u0007136:i3079380,7.45651
u0007136:i3863552,7.45651
u0007163:i0046416,7.67
u0007163:i0053593,7.67
u0007163:i0054285,7.67
u0007163:i0054673,7.67
u0007163:i0055830,7.67
u0007163:i0055946,7.67
u0007163:i0056983,7.67
u0007163:i0060666,7.67
u0007163:i0061439,7.67
u0007163:i0070016,7.67
u0007163:i0075343,7.67
u0007163:i0075888,7.67
u0007163:i0076670,7.67
u0007163:i0077716,7.67
u0007163:i0080464,7.67
u0007163:i0083506,7.67
u0007163:i0090244,7.67
u0007163:i0091225,7.67
u0007163:i0092141,7.67
u0007163:i0095444,7.67
u0007163:i0100339,7.67
u0007163:i0111143,7.67
u0007163:i0117331,7.67
u0007163:i0120667,7.67
u0007163:i0120912,7.67
u0007163:i0120917,7.67
u0007163:i0142235,7.67
u0007163:i0145487,7.67
u0007163:i0167190,7.67
u0007163:i0184925,7.67
u0007163:i0213673,7.67
u0007163:i0236348,7.67
u0007163:i0290334,7.67
u0007163:i0316654,7.67
u0007163:i0317705,7.67
u0007163:i0318819,7.67
u0007163:i0330793,7.67
u0007163:i0348150,7.67
u0007163:i0371746,7.67
u0007163:i0372784,7.67
u0007163:i0413300,7.67
u0007163:i0413895,7.67
u0007163:i0458339,7.67
u0007163:i0800080,7.67
u0007163:i0800369,7.67
u0007163:i0961097,7.67
u0007163:i1133985,7.67
u0007163:i1210819,7.67
u0007163:i1339302,7.67
u0007163:i1490017,7.67
u0007163:i1621039,7.67
u0007163:i1821658,7.67
u0007163:i1872181,7.67
u0007163:i1877832,7.67
u0007163:i1894461,7.67
u0007163:i1912398,7.67
u0007163:i2106361,7.67
u0007163:i2243621,7.67
u0007163:i2263944,7.67
u0007163:i2322457,7.67
u0007163:i2331143,7.67
u0007163:i2369135,7.67
u0007163:i2552498,7.67
u0007163:i2933474,7.67
u0007163:i2980706,7.67
u0007163:i3171764,7.67
u0007163:i3924510,7.67
u0007163:i4399814,7.67
u0007166:i0054067,6.95423
u0007166:i0057603,6.95423
u0007166:i1945084,6.95423
u0007193:i1528100,7.60697
u0007193:i2084970,7.60697
u0007193:i2582802,7.60697
u0007203:i0074896,7.09506
u0007203:i0478970,7.09506
u0007203:i0816692,7.09506
u0007203:i0884732,7.09506
u0007203:i1409024,7.09506
u0007203:i1601913,7.09506
u0007203:i1703148,7.09506
u0007203:i2084970,7.09506
u0007203:i2096672,7.09506
u0007203:i2267998,7.09506
u0007203:i2381249,7.09506
u0007203:i2562232,7.09506
u0007203:i2582802,7.09506
u0007203:i2752772,7.09506
u0007203:i2980516,7.09506
u0007203:i3322940,7.09506
u0007203:i3442990,7.09506
u0007226:i1065073,7.89127
u0007226:i2752688,7.89127
u0007226:i2872718,7.89127
u0007245:i0006864,6.83384
u0007245:i0015324,6.83384
u0007245:i0015532,6.83384
u0007245:i0015624,6.83384
u0007245:i0015648,6.83384
u0007245:i0015772,6.83384
u0007245:i0015881,6.83384
u0007245:i0016220,6.83384
u0007245:i0016332,6.83384
u0007245:i0017925,6.83384
u0007245:i0018037,6.83384
u0007245:i0018051,6.83384
u0007245:i0018192,6.83384
u0007245:i0018217,6.83384
u0007245:i0018455,6.83384
u0007245:i0018528,6.83384
u0007245:i0018737,6.83384
u0007245:i0018806,6.83384
u0007245:i0018839,6.83384
u0007245:i0019286,6.83384
u0007245:i0019421,6.83384
u0007245:i0019702,6.83384
u0007245:i0019760,6.83384
u0007245:i0020286,6.83384
u0007245:i0020530,6.83384
u0007245:i0020697,6.83384
u0007245:i0021079,6.83384
u0007245:i0021571,6.83384
u0007245:i0021577,6.83384
u0007245:i0021739,6.83384
u0007245:i0021814,6.83384
u0007245:i0022080,6.83384
u0007245:i0022100,6.83384
u0007245:i0022150,6.83384
u0007245:i0022599,6.83384
u0007245:i0022718,6.83384
u0007245:i0022913,6.83384
u0007245:i0023037,6.83384
u0007245:i0023042,6.83384
u0007245:i0023158,6.83384
u0007245:i0023202,6.83384
u0007245:i0023427,6.83384
u0007245:i0023458,6.83384
u0007245:i0023622,6.83384
u0007245:i0023649,6.83384
u0007245:i0023969,6.83384
u0007245:i0024034,6.83384
u0007245:i0024069,6.83384
u0007245:i0024216,6.83384
u0007245:i0024548,6.83384
u0007245:i0024601,6.83384
u0007245:i0024803,6.83384
u0007245:i0024844,6.83384
u0007245:i0024894,6.83384
u0007245:i0025316,6.83384
u0007245:i0025335,6.83384
u0007245:i0025913,6.83384
u0007245:i0026029,6.83384
u0007245:i0026138,6.83384
u0007245:i0026174,6.83384
u0007245:i0026752,6.83384
u0007245:i0026778,6.83384
u0007245:i0026866,6.83384
u0007245:i0027125,6.83384
u0007245:i0027532,6.83384
u0007245:i0027977,6.83384
u0007245:i0027996,6.83384
u0007245:i0028010,6.83384
u0007245:i0028212,6.83384
u0007245:i0028333,6.83384
u0007245:i0028358,6.83384
u0007245:i0028445,6.83384
u0007245:i0028683,6.83384
u0007245:i0028950,6.83384
u0007245:i0029146,6.83384
u0007245:i0029192,6.83384
u0007245:i0029453,6.83384
u0007245:i0029870,6.83384
u0007245:i0030287,6.83384
u0007245:i0030522,6.83384
u0007245:i0085154,6.83384
u0007245:i0086200,6.83384
u0007245:i0089218,6.83384
u0007245:i0093409,6.83384
u0007245:i0095253,6.83384
u0007245:i0095631,6.83384
u0007245:i0097733,6.83384
u0007245:i0097757,6.83384
u0007245:i0104714,6.83384
u0007245:i0114694,6.83384
u0007245:i0143145,6.83384
u0007245:i0195256,6.83384
u0007245:i0470752,6.83384
u0007245:i0478970,6.83384
u0007245:i0790724,6.83384
u0007245:i1014763,6.83384
u0007245:i1020072,6.83384
u0007245:i1340138,6.83384
u0007245:i1392190,6.83384
u0007245:i1524930,6.83384
u0007245:i1596343,6.83384
u0007245:i1605717,6.83384
u0007245:i1655441,6.83384
u0007245:i1727770,6.83384
u0007245:i1772288,6.83384
u0007245:i1823672,6.83384
u0007245:i1881002,6.83384
u0007245:i1935156,6.83384
u0007245:i1964418,6.83384
u0007245:i2088003,6.83384
u0007245:i2120120,6.83384
u0007245:i2126355,6.83384
u0007245:i2140379,6.83384
u0007245:i2179136,6.83384
u0007245:i2245084,6.83384
u0007245:i2293640,6.83384
u0007245:i2358925,6.83384
u0007245:i2381249,6.83384
u0007245:i2395427,6.83384
u0007245:i2397535,6.83384
u0007245:i2561572,6.83384
u0007245:i2802144,6.83384
u0007245:i2820852,6.83384
u0007245:i2908446,6.83384
u0007245:i2911666,6.83384
u0007245:i3079380,6.83384
u0007245:i3247714,6.83384
u0007245:i3450650,6.83384
u0007251:i0169547,7.27936
u0007251:i0457430,7.27936
u0007251:i1659337,7.27936
u0007251:i1809398,7.27936
u0007251:i1823672,7.27936
u0007251:i1951265,7.27936
u0007280:i0335266,7.67
u0007280:i0365907,7.67
u0007280:i0470752,7.67
u0007280:i0482571,7.67
u0007280:i0816692,7.67
u0007280:i0884732,7.67
u0007280:i1020072,7.67
u0007280:i1028532,7.67
u0007280:i1065073,7.67
u0007280:i1100089,7.67
u0007280:i1109624,7.67
u0007280:i1148204,7.67
u0007280:i1179031,7.67
u0007280:i1204977,7.67
u0007280:i1267297,7.67
u0007280:i1318514,7.67
u0007280:i1355630,7.67
u0007280:i1371150,7.67
u0007280:i1433811,7.67
u0007280:i1528100,7.67
u0007280:i1600196,7.67
u0007280:i1726592,7.67
u0007280:i1790864,7.67
u0007280:i1809398,7.67
u0007280:i1843866,7.67
u0007280:i1872194,7.67
u0007280:i1877832,7.67
u0007280:i1911658,7.67
u0007280:i1945084,7.67
u0007280:i2039393,7.67
u0007280:i2084970,7.67
u0007280:i2096672,7.67
u0007280:i2103281,7.67
u0007280:i2170439,7.67
u0007280:i2170593,7.67
u0007280:i2294449,7.67
u0007280:i2322441,7.67
u0007280:i2333784,7.67
u0007280:i2338151,7.67
u0007280:i2381941,7.67
u0007280:i2401097,7.67
u0007280:i2446042,7.67
u0007280:i2562232,7.67
u0007280:i2802136,7.67
u0007280:i2802144,7.67
u0007280:i2820852,7.67
u0007280:i2870708,7.67
u0007280:i2872718,7.67
u0007280:i2911666,7.67
u0007280:i2980516,7.67
u0007280:i2994190,7.67
u0007280:i3203616,7.67
u0007280:i3461252,7.67
u0007286:i0098206,6.59973
u0007286:i0104573,0
u0007286:i0116126,0
u0007286:i0120902,4.76401
u0007286:i0369610,6.26707
u0007286:i1307068,4.84354
u0007286:i2096673,6.34802
u0007286:i2381249,6.17995
u0007286:i2820852,6.19821
u0007286:i2872718,6.55824
u0007286:i2980592,6.43848
u0007322:i0369610,7.11901
u0007322:i2562232,7.11901
u0007322:i2802144,7.11901
u0007360:i0058461,7.31892
u0007360:i0060196,7.31892
u0007360:i0105236,7.31892
u0007360:i0132477,7.31892
u0007360:i0246578,7.31892
u0007360:i0327056,7.31892
u0007360:i0892769,7.31892
u0007360:i1182345,7.31892
u0007360:i1205489,7.31892
u0007360:i1549572,7.31892
u0007360:i1646971,7.31892
u0007360:i1675434,7.31892
u0007360:i1683526,7.31892
u0007360:i1924396,7.31892
u0007360:i2713180,7.31892
u0007360:i2802144,7.31892
u0007360:i2911666,7.31892
u0007360:i2980516,7.31892
u0007360:i3042408,7.31892
u0007378:i0094737,7.174
u0007378:i0150377,7.174
u0007378:i0317919,7.174
u0007378:i1086772,7.174
u0007378:i1229238,7.174
u0007378:i1524930,7.174
u0007378:i1921064,7.174
u0007378:i2179136,7.174
u0007378:i2293640,7.174
u0007378:i2381249,7.174
u0007378:i2555736,7.174
u0007378:i2802144,7.174
u0007378:i2820852,7.174
u0007378:i2908446,7.174
u0007378:i3169706,7.174
u0007383:i1924396,5.39125
u0007383:i2084970,6.33375
u0007383:i2267998,6.07996
u0007395:i1020072,6.7446
u0007395:i1065073,6.7446
u0007395:i1617661,6.7446
u0007395:i2802144,6.7446
u0007396:i0481369,7.03709
u0007396:i0816692,7.03709
u0007396:i2872732,7.03709
u0007396:i3479316,7.03709
u0007409:i2084970,7.41983
u0007409:i2350496,7.41983
u0007409:i2395427,7.41983
u0007409:i2562232,7.41983
u0007409:i2802144,7.41983
u0007409:i2820852,7.41983
u0007409:i2980516,7.41983
u0007411:i0816692,7.67
u0007411:i1843866,7.67
u0007411:i2267998,7.67
u0007411:i2567712,7.67
u0007411:i2802144,7.67
u0007412:i0048933,0
u0007412:i0065772,0
u0007412:i0067185,3.95694
u0007412:i0079672,3.89862
u0007412:i0091167,4.53674
u0007412:i0091830,0
u0007412:i0112445,0
u0007412:i0118819,4.88139
u0007412:i0120265,4.8844
u0007412:i0371280,0
u0007412:i0427312,3.75706
u0007412:i0808185,0
u0007414:i1397280,7.80333
u0007414:i2358891,7.80333
u0007414:i2381249,7.80333
u0007414:i2465578,7.80333
u0007414:i2639344,7.80333
u0007414:i2717860,7.80333
u0007414:i2872718,7.80333
u0007428:i0470752,6.44406
u0007428:i1457767,5.19218
u0007428:i1832382,5.25488
u0007428:i2305051,6.8558
u0007428:i2326554,5.80626
u0007428:i2404461,5.34513
u0007428:i2562232,6.52421
u0007428:i3235888,6.72266
u0007428:i4229236,6.09848
u0007443:i1524930,7.67
u0007443:i2199571,7.67
u0007443:i2381249,7.67
u0007455:i1655441,6.0231
u0007455:i2334733,4.746
u0007455:i2486678,4.19962
u0007463:i0478970,7.60697
u0007463:i2322441,7.60697
u0007463:i3819668,7.60697
u0007540:i1392190,8.08333
u0007540:i2980516,8.08333
u0007540:i3472226,8.08333
u0007546:i0478970,8.10228
u0007546:i1340138,8.10228
u0007546:i2395427,8.10228
u0007546:i2679042,8.10228
u0007579:i0065528,7.93399
u0007579:i0080120,7.93399
u0007579:i0091763,7.93399
u0007579:i0140627,7.93399
u0007579:i0359950,7.93399
u0007579:i0458481,7.93399
u0007579:i0472399,7.93399
u0007579:i0831387,7.93399
u0007579:i0954947,7.93399
u0007579:i1020072,7.93399
u0007579:i1067765,7.93399
u0007579:i1093357,7.93399
u0007579:i1126590,7.93399
u0007579:i1132285,7.93399
u0007579:i1174730,7.93399
u0007579:i1211956,7.93399
u0007579:i1216491,7.93399
u0007579:i1247690,7.93399
u0007579:i1270262,7.93399
u0007579:i1274586,7.93399
u0007579:i1440728,7.93399
u0007579:i1477855,7.93399
u0007579:i1496422,7.93399
u0007579:i1515091,7.93399
u0007579:i1528100,7.93399
u0007579:i1560747,7.93399
u0007579:i1582268,7.93399
u0007579:i1612774,7.93399
u0007579:i1617661,7.93399
u0007579:i1631867,7.93399
u0007579:i1647668,7.93399
u0007579:i1663207,7.93399
u0007579:i1704573,7.93399
u0007579:i1709143,7.93399
u0007579:i1726592,7.93399
u0007579:i1731141,7.93399
u0007579:i1742044,7.93399
u0007579:i1748179,7.93399
u0007579:i1767372,7.93399
u0007579:i1791528,7.93399
u0007579:i1809398,7.93399
u0007579:i1839482,7.93399
u0007579:i1845849,7.93399
u0007579:i1872194,7.93399
u0007579:i1877832,7.93399
u0007579:i1881002,7.93399
u0007579:i1930546,7.93399
u0007579:i1932718,7.93399
u0007579:i1945062,7.93399
u0007579:i1951095,7.93399
u0007579:i1967545,7.93399
u0007579:i2039393,7.93399
u0007579:i2078552,7.93399
u0007579:i2081437,7.93399
u0007579:i2106361,7.93399
u0007579:i2170439,7.93399
u0007579:i2177771,7.93399
u0007579:i2182972,7.93399
u0007579:i2199571,7.93399
u0007579:i2234025,7.93399
u0007579:i2235779,7.93399
u0007579:i2274570,7.93399
u0007579:i2294449,7.93399
u0007579:i2305051,7.93399
u0007579:i2308260,7.93399
u0007579:i2321549,7.93399
u0007579:i2352802,7.93399
u0007579:i2359024,7.93399
u0007579:i2364975,7.93399
u0007579:i2380247,7.93399
u0007579:i2381941,7.93399
u0007579:i2393845,7.93399
u0007579:i2404311,7.93399
u0007579:i2417154,7.93399
u0007579:i2479800,7.93399
u0007579:i2557490,7.93399
u0007579:i2561572,7.93399
u0007579:i2562232,7.93399
u0007579:i2614684,7.93399
u0007579:i2637294,7.93399
u0007579:i2652092,7.93399
u0007579:i2713180,7.93399
u0007579:i2718492,7.93399
u0007579:i2737050,7.93399
u0007579:i2756032,7.93399
u0007579:i2784678,7.93399
u0007579:i2788716,7.93399
u0007579:i2802144,7.93399
u0007579:i2802154,7.93399
u0007579:i2872718,7.93399
u0007579:i2872750,7.93399
u0007579:i2887322,7.93399
u0007579:i2911666,7.93399
u0007579:i2948266,7.93399
u0007579:i2977110,7.93399
u0007579:i2980516,7.93399
u0007579:i3045616,7.93399
u0007579:i3079016,7.93399
u0007579:i3093546,7.93399
u0007579:i3110770,7.93399
u0007579:i3139538,7.93399
u0007579:i3152624,7.93399
u0007579:i3179568,7.93399
u0007579:i3203616,7.93399
u0007579:i3233418,7.93399
u0007579:i3235888,7.93399
u0007579:i3264102,7.93399
u0007579:i3318750,7.93399
u0007579:i3442006,7.93399
u0007579:i3560686,7.93399
u0007579:i3593666,7.93399
u0007579:i3607812,7.93399
u0007592:i0250258,7.01799
u0007592:i0981227,7.01799
u0007592:i1371150,7.01799
u0007592:i1550312,7.01799
u0007592:i1791528,7.01799
u0007592:i2042568,7.01799
u0007592:i3045616,7.01799
u0007600:i0025452,7.68071
u0007600:i0026029,7.68071
u0007600:i0030341,7.68071
u0007600:i0030643,7.68071
u0007600:i0031514,7.68071
u0007600:i0032976,7.68071
u0007600:i0033873,7.68071
u0007600:i0037469,7.68071
u0007600:i0038787,7.68071
u0007600:i0038988,7.68071
u0007600:i0038991,7.68071
u0007600:i0039211,7.68071
u0007600:i0039305,7.68071
u0007600:i0039768,7.68071
u0007600:i0040636,7.68071
u0007600:i0042192,7.68071
u0007600:i0043338,7.68071
u0007600:i0043859,7.68071
u0007600:i0043955,7.68071
u0007600:i0044533,7.68071
u0007600:i0045897,7.68071
u0007600:i0047417,7.68071
u0007600:i0053779,7.68071
u0007600:i0063442,7.68071
u0007600:i0065462,7.68071
u0007600:i0067065,7.68071
u0007600:i0068408,7.68071
u0007600:i0068698,7.68071
u0007600:i0069768,7.68071
u0007600:i0069792,7.68071
u0007600:i0070130,7.68071
u0007600:i0070510,7.68071
u0007600:i0071771,7.68071
u0007600:i0077588,7.68071
u0007600:i0081283,7.68071
u0007600:i0082933,7.68071
u0007600:i0083944,7.68071
u0007600:i0086617,7.68071
u0007600:i0086873,7.68071
u0007600:i0087451,7.68071
u0007600:i0087928,7.68071
u0007600:i0088011,7.68071
u0007600:i0088944,7.68071
u0007600:i0089822,7.68071
u0007600:i0089869,7.68071
u0007600:i0089880,7.68071
u0007600:i0089941,7.68071
u0007600:i0091203,7.68071
u0007600:i0091538,7.68071
u0007600:i0091777,7.68071
u0007600:i0092494,7.68071
u0007600:i0092641,7.68071
u0007600:i0093660,7.68071
u0007600:i0093756,7.68071
u0007600:i0093773,7.68071
u0007600:i0093870,7.68071
u0007600:i0094746,7.68071
u0007600:i0095631,7.68071
u0007600:i0095647,7.68071
u0007600:i0095882,7.68071
u0007600:i0095956,7.68071
u0007600:i0096463,7.68071
u0007600:i0097889,7.68071
u0007600:i0098105,7.68071
u0007600:i0098439,7.68071
u0007600:i0099077,7.68071
u0007600:i0099292,7.68071
u0007600:i0099703,7.68071
u0007600:i0099819,7.68071
u0007600:i0100143,7.68071
u0007600:i0100403,7.68071
u0007600:i0100502,7.68071
u0007600:i0100802,7.68071
u0007600:i0102592,7.68071
u0007600:i0105414,7.68071
u0007600:i0106697,7.68071
u0007600:i0107978,7.68071
u0007600:i0108399,7.68071
u0007600:i0110538,7.68071
u0007600:i0110684,7.68071
u0007600:i0110857,7.68071
u0007600:i0111257,7.68071
u0007600:i0111503,7.68071
u0007600:i0113243,7.68071
u0007600:i0113845,7.68071
u0007600:i0118556,7.68071
u0007600:i0118880,7.68071
u0007600:i0120201,7.68071
u0007600:i0120399,7.68071
u0007600:i0120613,7.68071
u0007600:i0120890,7.68071
u0007600:i0120906,7.68071
u0007600:i0122690,7.68071
u0007600:i0124298,7.68071
u0007600:i0126886,7.68071
u0007600:i0167190,7.68071
u0007600:i0204946,7.68071
u0007600:i0208092,7.68071
u0007600:i0214388,7.68071
u0007600:i0215129,7.68071
u0007600:i0250224,7.68071
u0007600:i0251075,7.68071
u0007600:i0266697,7.68071
u0007600:i0338013,7.68071
u0007600:i0369610,7.68071
u0007600:i0375912,7.68071
u0007600:i0378194,7.68071
u0007600:i0396269,7.68071
u0007600:i0399146,7.68071
u0007600:i0403508,7.68071
u0007600:i0405422,7.68071
u0007600:i0411477,7.68071
u0007600:i0420238,7.68071
u0007600:i0443465,7.68071
u0007600:i0451079,7.68071
u0007600:i0470752,7.68071
u0007600:i0489049,7.68071
u0007600:i0499549,7.68071
u0007600:i0816692,7.68071
u0007600:i0884732,7.68071
u0007600:i0949731,7.68071
u0007600:i1020072,7.68071
u0007600:i1100089,7.68071
u0007600:i1109624,7.68071
u0007600:i1119646,7.68071
u0007600:i1126590,7.68071
u0007600:i1134664,7.68071
u0007600:i1156398,7.68071
u0007600:i1160996,7.68071
u0007600:i1173745,7.68071
u0007600:i1205558,7.68071
u0007600:i1230414,7.68071
u0007600:i1242599,7.68071
u0007600:i1247690,7.68071
u0007600:i1392190,7.68071
u0007600:i1392214,7.68071
u0007600:i1411697,7.68071
u0007600:i1424381,7.68071
u0007600:i1439572,7.68071
u0007600:i1514041,7.68071
u0007600:i1535108,7.68071
u0007600:i1560747,7.68071
u0007600:i1567437,7.68071
u0007600:i1568343,7.68071
u0007600:i1594562,7.68071
u0007600:i1598642,7.68071
u0007600:i1638002,7.68071
u0007600:i1655441,7.68071
u0007600:i1661820,7.68071
u0007600:i1666801,7.68071
u0007600:i1730714,7.68071
u0007600:i1763303,7.68071
u0007600:i1791528,7.68071
u0007600:i1791682,7.68071
u0007600:i1809398,7.68071
u0007600:i1823672,7.68071
u0007600:i1881002,7.68071
u0007600:i1935302,7.68071
u0007600:i1945084,7.68071
u0007600:i1951261,7.68071
u0007600:i1951265,7.68071
u0007600:i1954315,7.68071
u0007600:i1980209,7.68071
u0007600:i1990314,7.68071
u0007600:i1999987,7.68071
u0007600:i2034031,7.68071
u0007600:i2039393,7.68071
u0007600:i2084970,7.68071
u0007600:i2096672,7.68071
u0007600:i2097298,7.68071
u0007600:i2101441,7.68071
u0007600:i2101569,7.68071
u0007600:i2126355,7.68071
u0007600:i2139555,7.68071
u0007600:i2141751,7.68071
u0007600:i2170439,7.68071
u0007600:i2170593,7.68071
u0007600:i2179136,7.68071
u0007600:i2180411,7.68071
u0007600:i2199571,7.68071
u0007600:i2224026,7.68071
u0007600:i2236054,7.68071
u0007600:i2238050,7.68071
u0007600:i2245084,7.68071
u0007600:i2261331,7.68071
u0007600:i2275946,7.68071
u0007600:i2305051,7.68071
u0007600:i2309224,7.68071
u0007600:i2310332,7.68071
u0007600:i2316868,7.68071
u0007600:i2317225,7.68071
u0007600:i2322441,7.68071
u0007600:i2325977,7.68071
u0007600:i2334873,7.68071
u0007600:i2339741,7.68071
u0007600:i2350496,7.68071
u0007600:i2355495,7.68071
u0007600:i2366608,7.68071
u0007600:i2374902,7.68071
u0007600:i2381249,7.68071
u0007600:i2381941,7.68071
u0007600:i2389182,7.68071
u0007600:i2393845,7.68071
u0007600:i2401181,7.68071
u0007600:i2402101,7.68071
u0007600:i2414766,7.68071
u0007600:i2436386,7.68071
u0007600:i2446042,7.68071
u0007600:i2452254,7.68071
u0007600:i2473602,7.68071
u0007600:i2473794,7.68071
u0007600:i2474024,7.68071
u0007600:i2505294,7.68071
u0007600:i2513092,7.68071
u0007600:i2555736,7.68071
u0007600:i2561572,7.68071
u0007600:i2562232,7.68071
u0007600:i2570858,7.68071
u0007600:i2582802,7.68071
u0007600:i2637276,7.68071
u0007600:i2637294,7.68071
u0007600:i2639344,7.68071
u0007600:i2650978,7.68071
u0007600:i2652092,7.68071
u0007600:i2692250,7.68071
u0007600:i2717822,7.68071
u0007600:i2720680,7.68071
u0007600:i2758880,7.68071
u0007600:i2788716,7.68071
u0007600:i2790236,7.68071
u0007600:i2799166,7.68071
u0007600:i2802136,7.68071
u0007600:i2802144,7.68071
u0007600:i2802154,7.68071
u0007600:i2820852,7.68071
u0007600:i2848292,7.68071
u0007600:i2866360,7.68071
u0007600:i2872718,7.68071
u0007600:i2908446,7.68071
u0007600:i2910508,7.68071
u0007600:i2911666,7.68071
u0007600:i2935476,7.68071
u0007600:i2937898,7.68071
u0007600:i2948790,7.68071
u0007600:i2962876,7.68071
u0007600:i2967224,7.68071
u0007600:i2967988,7.68071
u0007600:i2980472,7.68071
u0007600:i2980516,7.68071
u0007600:i2994190,7.68071
u0007600:i2996684,7.68071
u0007600:i3007512,7.68071
u0007600:i3011894,7.68071
u0007600:i3079380,7.68071
u0007600:i3177316,7.68071
u0007600:i3205376,7.68071
u0007600:i3235888,7.68071
u0007600:i3263614,7.68071
u0007600:i3279124,7.68071
u0007600:i3316960,7.68071
u0007600:i3387648,7.68071
u0007600:i3395184,7.68071
u0007600:i3409392,7.68071
u0007600:i3450650,7.68071
u0007600:i3472226,7.68071
u0007600:i3549508,7.68071
u0007600:i3612616,7.68071
u0007600:i3630276,7.68071
u0007600:i3675568,7.68071
u0007600:i3713166,7.68071
u0007600:i3799372,7.68071
u0007600:i3813310,7.68071
u0007600:i4044364,7.68071
u0007602:i0108052,5.61326
u0007602:i1872194,5.61326
u0007602:i2726560,5.61326
u0007614:i0069293,3.49667
u0007614:i0083658,6.80827
u0007614:i0111161,3.92592
u0007614:i0307479,5.49645
u0007614:i1226774,0
u0007614:i1740047,4.51349
u0007614:i2967006,6.22116
u0007633:i0369610,7.30473
u0007633:i0478970,7.30473
u0007633:i1340138,7.30473
u0007633:i1392190,7.30473
u0007633:i1674771,7.30473
u0007633:i2096673,7.30473
u0007633:i2126355,7.30473
u0007633:i2179136,7.30473
u0007633:i2293640,7.30473
u0007633:i2381249,7.30473
u0007633:i2713180,7.30473
u0007633:i2872718,7.30473
u0007656:i0040746,6.20796
u0007656:i0050976,5.96259
u0007656:i0063611,0
u0007656:i0088680,5.12335
u0007656:i0116752,2.55667
u0007656:i0118884,6.10831
u0007656:i0118929,4.15364
u0007656:i0188913,0
u0007656:i0370986,3.88129
u0007656:i0470752,6.45519
u0007656:i0945513,4.9099
u0007656:i1567437,6.96564
u0007656:i1612774,3.92414
u0007656:i1706593,6.6038
u0007656:i1925421,5.28196
u0007656:i2084970,6.34032
u0007656:i2113681,3.8953
u0007656:i2382422,3.56482
u0007656:i2397535,6.48434
u0007656:i2562232,6.53111
u0007656:i2669336,6.08002
u0007656:i2866360,6.20001
u0007656:i3472226,6.19195
u0007657:i0816692,7.57195
u0007657:i1398426,7.57195
u0007657:i1809398,7.57195
u0007657:i2980516,7.57195
u0007659:i2562232,6.53801
u0007659:i2820852,6.20638
u0007659:i2980516,6.57175
u0007687:i0107207,7.50908
u0007687:i0120731,7.50908
u0007687:i0172495,7.50908
u0007687:i0381849,7.50908
u0007687:i1065073,7.50908
u0007687:i1211956,7.50908
u0007687:i1392214,7.50908
u0007687:i1433811,7.50908
u0007687:i1853728,7.50908
u0007716:i0369610,6.83384
u0007716:i0816692,6.83384
u0007716:i1790864,6.83384
u0007716:i1964418,6.83384
u0007716:i2096672,6.83384
u0007716:i2179136,6.83384
u0007716:i2290828,6.83384
u0007716:i2305051,6.83384
u0007731:i0816692,7.58571
u0007731:i0829150,7.58571
u0007731:i1454468,7.58571
u0007731:i2184339,7.58571
u0007731:i2355495,7.58571
u0007731:i2390361,7.58571
u0007753:i0816692,5.84425
u0007753:i2338151,6.28434
u0007753:i2758880,6.60496
u0007765:i0119822,6.34996
u0007765:i0395972,4.28022
u0007765:i0414993,4.60804
u0007765:i1360860,3.60697
u0007765:i1809398,6.36639
u0007765:i1931533,5.32494
u0007765:i2170593,6.65934
u0007765:i2785032,6.50709
u0007765:i2797106,2.2595
u0007765:i2980516,6.58051
u0007765:i3011894,6.51538
u0007765:i3153634,2.48211
u0007796:i0369610,7.0933
u0007796:i0816692,7.0933
u0007796:i1392190,7.0933
u0007796:i2395427,7.0933
u0007808:i0470752,7.07713
u0007808:i1392190,7.07713
u0007808:i2350496,7.07713
u0007808:i2381249,7.07713
u0007808:i2395427,7.07713
u0007808:i3168230,7.07713
u0007808:i3495030,7.07713
u0007808:i3767372,7.07713
u0007808:i4178092,7.07713
u0007808:i4430212,7.07713
u0007808:i4635372,7.07713
u0007829:i0275277,4.74459
u0007829:i0804497,3.59297
u0007829:i0903624,4.56799
u0007829:i0993846,5.64984
u0007829:i1136608,4.9406
u0007829:i1170358,5.27007
u0007829:i1392170,3.92307
u0007829:i1646971,6.82591
u0007829:i1666801,5.49259
u0007829:i1790864,5.98345
u0007829:i1840309,6.39406
u0007829:i1843866,6.03177
u0007829:i1877832,5.73617
u0007829:i1951264,4.78753
u0007829:i2015381,6.02353
u0007829:i2245084,6.66721
u0007829:i2310332,6.47407
u0007829:i2446042,6.67145
u0007829:i2911666,6.69318
u0007831:i1109624,7.54896
u0007831:i1392190,7.54896
u0007831:i1809398,7.54896
u0007831:i1921149,7.54896
u0007831:i1956620,7.54896
u0007831:i1964418,7.54896
u0007831:i1972779,7.54896
u0007831:i1980929,7.54896
u0007831:i2024544,7.54896
u0007831:i2084970,7.54896
u0007831:i2140619,7.54896
u0007831:i2231253,7.54896
u0007831:i2322441,7.54896
u0007831:i2381249,7.54896
u0007831:i2395427,7.54896
u0007831:i2446042,7.54896
u0007831:i2802144,7.54896
u0007831:i2820852,7.54896
u0007831:i3516378,7.54896
u0007839:i2084970,7.67
u0007839:i2562232,7.67
u0007839:i2582802,7.67
u0007843:i0816692,7.25195
u0007843:i1823672,7.25195
u0007843:i2802144,7.25195
u0007843:i2980516,7.25195
u0007845:i0180093,5.38563
u0007845:i0405094,5.86547
u0007845:i2637276,5.68255
u0007852:i0365907,7.67
u0007852:i0375063,7.67
u0007852:i0455944,7.67
u0007852:i0470752,7.67
u0007852:i1291150,7.67
u0007852:i1567437,7.67
u0007852:i1600196,7.67
u0007852:i1626146,7.67
u0007852:i1631867,7.67
u0007852:i1790864,7.67
u0007852:i1823672,7.67
u0007852:i2015381,7.67
u0007852:i2103281,7.67
u0007852:i2310332,7.67
u0007852:i2436386,7.67
u0007852:i2713180,7.67
u0007852:i2872732,7.67
u0007852:i3416742,7.67
u0007924:i1065073,6.38843
u0007924:i2084970,6.34689
u0007924:i2179136,6.5812
u0007924:i2267998,6.09493
u0007924:i2911666,6.70812
u0007937:i1655441,7.66189
u0007937:i1823664,7.66189
u0007937:i2203939,7.66189
u0007967:i1964418,6.17532
u0007967:i2126355,6.46059
u0007967:i2848292,6.2943
u0007988:i0369610,6.27389
u0007988:i0478970,5.97444
u0007988:i2096673,6.36188
u0007988:i3622592,5.36777
u0008003:i1398426,6.35639
u0008003:i1798684,5.83214
u0008003:i2679042,5.76613
u0008061:i0088763,4.06633
u0008061:i0096874,2.94953
u0008061:i0099088,4.22816
u0008061:i0461770,3.28386
u0008061:i0837562,4.49736
u0008061:i2294629,5.72527
u0008061:i3369806,4.57932
u0008061:i3863552,5.92882
u0008061:i4007502,6.66124
u0008066:i0076759,8.46533
u0008066:i0096754,8.46533
u0008066:i0107290,8.46533
u0008066:i0114367,8.46533
u0008066:i0118655,8.46533
u0008066:i0120844,8.46533
u0008066:i0120877,8.46533
u0008066:i0129387,8.46533
u0008066:i0145531,8.46533
u0008066:i0145660,8.46533
u0008066:i0149261,8.46533
u0008066:i0163651,8.46533
u0008066:i0177789,8.46533
u0008066:i0200465,8.46533
u0008066:i0212720,8.46533
u0008066:i0253754,8.46533
u0008066:i0267626,8.46533
u0008066:i0295178,8.46533
u0008066:i0369610,8.46533
u0008066:i0371746,8.46533
u0008066:i0425430,8.46533
u0008066:i0439815,8.46533
u0008066:i0455944,8.46533
u0008066:i0458413,8.46533
u0008066:i0470752,8.46533
u0008066:i0796366,8.46533
u0008066:i0800080,8.46533
u0008066:i0816692,8.46533
u0008066:i0829150,8.46533
u0008066:i0831387,8.46533
u0008066:i0887912,8.46533
u0008066:i0914863,8.46533
u0008066:i0942385,8.46533
u0008066:i0988045,8.46533
u0008066:i1121096,8.46533
u0008066:i1205537,8.46533
u0008066:i1220198,8.46533
u0008066:i1234721,8.46533
u0008066:i1276104,8.46533
u0008066:i1392190,8.46533
u0008066:i1418377,8.46533
u0008066:i1441395,8.46533
u0008066:i1446714,8.46533
u0008066:i1464580,8.46533
u0008066:i1515091,8.46533
u0008066:i1524930,8.46533
u0008066:i1587310,8.46533
u0008066:i1617661,8.46533
u0008066:i1622547,8.46533
u0008066:i1626146,8.46533
u0008066:i1631867,8.46533
u0008066:i1650062,8.46533
u0008066:i1673434,8.46533
u0008066:i1790864,8.46533
u0008066:i1823672,8.46533
u0008066:i1840309,8.46533
u0008066:i1877832,8.46533
u0008066:i1935302,8.46533
u0008066:i1939659,8.46533
u0008066:i1951265,8.46533
u0008066:i1957938,8.46533
u0008066:i2015381,8.46533
u0008066:i2109248,8.46533
u0008066:i2126355,8.46533
u0008066:i2145829,8.46533
u0008066:i2209764,8.46533
u0008066:i2321549,8.46533
u0008066:i2369317,8.46533
u0008066:i2387433,8.46533
u0008066:i2397535,8.46533
u0008066:i2436386,8.46533
u0008066:i2510434,8.46533
u0008066:i2557490,8.46533
u0008066:i2669336,8.46533
u0008066:i2717822,8.46533
u0008066:i2788710,8.46533
u0008066:i2802144,8.46533
u0008066:i2872732,8.46533
u0008066:i2908446,8.46533
u0008066:i2911666,8.46533
u0008066:i2960930,8.46533
u0008066:i2962726,8.46533
u0008066:i2980592,8.46533
u0008066:i3277552,8.46533
u0008066:i3416742,8.46533
u0008066:i3479316,8.46533
u0008090:i0118884,8.07525
u0008090:i0816692,8.07525
u0008090:i1392190,8.07525
u0008090:i1823672,8.07525
u0008090:i2209764,8.07525
u0008090:i2452200,8.07525
u0008090:i3042408,8.07525
u0008090:i3404158,8.07525
u0008120:i0079501,6.82854
u0008120:i0113855,6.82854
u0008120:i0369610,6.82854
u0008120:i0416449,6.82854
u0008120:i0478970,6.82854
u0008120:i0800320,6.82854
u0008120:i1253863,6.82854
u0008120:i1340138,6.82854
u0008120:i1646987,6.82854
u0008120:i1650554,6.82854
u0008120:i1726669,6.82854
u0008120:i1870419,6.82854
u0008120:i1921064,6.82854
u0008120:i2096673,6.82854
u0008120:i2172934,6.82854
u0008120:i2245084,6.82854
u0008120:i2267998,6.82854
u0008120:i2294449,6.82854
u0008120:i2321549,6.82854
u0008120:i2395427,6.82854
u0008120:i2446042,6.82854
u0008120:i2832470,6.82854
u0008173:i0057115,6.7704
u0008173:i0060196,6.7704
u0008173:i0097239,6.7704
u0008173:i0110912,6.7704
u0008173:i0119174,6.7704
u0008173:i0816692,6.7704
u0008173:i0974014,6.7704
u0008173:i1600196,6.7704
u0008173:i2310332,6.7704
u0008173:i2561572,6.7704
u0008173:i2562232,6.7704
u0008173:i2713180,6.7704
u0008188:i0107290,5.55139
u0008188:i0119567,5.91583
u0008188:i0163025,5.59676
u0008188:i0348150,6.44337
u0008188:i0363771,5.78022
u0008188:i0386005,0
u0008188:i0454876,4.48605
u0008188:i0455944,6.22968
u0008188:i0470752,6.46634
u0008188:i0472399,4.7898
u0008188:i0499448,4.65195
u0008188:i0837562,4.79718
u0008188:i0878804,5.68687
u0008188:i0947798,4.50533
u0008188:i0980970,3.14292
u0008188:i1045658,5.72937
u0008188:i1109624,6.50143
u0008188:i1211956,5.56927
u0008188:i1291150,6.83457
u0008188:i1462769,5.71725
u0008188:i1538403,5.31406
u0008188:i1606389,4.63108
u0008188:i1631867,6.24441
u0008188:i1637725,5.54385
u0008188:i1790864,6.01783
u0008188:i1800241,6.09119
u0008188:i1823672,6.53025
u0008188:i1860353,3.15743
u0008188:i1877832,5.80878
u0008188:i1951265,6.67368
u0008188:i2015381,6.06048
u0008188:i2103281,6.71696
u0008188:i2179136,6.58828
u0008188:i2245084,6.68142
u0008188:i2278388,6.17752
u0008188:i2294449,6.173
u0008188:i2333784,6.69465
u0008188:i2562232,6.54492
u0008188:i2582846,5.34104
u0008188:i2692250,6.8709
u0008188:i2713180,6.51879
u0008188:i2802144,6.34381
u0008188:i2820852,6.21455
u0008188:i2872732,6.20594
u0008188:i2908446,6.12856
u0008189:i0078718,2.95967
u0008189:i0081505,4.63794
u0008189:i0139654,6.27871
u0008189:i0162222,5.45741
u0008189:i0268978,4.47375
u0008189:i0361748,5.15915
u0008189:i0407887,4.61514
u0008189:i1010048,4.3382
u0008189:i1100089,6.5916
u0008189:i2084970,6.35346
u0008189:i2381249,6.191
u0008189:i2562232,6.55184
u0008189:i2820852,6.22274
u0008189:i3007512,6.21109
u0008189:i3863552,6.02004
u0008207:i1531924,7.60697
u0008207:i1821549,7.60697
u0008207:i3164198,7.60697
u0008220:i0093058,7.60697
u0008220:i0405159,7.60697
u0008220:i2446600,7.60697
u0008220:i2637276,7.60697
u0008220:i4293752,7.60697
u0008233:i0094721,6.52536
u0008233:i0098439,6.52536
u0008233:i0099685,6.52536
u0008233:i0112641,6.52536
u0008233:i0118147,6.52536
u0008233:i0119081,6.52536
u0008233:i0246578,6.52536
u0008233:i0462538,6.52536
u0008233:i1340138,6.52536
u0008233:i1398426,6.52536
u0008233:i1823672,6.52536
u0008233:i2106476,6.52536
u0008233:i2179136,6.52536
u0008233:i2334649,6.52536
u0008233:i2381249,6.52536
u0008233:i2395427,6.52536
u0008233:i2397535,6.52536
u0008233:i2802144,6.52536
u0008233:i2820852,6.52536
u0008233:i2911666,6.52536
u0008259:i0119643,7.56793
u0008259:i0120755,7.56793
u0008259:i0268978,7.56793
u0008259:i0369610,7.56793
u0008259:i0758746,7.56793
u0008259:i0948470,7.56793
u0008259:i1340138,7.56793
u0008259:i1798684,7.56793
u0008259:i1945044,7.56793
u0008259:i2179136,7.56793
u0008259:i2199571,7.56793
u0008259:i2870612,7.56793
u0008259:i2911668,7.56793
u0008259:i3079380,7.56793
u0008259:i3247714,7.56793
u0008269:i1617661,6.78672
u0008269:i1661199,6.38539
u0008269:i1823672,6.54439
u0008269:i2381941,6.44803
u0008269:i2802144,6.3498
u0008328:i0470752,6.4775
u0008328:i0816692,5.85272
u0008328:i0945513,5.0358
u0008328:i1454468,5.08981
u0008328:i1483013,5.12748
u0008328:i1535108,5.57986
u0008328:i1631867,6.28901
u0008328:i1663662,6.34792
u0008328:i1706620,6.21789
u0008328:i1798709,5.68772
u0008328:i2184339,5.72151
u0008328:i2245084,6.69567
u0008328:i2333804,6.42543
u0008328:i2397535,6.52056
u0008328:i2562232,6.55876
u0008328:i2582802,6.53894
u0008328:i2802144,6.35579
u0008328:i2872718,6.56903
u0008328:i2911666,6.7231
u0008328:i2975578,5.37927
u0008365:i0816442,5.87617
u0008365:i0816692,5.8612
u0008365:i2084970,6.36005
u0008448:i0107290,6.36057
u0008448:i0121765,6.36057
u0008448:i0314166,6.36057
u0008448:i0907657,6.36057
u0008448:i1109624,6.36057
u0008448:i1198156,6.36057
u0008448:i1204977,6.36057
u0008448:i1334537,6.36057
u0008448:i1392190,6.36057
u0008448:i1470023,6.36057
u0008448:i1588173,6.36057
u0008448:i1661199,6.36057
u0008448:i1666801,6.36057
u0008448:i1964418,6.36057
u0008448:i1980929,6.36057
u0008448:i2322441,6.36057
u0008448:i2381249,6.36057
u0008448:i2639344,6.36057
u0008448:i2753778,6.36057
u0008448:i2799166,6.36057
u0008448:i2870612,6.36057
u0008448:i3235888,6.36057
u0008448:i3387648,6.36057
u0008448:i3472226,6.36057
u0008448:i3504048,6.36057
u0008448:i3817848,6.36057
u0008448:i3836308,6.36057
u0008471:i2084970,7.54539
u0008471:i2096672,7.54539
u0008471:i2980516,7.54539
u0008471:i3045616,7.54539
u0008494:i0103639,7.52882
u0008494:i0117060,7.52882
u0008494:i0333766,7.52882
u0008494:i0396269,7.52882
u0008494:i1109624,7.52882
u0008494:i1234548,7.52882
u0008494:i1313139,7.52882
u0008494:i1320239,7.52882
u0008494:i1371150,7.52882
u0008494:i1412386,7.52882
u0008494:i1567437,7.52882
u0008494:i1605783,7.52882
u0008494:i1638355,7.52882
u0008494:i1655441,7.52882
u0008494:i1843866,7.52882
u0008494:i2015381,7.52882
u0008494:i2096673,7.52882
u0008494:i2180411,7.52882
u0008494:i2381249,7.52882
u0008494:i2637276,7.52882
u0008494:i2637294,7.52882
u0008494:i2725962,7.52882
u0008494:i2802144,7.52882
u0008494:i3152624,7.52882
u0008494:i3416742,7.52882
u0008494:i3759416,7.52882
u0008494:i4785358,7.52882
u0008502:i0076759,7.89127
u0008502:i0119643,7.89127
u0008502:i0414387,7.89127
u0008502:i0468569,7.89127
u0008502:i0884732,7.89127
u0008502:i1798684,7.89127
u0008502:i1872194,7.89127
u0008502:i2084970,7.89127
u0008502:i2245084,7.89127
u0008502:i2310332,7.89127
u0008502:i2562232,7.89127
u0008502:i2582802,7.89127
u0008502:i2726560,7.89127
u0008502:i2802144,7.89127
u0008502:i2908446,7.89127
u0008502:i2937898,7.89127
u0008502:i3622592,7.89127
u0008515:i0295297,5.11456
u0008515:i0926084,3.39883
u0008515:i1086772,5.62248
u0008515:i1659337,6.06444
u0008515:i1790864,6.05242
u0008515:i1872194,6.6938
u0008515:i2267998,6.10994
u0008515:i2562232,6.5657
u0008515:i2582846,5.39973
u0008515:i2802144,6.36179
u0008515:i2872718,6.57983
u0008515:i3316960,6.2404
u0008539:i0114369,4.20937
u0008539:i0208092,5.3376
u0008539:i0363547,2.53708
u0008539:i0365748,6.14626
u0008539:i0816692,5.86969
u0008539:i1068680,3.84654
u0008539:i1306980,4.9075
u0008539:i1418754,5.14409
u0008539:i1872194,6.71471
u0008539:i2229499,5.59852
u0008539:i2243537,3.80348
u0008539:i2275946,5.81276
u0008539:i2828996,6.28675
u0008539:i2980516,6.58928
u0008544:i0118849,7.60697
u0008544:i0816692,7.60697
u0008544:i0993846,7.60697
u0008544:i1392190,7.60697
u0008544:i1392214,7.60697
u0008544:i1483013,7.60697
u0008544:i1959490,7.60697
u0008544:i2015381,7.60697
u0008544:i2084970,7.60697
u0008544:i2177771,7.60697
u0008544:i2310332,7.60697
u0008544:i2562232,7.60697
u0008544:i2872732,7.60697
u0008544:i3316960,7.60697
u0008547:i0780571,7.71386
u0008547:i1850397,7.71386
u0008547:i2084970,7.71386
u0008547:i3140100,7.71386
u0008547:i3253930,7.71386
u0008554:i0884732,6.24703
u0008554:i1020072,6.83553
u0008554:i1121096,6.58596
u0008554:i1294970,6.2561
u0008554:i1355630,6.06953
u0008554:i1499658,5.4555
u0008554:i1967545,6.76777
u0008554:i1980929,6.11618
u0008554:i2103254,5.53207
u0008554:i2170439,6.42803
u0008554:i2179136,6.59538
u0008554:i2436386,6.63036
u0008554:i3316960,6.25966
u0008554:i3450650,5.70579
u0008570:i0455944,7.39687
u0008570:i0470752,7.39687
u0008570:i0816692,7.39687
u0008570:i1491044,7.39687
u0008570:i1600196,7.39687
u0008570:i1617661,7.39687
u0008570:i1726592,7.39687
u0008570:i1817273,7.39687
u0008570:i1872194,7.39687
u0008570:i2084970,7.39687
u0008570:i2170439,7.39687
u0008570:i2179136,7.39687
u0008570:i2245084,7.39687
u0008570:i2261331,7.39687
u0008570:i2395427,7.39687
u0008570:i2713180,7.39687
u0008570:i2717822,7.39687
u0008570:i2802144,7.39687
u0008570:i2820852,7.39687
u0008570:i2911666,7.39687
u0008577:i0120689,7.67
u0008577:i0190590,7.67
u0008577:i0478311,7.67
u0008577:i0765443,7.67
u0008577:i0829150,7.67
u0008577:i1291150,7.67
u0008577:i1843866,7.67
u0008577:i2179136,7.67
u0008577:i2268458,7.67
u0008577:i2562232,7.67
u0008577:i2582802,7.67
u0008577:i2713180,7.67
u0008577:i2872718,7.67
u0008577:i2884206,7.67
u0008577:i2911666,7.67
u0008577:i2980516,7.67
u0008577:i3097204,7.67
u0008580:i1340138,6.22354
u0008580:i1392190,6.10082
u0008580:i2395427,6.54846
u0008580:i2637276,5.70501
u0008596:i1392190,7.75657
u0008596:i2381249,7.75657
u0008596:i2911666,7.75657
u0008605:i2039393,7.67
u0008605:i2182972,7.67
u0008605:i2310332,7.67
u0008605:i2515030,7.67
u0008605:i2614684,7.67
u0008630:i1502712,6.89727
u0008630:i2278388,6.89727
u0008630:i2980516,6.89727
u0008659:i0174856,7.60697
u0008659:i0328107,7.60697
u0008659:i2382396,7.60697
u0008666:i0119528,7.60697
u0008666:i0158983,7.60697
u0008666:i0161215,7.60697
u0008666:i0380389,7.60697
u0008666:i0478970,7.60697
u0008666:i1245492,7.60697
u0008666:i1454029,7.60697
u0008666:i1483013,7.60697
u0008666:i2278388,7.60697
u0008666:i2802144,7.60697
u0008692:i0470752,7.53391
u0008692:i0790636,7.53391
u0008692:i1964624,7.53391
u0008692:i2326554,7.53391
u0008692:i2465578,7.53391
u0008692:i2562232,7.53391
u0008692:i3007512,7.53391
u0008705:i0039224,5.1009
u0008705:i2126355,6.48085
u0008705:i3369806,4.78747
u0008705:i4658908,0
u0008712:i0075314,5.40953
u0008712:i0075686,5.70008
u0008712:i0110912,4.71512
u0008712:i0112641,4.86111
u0008712:i0119008,4.93589
u0008712:i0169547,5.1251
u0008712:i0245712,5.13588
u0008712:i0477348,5.81266
u0008712:i1675434,4.6376
u0008712:i2024544,5.97847
u0008729:i0012349,7.34789
u0008729:i0015864,7.34789
u0008729:i0017925,7.34789
u0008729:i0018742,7.34789
u0008729:i0019421,7.34789
u0008729:i0038650,7.34789
u0008729:i0046912,7.34789
u0008729:i0047396,7.34789
u0008729:i0053125,7.34789
u0008729:i0053291,7.34789
u0008729:i0053604,7.34789
u0008729:i0058461,7.34789
u0008729:i0059578,7.34789
u0008729:i0060196,7.34789
u0008729:i0095327,7.34789
u0008729:i0096283,7.34789
u0008729:i0258463,7.34789
u0008729:i0317705,7.34789
u0008729:i0372183,7.34789
u0008729:i0440963,7.34789
u0008729:i1392190,7.34789
u0008729:i1598642,7.34789
u0008729:i1683526,7.34789
u0008729:i1791682,7.34789
u0008729:i1798684,7.34789
u0008729:i2381941,7.34789
u0008729:i2937898,7.34789
u0008729:i3205376,7.34789
u0008781:i1065073,7.39313
u0008781:i1922777,7.39313
u0008781:i2023587,7.39313
u0008781:i2084970,7.39313
u0008781:i2267998,7.39313
u0008781:i3455224,7.39313
u0008785:i0111161,3.97439
u0008785:i0352248,4.72243
u0008785:i0443706,5.79579
u0008785:i1291584,4.2578
u0008785:i1790864,6.0872
u0008785:i2106476,5.43012
u0008785:i2279373,6.21487
u0008785:i2788710,6.47213
u0008787:i0110413,8.67774
u0008787:i0169547,8.67774
u0008787:i0317740,8.67774
u0008787:i0475276,8.67774
u0008787:i1029360,8.67774
u0008787:i1126590,8.67774
u0008787:i1392190,8.67774
u0008787:i1450321,8.67774
u0008787:i1638355,8.67774
u0008787:i1655441,8.67774
u0008787:i1674771,8.67774
u0008787:i1850397,8.67774
u0008787:i2126355,8.67774
u0008787:i2179136,8.67774
u0008787:i2199571,8.67774
u0008787:i2322441,8.67774
u0008787:i2358925,8.67774
u0008787:i2381249,8.67774
u0008787:i2381941,8.67774
u0008787:i2395427,8.67774
u0008787:i2561572,8.67774
u0008787:i2582802,8.67774
u0008787:i2737050,8.67774
u0008787:i2752772,8.67774
u0008787:i2802144,8.67774
u0008787:i2848292,8.67774
u0008787:i2980648,8.67774
u0008787:i3045616,8.67774
u0008787:i3079380,8.67774
u0008787:i3181822,8.67774
u0008787:i3235888,8.67774
u0008787:i3442006,8.67774
u0008787:i3713166,8.67774
u0008787:i4178092,8.67774
u0008811:i0119008,5.09511
u0008811:i0369610,6.28071
u0008811:i1029360,6.90044
u0008813:i0470752,7.26666
u0008813:i1371150,7.26666
u0008813:i1392190,7.26666
u0008813:i1661199,7.26666
u0008813:i1964418,7.26666
u0008813:i2096673,7.26666
u0008813:i2562232,7.26666
u0008813:i2717860,7.26666
u0008813:i2802144,7.26666
u0008813:i2935476,7.26666
u0008831:i1392190,8.5991
u0008831:i1600196,8.5991
u0008831:i2381941,8.5991
u0008831:i2548208,8.5991
u0008831:i2637276,8.5991
u0008831:i2788710,8.5991
u0008857:i0248845,6.46071
u0008857:i1617661,6.46071
u0008857:i1661199,6.46071
u0008857:i1964418,6.46071
u0008857:i1981677,6.46071
u0008857:i2096673,6.46071
u0008857:i2180411,6.46071
u0008857:i2245084,6.46071
u0008857:i2802144,6.46071
u0008857:i2848292,6.46071
u0008857:i2908446,6.46071
u0008857:i3079380,6.46071
u0008857:i3152624,6.46071
u0008923:i0758758,5.27193
u0008923:i1057500,6.66152
u0008923:i1824254,2.96863
u0008928:i0816692,7.96
u0008928:i1343727,7.96
u0008928:i1392190,7.96
u0008928:i1964418,7.96
u0008928:i2084970,7.96
u0008928:i2179136,7.96
u0008928:i2293640,7.96
u0008928:i2381941,7.96
u0008928:i2493486,7.96
u0008928:i2561572,7.96
u0008928:i2562232,7.96
u0008928:i2582802,7.96
u0008928:i2713180,7.96
u0008928:i2802144,7.96
u0008928:i2820852,7.96
u0008928:i2872718,7.96
u0008928:i3203616,7.96
u0008945:i0084855,7.484
u0008945:i3345206,7.484
u0008945:i4284010,7.484
u0008977:i0369610,7.92598
u0008977:i1392190,7.92598
u0008977:i1502712,7.92598
u0008977:i2452200,7.92598
u0008977:i2582802,7.92598
u0008977:i2980472,7.92598
u0008977:i2980592,7.92598
u0008992:i0245429,4.79207
u0008992:i2576852,6.56505
u0008992:i3547740,6.30949
u0008997:i0073486,7.60697
u0008997:i2582802,7.60697
u0008997:i2713180,7.60697
u0009000:i0050083,4.81196
u0009000:i0116282,6.2398
u0009000:i1596350,4.71706
u0009000:i1637725,5.67907
u0009000:i1798684,5.85406
u0009000:i2637276,5.72756
u0009000:i2788710,6.49944
u0009000:i2802144,6.3678
u0009000:i3079380,5.96294
u0009000:i4178092,5.83371
u0009010:i0489099,8.35179
u0009010:i1638355,8.35179
u0009010:i2395427,8.35179
u0009010:i2679042,8.35179
u0009010:i2917388,8.35179
u0009027:i0369610,7.645
u0009027:i0443465,7.645
u0009027:i0478970,7.645
u0009027:i1617661,7.645
u0009027:i1638355,7.645
u0009027:i1661199,7.645
u0009027:i2126355,7.645
u0009027:i2293640,7.645
u0009027:i2395427,7.645
u0009027:i2802144,7.645
u0009027:i2820852,7.645
u0009027:i2908446,7.645
u0009027:i3079380,7.645
u0009059:i0050468,0
u0009059:i0051201,5.47528
u0009059:i0060921,0
u0009059:i0086979,6.40093
u0009059:i0093822,2.96025
u0009059:i0100150,5.29209
u0009059:i0101410,5.56006
u0009059:i0110074,0
u0009059:i0118715,5.99825
u0009059:i0138524,4.96274
u0009059:i0190590,4.67286
u0009059:i0243133,6.08499
u0009059:i0243655,6.47776
u0009059:i0369610,6.28755
u0009059:i0469494,5.44228
u0009059:i0478970,5.98437
u0009059:i0816692,5.8782
u0009059:i1020072,6.86525
u0009059:i1100089,6.61514
u0009059:i1392190,6.10598
u0009059:i1690953,5.39743
u0009059:i2084970,6.36664
u0009059:i2179136,6.60248
u0009059:i2278388,6.20007
u0009059:i2294629,5.84973
u0009059:i2395427,6.55555
u0009059:i2562232,6.57264
u0009059:i2582802,6.54616
u0009059:i2788710,6.52686
u0009059:i2872718,6.59065
u0009059:i2872732,6.23592
u0009059:i2980516,6.59807
u0009060:i0075686,5.97151
u0009060:i0120737,4.40298
u0009060:i0172495,4.62574
u0009060:i1028528,6.30712
u0009060:i1065073,6.40706
u0009060:i1631867,6.33394
u0009060:i2084970,6.37323
u0009060:i2980516,6.60687
u0009060:i3442006,6.53355
u0009099:i0468569,7.49152
u0009099:i0816692,7.49152
u0009099:i1100089,7.49152
u0009099:i1216491,7.49152
u0009099:i1343092,7.49152
u0009099:i1809398,7.49152
u0009099:i1850397,7.49152
u0009099:i1872194,7.49152
u0009099:i2170439,7.49152
u0009099:i2245084,7.49152
u0009099:i2338151,7.49152
u0009099:i2446042,7.49152
u0009099:i2872718,7.49152
u0009099:i2917388,7.49152
u0009099:i3079380,7.49152
u0009102:i0034583,5.12633
u0009102:i0043014,5.2578
u0009102:i0060196,4.92794
u0009102:i0066011,0
u0009102:i0067549,0
u0009102:i0073195,5.95797
u0009102:i0076759,4.84686
u0009102:i0078788,5.92179
u0009102:i0080684,5.40767
u0009102:i0086190,4.74861
u0009102:i0088247,5.5182
u0009102:i0088847,4.62302
u0009102:i0092965,5.65592
u0009102:i0093010,4.7813
u0009102:i0093058,5.8018
u0009102:i0093648,0
u0009102:i0094963,3.48111
u0009102:i0099091,0
u0009102:i0099810,2.68745
u0009102:i0113627,2.52073
u0009102:i0118887,5.88983
u0009102:i0119349,3.84098
u0009102:i0119892,0
u0009102:i0120382,4.62207
u0009102:i0120586,4.7158
u0009102:i0120915,4.65358
u0009102:i0121765,4.29984
u0009102:i0121766,4.37168
u0009102:i0130827,5.54844
u0009102:i0131566,0
u0009102:i0134273,5.47315
u0009102:i0144084,4.59967
u0009102:i0162222,5.66731
u0009102:i0187078,5.13725
u0009102:i0218967,4.75024
u0009102:i0265086,5.63238
u0009102:i0276751,2.99463
u0009102:i0371746,5.19637
u0009102:i0450259,4.83682
u0009102:i0790724,6.1976
u0009102:i0839742,3.98029
u0009102:i0870211,0
u0009102:i0914863,6.10872
u0009102:i0936501,5.42325
u0009102:i0947802,4.87046
u0009102:i1024648,4.31703
u0009102:i1326220,0
u0009102:i1375666,4.88247
u0009102:i1397280,5.29724
u0009102:i1408101,5.80735
u0009102:i1411697,5.08824
u0009102:i1504320,6.03799
u0009102:i1559549,3.96299
u0009102:i1560747,5.23469
u0009102:i1719634,0
u0009102:i1737747,0
u0009102:i1800241,6.18787
u0009102:i2085910,5.49665
u0009102:i2488386,0
u0009102:i2789532,0
u0009102:i3279124,5.60207
u0009102:i3845960,3.77598
u0009129:i0081398,7.90746
u0009129:i0119396,7.90746
u0009129:i0180093,7.90746
u0009129:i0211915,7.90746
u0009129:i0345950,7.90746
u0009129:i0369610,7.90746
u0009129:i0478970,7.90746
u0009129:i1392190,7.90746
u0009129:i2084970,7.90746
u0009129:i2096673,7.90746
u0009129:i2279373,7.90746
u0009129:i2562232,7.90746
u0009129:i2802144,7.90746
u0009129:i2911666,7.90746
u0009160:i0405159,4.91526
u0009160:i0468569,4.24727
u0009160:i0988045,5.59954
u0009160:i1345836,3.9218
u0009160:i2820852,6.23094
u0009177:i0050083,8.10228
u0009177:i0099685,8.10228
u0009177:i0113277,8.10228
u0009177:i0311113,8.10228
u0009177:i0420223,8.10228
u0009177:i1392190,8.10228
u0009177:i1504320,8.10228
u0009177:i2199571,8.10228
u0009177:i2820852,8.10228
u0009177:i3541262,8.10228
u0009215:i0770802,7.01876
u0009215:i2084970,7.01876
u0009215:i2582802,7.01876
u0009226:i0033467,7.57221
u0009226:i0040522,7.57221
u0009226:i0041959,7.57221
u0009226:i0046438,7.57221
u0009226:i0048545,7.57221
u0009226:i0053472,7.57221
u0009226:i0056592,7.57221
u0009226:i0061722,7.57221
u0009226:i0063803,7.57221
u0009226:i0064116,7.57221
u0009226:i0068646,7.57221
u0009226:i0070047,7.57221
u0009226:i0071315,7.57221
u0009226:i0094336,7.57221
u0009226:i0099685,7.57221
u0009226:i0114369,7.57221
u0009226:i0118749,7.57221
u0009226:i0145681,7.57221
u0009226:i0167190,7.57221
u0009226:i0180093,7.57221
u0009226:i0206634,7.57221
u0009226:i0265086,7.57221
u0009226:i0272338,7.57221
u0009226:i0289043,7.57221
u0009226:i0313542,7.57221
u0009226:i0338013,7.57221
u0009226:i0361748,7.57221
u0009226:i0367089,7.57221
u0009226:i0369610,7.57221
u0009226:i0372784,7.57221
u0009226:i0374900,7.57221
u0009226:i0411477,7.57221
u0009226:i0457430,7.57221
u0009226:i0468569,7.57221
u0009226:i0480242,7.57221
u0009226:i0485947,7.57221
u0009226:i0780536,7.57221
u0009226:i0790636,7.57221
u0009226:i0816692,7.57221
u0009226:i0822854,7.57221
u0009226:i0947798,7.57221
u0009226:i0959337,7.57221
u0009226:i0993846,7.57221
u0009226:i1029360,7.57221
u0009226:i1251757,7.57221
u0009226:i1255953,7.57221
u0009226:i1322269,7.57221
u0009226:i1345836,7.57221
u0009226:i1375666,7.57221
u0009226:i1392190,7.57221
u0009226:i1542344,7.57221
u0009226:i1602620,7.57221
u0009226:i1791528,7.57221
u0009226:i1800241,7.57221
u0009226:i1924429,7.57221
u0009226:i1964418,7.57221
u0009226:i2170593,7.57221
u0009226:i2316411,7.57221
u0009226:i2366608,7.57221
u0009226:i2562232,7.57221
u0009226:i2852376,7.57221
u0009226:i2852400,7.57221
u0009226:i2920808,7.57221
u0009226:i2937898,7.57221
u0009226:i2980516,7.57221
u0009226:i3099498,7.57221
u0009241:i0264464,7.71152
u0009241:i0327056,7.71152
u0009241:i0361748,7.71152
u0009241:i0470752,7.71152
u0009241:i0816692,7.71152
u0009241:i1091191,7.71152
u0009241:i1130884,7.71152
u0009241:i1389137,7.71152
u0009241:i1392190,7.71152
u0009241:i1809398,7.71152
u0009241:i1951265,7.71152
u0009241:i2084970,7.71152
u0009241:i2170439,7.71152
u0009241:i2199571,7.71152
u0009241:i2245084,7.71152
u0009241:i2278388,7.71152
u0009241:i2305051,7.71152
u0009241:i2381941,7.71152
u0009241:i2446042,7.71152
u0009241:i2561572,7.71152
u0009241:i2562232,7.71152
u0009241:i2582802,7.71152
u0009241:i2802144,7.71152
u0009241:i2820852,7.71152
u0009241:i2908446,7.71152
u0009241:i2911666,7.71152
u0009241:i2980516,7.71152
u0009241:i3316960,7.71152
u0009242:i0117238,7.63196
u0009242:i0455944,7.63196
u0009242:i1091191,7.63196
u0009242:i1234719,7.63196
u0009242:i1235522,7.63196
u0009242:i1272878,7.63196
u0009242:i1291150,7.63196
u0009242:i1491044,7.63196
u0009242:i1615147,7.63196
u0009242:i1631867,7.63196
u0009242:i1726669,7.63196
u0009242:i1979320,7.63196
u0009242:i1989475,7.63196
u0009242:i2103254,7.63196
u0009242:i2381249,7.63196
u0009242:i2870612,7.63196
u0009245:i0050083,4.89945
u0009245:i0455944,6.25812
u0009245:i0816692,5.88672
u0009245:i1392170,4.03515
u0009245:i1392190,6.11114
u0009245:i2245084,6.70994
u0009245:i2562232,6.57959
u0009245:i2884206,6.01429
u0009344:i0068762,6.69766
u0009344:i0073486,6.69766
u0009344:i0086879,6.69766
u0009344:i0092099,6.69766
u0009344:i0105323,6.69766
u0009344:i0106519,6.69766
u0009344:i0113277,6.69766
u0009344:i0114369,6.69766
u0009344:i0117060,6.69766
u0009344:i0144084,6.69766
u0009344:i0174856,6.69766
u0009344:i0181689,6.69766
u0009344:i0211915,6.69766
u0009344:i0265086,6.69766
u0009344:i0278504,6.69766
u0009344:i0289765,6.69766
u0009344:i0311113,6.69766
u0009344:i0318462,6.69766
u0009344:i0335245,6.69766
u0009344:i0352248,6.69766
u0009344:i0361862,6.69766
u0009344:i0398883,6.69766
u0009344:i0405159,6.69766
u0009344:i0408306,6.69766
u0009344:i0488120,6.69766
u0009344:i0892255,6.69766
u0009344:i1019452,6.69766
u0009344:i1065073,6.69766
u0009344:i1253863,6.69766
u0009344:i1315981,6.69766
u0009344:i1392214,6.69766
u0009344:i1821549,6.69766
u0009344:i2140373,6.69766
u0009344:i2177771,6.69766
u0009344:i2267998,6.69766
u0009344:i2310332,6.69766
u0009344:i2431286,6.69766
u0009344:i2562232,6.69766
u0009344:i2582846,6.69766
u0009344:i2980516,6.69766
u0009353:i0438488,7.45091
u0009353:i1340138,7.45091
u0009353:i1502712,7.45091
u0009353:i1767372,7.45091
u0009353:i1791682,7.45091
u0009353:i1798684,7.45091
u0009353:i2381249,7.45091
u0009353:i2395427,7.45091
u0009353:i2401097,7.45091
u0009353:i2561572,7.45091
u0009353:i2802144,7.45091
u0009353:i2908446,7.45091
u0009353:i3007512,7.45091
u0009361:i0816692,7.86459
u0009361:i1014763,7.86459
u0009361:i1121096,7.86459
u0009361:i1392190,7.86459
u0009361:i1798684,7.86459
u0009361:i1809398,7.86459
u0009361:i2096672,7.86459
u0009361:i2126355,7.86459
u0009361:i2170439,7.86459
u0009361:i2179136,7.86459
u0009361:i2245084,7.86459
u0009361:i2245171,7.86459
u0009361:i2261331,7.86459
u0009361:i2493486,7.86459
u0009361:i2544766,7.86459
u0009361:i2562232,7.86459
u0009361:i2582802,7.86459
u0009361:i3825638,7.86459
u0009378:i0264472,5.73226
u0009378:i0478970,5.99431
u0009378:i0758752,5.06014
u0009378:i1637688,5.26157
u0009378:i1964418,6.20182
u0009382:i0080684,7.54896
u0009382:i0107290,7.54896
u0009382:i0120755,7.54896
u0009382:i0365748,7.54896
u0009382:i0369610,7.54896
u0009382:i0470752,7.54896
u0009382:i1392190,7.54896
u0009382:i1567437,7.54896
u0009382:i1570728,7.54896
u0009382:i1647668,7.54896
u0009382:i1698641,7.54896
u0009382:i1798684,7.54896
u0009382:i1853728,7.54896
u0009382:i2084970,7.54896
u0009382:i2179136,7.54896
u0009382:i2235108,7.54896
u0009382:i2244901,7.54896
u0009382:i2245084,7.54896
u0009382:i2267998,7.54896
u0009382:i2310332,7.54896
u0009382:i2321549,7.54896
u0009382:i2322441,7.54896
u0009382:i2358925,7.54896
u0009382:i2381941,7.54896
u0009382:i2395427,7.54896
u0009382:i2562232,7.54896
u0009382:i2582802,7.54896
u0009382:i2637294,7.54896
u0009382:i2713180,7.54896
u0009382:i2802144,7.54896
u0009382:i2908446,7.54896
u0009382:i2910814,7.54896
u0009382:i2911666,7.54896
u0009382:i2937898,7.54896
u0009382:i2980516,7.54896
u0009382:i3079380,7.54896
u0009382:i3152624,7.54896
u0009383:i0369610,7.60697
u0009383:i0478970,7.60697
u0009383:i1340138,7.60697
u0009383:i1823672,7.60697
u0009383:i2096673,7.60697
u0009383:i2369135,7.60697
u0009383:i2788710,7.60697
u0009413:i0369610,7.92598
u0009413:i0458481,7.92598
u0009413:i1355630,7.92598
u0009413:i1524930,7.92598
u0009413:i1528071,7.92598
u0009413:i1617661,7.92598
u0009413:i1655441,7.92598
u0009413:i2096673,7.92598
u0009413:i2126355,7.92598
u0009413:i2321549,7.92598
u0009413:i2381249,7.92598
u0009413:i2395427,7.92598
u0009413:i2562232,7.92598
u0009413:i2582802,7.92598
u0009413:i2679042,7.92598
u0009413:i2802144,7.92598
u0009413:i2848292,7.92598
u0009413:i2908446,7.92598
u0009413:i2911666,7.92598
u0009413:i2918436,7.92598
u0009413:i3195644,7.92598
u0009446:i0172495,4.71469
u0009446:i0268978,4.54366
u0009446:i0272152,5.79327
u0009446:i0421715,4.43263
u0009446:i0816692,5.89525
u0009446:i2980516,6.61567
u0009478:i1194263,7.4309
u0009478:i1528100,7.4309
u0009478:i1800241,7.4309
u0009479:i1216491,8.80643
u0009479:i1823672,8.80643
u0009479:i2096672,8.80643
u0009479:i2170593,8.80643
u0009479:i2278388,8.80643
u0009479:i2381941,8.80643
u0009479:i2562232,8.80643
u0009554:i0111161,4.02345
u0009554:i0816692,5.9038
u0009554:i0988045,5.89425
u0009554:i1211956,5.70187
u0009554:i2015381,6.09766
u0009554:i2820852,6.23915
u0009584:i0082971,7.71386
u0009584:i0117665,7.71386
u0009584:i0119174,7.71386
u0009584:i0120710,7.71386
u0009584:i0160434,7.71386
u0009584:i0327056,7.71386
u0009584:i0405159,7.71386
u0009584:i0443706,7.71386
u0009584:i0452623,7.71386
u0009584:i0824747,7.71386
u0009584:i0993846,7.71386
u0009584:i1071203,7.71386
u0009584:i1345836,7.71386
u0009584:i1867093,7.71386
u0009584:i2212008,7.71386
u0009584:i2267998,7.71386
u0009584:i2402603,7.71386
u0009584:i3322940,7.71386
u0009591:i0317248,7.92598
u0009591:i2179136,7.92598
u0009591:i2395427,7.92598
u0009594:i0105236,4.9323
u0009594:i0109686,5.30221
u0009594:i0110413,3.95687
u0009594:i0114369,4.25831
u0009594:i0114814,4.626
u0009594:i0209144,5.12942
u0009594:i0361748,5.23852
u0009594:i0405422,3.89808
u0009594:i0470752,6.48869
u0009594:i1086772,5.73272
u0009594:i1205535,1.99166
u0009594:i1231583,4.12373
u0009594:i1232829,5.19014
u0009594:i1291584,4.33121
u0009594:i1334260,3.05487
u0009594:i1371150,6.50182
u0009594:i1392190,6.1163
u0009594:i1433811,5.32279
u0009594:i1638002,5.13888
u0009594:i1798684,5.87607
u0009594:i1823672,6.55855
u0009594:i1850397,6.24116
u0009594:i1872194,6.7357
u0009594:i1924396,5.49297
u0009594:i1931533,5.53794
u0009594:i2039393,6.36856
u0009594:i2073029,3.7345
u0009594:i2084970,6.37984
u0009594:i2140619,6.60364
u0009594:i2172985,6.17475
u0009594:i2184339,5.89489
u0009594:i2199571,6.01712
u0009594:i2294449,6.25994
u0009594:i2381941,6.45975
u0009594:i2493486,5.54933
u0009594:i2637276,5.7502
u0009594:i2679042,5.86066
u0009594:i2726560,5.53652
u0009594:i2785032,6.64855
u0009594:i2802144,6.37381
u0009594:i2820852,6.24737
u0009594:i2883512,6.33923
u0009594:i3079380,5.97727
u0009594:i3149038,6.54069
u0009596:i0369610,7.60697
u0009596:i0478970,7.60697
u0009596:i1029360,7.60697
u0009596:i1398426,7.60697
u0009596:i1502712,7.60697
u0009596:i1524930,7.60697
u0009596:i1638355,7.60697
u0009596:i1781922,7.60697
u0009596:i2096673,7.60697
u0009596:i2120120,7.60697
u0009596:i2126355,7.60697
u0009596:i2293640,7.60697
u0009596:i2381249,7.60697
u0009596:i2637276,7.60697
u0009596:i2679042,7.60697
u0009596:i2752772,7.60697
u0009596:i2802144,7.60697
u0009596:i2820852,7.60697
u0009596:i2967224,7.60697
u0009596:i3079380,7.60697
u0009596:i3181822,7.60697
u0009596:i3235888,7.60697
u0009596:i3316948,7.60697
u0009596:i3450650,7.60697
u0009596:i4178092,7.60697
u0009605:i0455944,6.2867
u0009605:i0470752,6.4999
u0009605:i1450321,6.34202
u0009605:i1791528,6.48295
u0009605:i1800241,6.2861
u0009605:i1850397,6.30235
u0009605:i2799166,6.99429
u0009605:i2802144,6.37983
u0009605:i3455740,3.88757
u0009633:i2179136,7.79242
u0009633:i2199571,7.79242
u0009633:i2561572,7.79242
u0009642:i0067116,6.7
u0009642:i0093773,6.7
u0009642:i0095016,6.7
u0009642:i0099423,6.7
u0009642:i0100405,6.7
u0009642:i0103644,6.7
u0009642:i0103855,6.7
u0009642:i0106918,6.7
u0009642:i0111503,6.7
u0009642:i0112573,6.7
u0009642:i0112864,6.7
u0009642:i0114369,6.7
u0009642:i0116040,6.7
u0009642:i0118880,6.7
u0009642:i0119738,6.7
u0009642:i0120338,6.7
u0009642:i0125439,6.7
u0009642:i0133093,6.7
u0009642:i0137523,6.7
u0009642:i0163651,6.7
u0009642:i0172495,6.7
u0009642:i0209144,6.7
u0009642:i0240772,6.7
u0009642:i0293662,6.7
u0009642:i0328828,6.7
u0009642:i0337978,6.7
u0009642:i0349903,6.7
u0009642:i0361748,6.7
u0009642:i0378109,6.7
u0009642:i0388482,6.7
u0009642:i0405159,6.7
u0009642:i0407887,6.7
u0009642:i0409459,6.7
u0009642:i0435651,6.7
u0009642:i0455944,6.7
u0009642:i0458481,6.7
u0009642:i0469021,6.7
u0009642:i0479884,6.7
u0009642:i0496806,6.7
u0009642:i0800320,6.7
u0009642:i0804463,6.7
u0009642:i0816692,6.7
u0009642:i0822854,6.7
u0009642:i0829150,6.7
u0009642:i0831387,6.7
u0009642:i0882977,6.7
u0009642:i0948470,6.7
u0009642:i1010048,6.7
u0009642:i1037705,6.7
u0009642:i1045658,6.7
u0009642:i1086772,6.7
u0009642:i1097643,6.7
u0009642:i1099212,6.7
u0009642:i1104126,6.7
u0009642:i1111422,6.7
u0009642:i1119646,6.7
u0009642:i1121931,6.7
u0009642:i1129442,6.7
u0009642:i1136608,6.7
u0009642:i1155592,6.7
u0009642:i1179031,6.7
u0009642:i1194173,6.7
u0009642:i1205537,6.7
u0009642:i1211956,6.7
u0009642:i1219289,6.7
u0009642:i1259571,6.7
u0009642:i1272878,6.7
u0009642:i1276104,6.7
u0009642:i1282140,6.7
u0009642:i1291150,6.7
u0009642:i1325004,6.7
u0009642:i1351685,6.7
u0009642:i1392214,6.7
u0009642:i1411697,6.7
u0009642:i1416801,6.7
u0009642:i1426329,6.7
u0009642:i1446714,6.7
u0009642:i1478338,6.7
u0009642:i1504320,6.7
u0009642:i1586752,6.7
u0009642:i1592525,6.7
u0009642:i1615147,6.7
u0009642:i1647668,6.7
u0009642:i1649419,6.7
u0009642:i1656186,6.7
u0009642:i1656190,6.7
u0009642:i1663662,6.7
u0009642:i1709143,6.7
u0009642:i1726669,6.7
u0009642:i1764651,6.7
u0009642:i1872194,6.7
u0009642:i1886493,6.7
u0009642:i1945084,6.7
u0009642:i1951261,6.7
u0009642:i2004420,6.7
u0009642:i2011159,6.7
u0009642:i2024469,6.7
u0009642:i2106361,6.7
u0009642:i2132285,6.7
u0009642:i2172934,6.7
u0009642:i2179136,6.7
u0009642:i2203939,6.7
u0009642:i2245151,6.7
u0009642:i2267998,6.7
u0009642:i2294449,6.7
u0009642:i2333784,6.7
u0009642:i2334879,6.7
u0009642:i2377322,6.7
u0009642:i2381941,6.7
u0009642:i2446600,6.7
u0009642:i2465146,6.7
u0009642:i2473602,6.7
u0009642:i2481480,6.7
u0009642:i2557490,6.7
u0009642:i2582846,6.7
u0009642:i2626460,6.7
u0009642:i2717822,6.7
u0009642:i2717860,6.7
u0009642:i2802144,6.7
u0009642:i2872732,6.7
u0009642:i2975578,6.7
u0009642:i3186318,6.7
u0009642:i3311384,6.7
u0009646:i0369610,7.67
u0009646:i1772925,7.67
u0009646:i1791682,7.67
u0009646:i2245084,7.67
u0009646:i2802144,7.67
u0009646:i2991224,7.67
u0009646:i3079380,7.67
u0009646:i3495030,7.67
u0009646:i3713166,7.67
u0009663:i0102057,8.12531
u0009663:i0109686,8.12531
u0009663:i0116629,8.12531
u0009663:i0118715,8.12531
u0009663:i0119177,8.12531
u0009663:i0210945,8.12531
u0009663:i0240772,8.12531
u0009663:i0304415,8.12531
u0009663:i0369610,8.12531
u0009663:i0385002,8.12531
u0009663:i0385705,8.12531
u0009663:i0411951,8.12531
u0009663:i0454876,8.12531
u0009663:i0470752,8.12531
u0009663:i0816692,8.12531
u0009663:i0848228,8.12531
u0009663:i1065073,8.12531
u0009663:i1172570,8.12531
u0009663:i1182921,8.12531
u0009663:i1219289,8.12531
u0009663:i1840309,8.12531
u0009663:i1966604,8.12531
u0009663:i2005363,8.12531
u0009663:i2015381,8.12531
u0009663:i2096672,8.12531
u0009663:i2245084,8.12531
u0009663:i2317225,8.12531
u0009663:i2334879,8.12531
u0009663:i2395427,8.12531
u0009663:i2401807,8.12531
u0009663:i2668134,8.12531
u0009663:i2802144,8.12531
u0009663:i2908446,8.12531
u0009663:i2962726,8.12531
u0009663:i3079380,8.12531
u0009665:i0369610,7.92598
u0009665:i1392190,7.92598
u0009665:i1772264,7.92598
u0009665:i1798684,7.92598
u0009665:i1823672,7.92598
u0009665:i2179136,7.92598
u0009665:i2199571,7.92598
u0009665:i2381249,7.92598
u0009665:i2381941,7.92598
u0009665:i2395427,7.92598
u0009665:i2802144,7.92598
u0009665:i2820852,7.92598
u0009679:i1065073,6.61985
u0009679:i1291150,6.61985
u0009679:i1340138,6.61985
u0009679:i1392190,6.61985
u0009679:i1441395,6.61985
u0009679:i2084970,6.61985
u0009679:i2170439,6.61985
u0009679:i2179136,6.61985
u0009679:i2199571,6.61985
u0009679:i2229511,6.61985
u0009679:i2278388,6.61985
u0009679:i2305051,6.61985
u0009679:i2381249,6.61985
u0009679:i2381941,6.61985
u0009679:i2395427,6.61985
u0009679:i2562232,6.61985
u0009679:i2717822,6.61985
u0009679:i2802144,6.61985
u0009679:i2820852,6.61985
u0009679:i3472226,6.61985
u0009704:i0079501,6.5119
u0009704:i0089530,6.5119
u0009704:i0144084,6.5119
u0009704:i0169547,6.5119
u0009704:i0180093,6.5119
u0009704:i0443706,6.5119
u0009704:i2084970,6.5119
u0009704:i2872718,6.5119
u0009704:i2994190,6.5119
u0009722:i2084970,6.38645
u0009722:i2267998,6.12499
u0009722:i2278388,6.2227
u0009725:i2381941,7.38407
u0009725:i2436386,7.38407
u0009725:i2555736,7.38407
u0009725:i2560102,7.38407
u0009725:i3235888,7.38407
u0009737:i0291172,7.67
u0009737:i0456396,7.67
u0009737:i0470752,7.67
u0009737:i1032846,7.67
u0009737:i1392190,7.67
u0009737:i1791528,7.67
u0009737:i1827512,7.67
u0009737:i2562232,7.67
u0009737:i2802154,7.67
u0009737:i3044244,7.67
u0009737:i3973432,7.67
u0009751:i0455944,6.3154
u0009751:i2179136,6.60958
u0009751:i2350892,4.34363
u0009751:i2381941,6.4715
u0009751:i2911666,6.7381
u0009759:i0816692,5.91235
u0009759:i1777551,5.88445
u0009759:i2582802,6.55339
u0009783:i0195685,6.89572
u0009783:i1020072,6.8951
u0009783:i2140619,6.83949
u0009783:i2515034,6.0855
u0009783:i2639344,6.32978
u0009783:i2889112,4.18919
u0009783:i3007512,6.24873
u0009783:i3316960,6.27898
u0009783:i3442006,6.59889
u0009791:i0816692,7.57727
u0009791:i1205537,7.57727
u0009791:i1600196,7.57727
u0009791:i1840309,7.57727
u0009791:i1872194,7.57727
u0009791:i2084970,7.57727
u0009791:i2278388,7.57727
u0009791:i2381249,7.57727
u0009791:i2713180,7.57727
u0009791:i2980516,7.57727
u0009791:i3230082,7.57727
u0009794:i2976182,7.43972
u0009794:i3390572,7.43972
u0009794:i3836958,7.43972
u0009794:i3848892,7.43972
u0009804:i0258000,7.72229
u0009804:i0265208,7.72229
u0009804:i0265298,7.72229
u0009804:i0372784,7.72229
u0009804:i0468569,7.72229
u0009804:i0910936,7.72229
u0009804:i0942385,7.72229
u0009804:i0974661,7.72229
u0009804:i1077368,7.72229
u0009804:i1133985,7.72229
u0009804:i1205558,7.72229
u0009804:i1333125,7.72229
u0009804:i1345836,7.72229
u0009804:i1371150,7.72229
u0009804:i1564367,7.72229
u0009804:i1659337,7.72229
u0009804:i2064968,7.72229
u0009804:i2170593,7.72229
u0009804:i2381941,7.72229
u0009804:i2452254,7.72229
u0009804:i2562232,7.72229
u0009804:i2788710,7.72229
u0009804:i3538766,7.72229
u0009824:i0844471,6.78618
u0009824:i1791528,6.78618
u0009824:i2321549,6.78618
u0009824:i2562232,6.78618
u0009835:i0758758,7.67
u0009835:i0816692,7.67
u0009835:i2713180,7.67
u0009837:i0191397,7.57979
u0009837:i1300854,7.57979
u0009837:i1340138,7.57979
u0009837:i1392190,7.57979
u0009837:i1772288,7.57979
u0009837:i2199571,7.57979
u0009837:i3302706,7.57979
u0009872:i0112818,7.32268
u0009872:i1810683,7.32268
u0009872:i2097298,7.32268
u0009872:i2179136,7.32268
u0009876:i0349710,7.63196
u0009876:i0369610,7.63196
u0009876:i0470752,7.63196
u0009876:i0884732,7.63196
u0009876:i1188996,7.63196
u0009876:i1340138,7.63196
u0009876:i1823672,7.63196
u0009876:i1964418,7.63196
u0009876:i2120120,7.63196
u0009876:i2126355,7.63196
u0009876:i2186766,7.63196
u0009876:i2247476,7.63196
u0009876:i2326574,7.63196
u0009876:i2339741,7.63196
u0009876:i2446042,7.63196
u0009876:i2463288,7.63196
u0009876:i2802144,7.63196
u0009876:i2820852,7.63196
u0009876:i2978462,7.63196
u0009876:i3195644,7.63196
u0009876:i3488328,7.63196
u0009876:i3672840,7.63196
u0009897:i0042192,5.84942
u0009897:i0054698,5.15054
u0009897:i0056923,2.50303
u0009897:i0062229,3.39699
u0009897:i0068646,4.1439
u0009897:i0071562,4.31953
u0009897:i0086250,4.01991
u0009897:i0110413,4.02174
u0009897:i0114814,4.68107
u0009897:i0172495,4.80536
u0009897:i0470752,6.51112
u0009897:i1853728,4.21066
u0009897:i2273657,5.78337
u0009897:i2279373,6.29255
u0009897:i2637276,5.77292
u0009897:i2975578,5.48685
u0009910:i1392190,7.2107
u0009910:i1675434,7.2107
u0009910:i2465578,7.2107
u0009912:i0068326,7.9
u0009912:i0455944,7.9
u0009912:i1126590,7.9
u0009912:i1164999,7.9
u0009912:i1600196,7.9
u0009912:i1647668,7.9
u0009912:i1823672,7.9
u0009912:i2179116,7.9
u0009912:i2179136,7.9
u0009912:i2361700,7.9
u0009912:i2404425,7.9
u0009912:i2582802,7.9
u0009912:i2650978,7.9
u0009912:i2908446,7.9
u0009912:i2994190,7.9
u0009944:i1615147,7.17374
u0009944:i2322441,7.17374
u0009944:i2713180,7.17374
u0009952:i0034583,7.38168
u0009952:i0045152,7.38168
u0009952:i0046250,7.38168
u0009952:i0047396,7.38168
u0009952:i0053125,7.38168
u0009952:i0054698,7.38168
u0009952:i0058331,7.38168
u0009952:i0058385,7.38168
u0009952:i0061722,7.38168
u0009952:i0064115,7.38168
u0009952:i0067992,7.38168
u0009952:i0070735,7.38168
u0009952:i0073195,7.38168
u0009952:i0075860,7.38168
u0009952:i0082158,7.38168
u0009952:i0082971,7.38168
u0009952:i0083866,7.38168
u0009952:i0085154,7.38168
u0009952:i0085478,7.38168
u0009952:i0086197,7.38168
u0009952:i0086200,7.38168
u0009952:i0086250,7.38168
u0009952:i0087469,7.38168
u0009952:i0088011,7.38168
u0009952:i0089370,7.38168
u0009952:i0090110,7.38168
u0009952:i0090863,7.38168
u0009952:i0090886,7.38168
u0009952:i0092099,7.38168
u0009952:i0092965,7.38168
u0009952:i0093010,7.38168
u0009952:i0093822,7.38168
u0009952:i0094291,7.38168
u0009952:i0094812,7.38168
u0009952:i0094889,7.38168
u0009952:i0094947,7.38168
u0009952:i0095593,7.38168
u0009952:i0096244,7.38168
u0009952:i0096438,7.38168
u0009952:i0096794,7.38168
u0009952:i0096969,7.38168
u0009952:i0097322,7.38168
u0009952:i0097523,7.38168
u0009952:i0097576,7.38168
u0009952:i0097892,7.38168
u0009952:i0098384,7.38168
u0009952:i0098621,7.38168
u0009952:i0099141,7.38168
u0009952:i0099371,7.38168
u0009952:i0099685,7.38168
u0009952:i0099892,7.38168
u0009952:i0101410,7.38168
u0009952:i0101912,7.38168
u0009952:i0102057,7.38168
u0009952:i0102945,7.38168
u0009952:i0103074,7.38168
u0009952:i0103772,7.38168
u0009952:i0104231,7.38168
u0009952:i0104257,7.38168
u0009952:i0104291,7.38168
u0009952:i0104694,7.38168
u0009952:i0104765,7.38168
u0009952:i0105414,7.38168
u0009952:i0106856,7.38168
u0009952:i0106918,7.38168
u0009952:i0107290,7.38168
u0009952:i0107822,7.38168
u0009952:i0109635,7.38168
u0009952:i0110478,7.38168
u0009952:i0110950,7.38168
u0009952:i0112818,7.38168
u0009952:i0113957,7.38168
u0009952:i0114388,7.38168
u0009952:i0114924,7.38168
u0009952:i0116695,7.38168
u0009952:i0117887,7.38168
u0009952:i0117913,7.38168
u0009952:i0118607,7.38168
u0009952:i0119313,7.38168
u0009952:i0119396,7.38168
u0009952:i0120791,7.38168
u0009952:i0127536,7.38168
u0009952:i0141098,7.38168
u0009952:i0155267,7.38168
u0009952:i0163187,7.38168
u0009952:i0187393,7.38168
u0009952:i0190590,7.38168
u0009952:i0191754,7.38168
u0009952:i0209475,7.38168
u0009952:i0212346,7.38168
u0009952:i0213149,7.38168
u0009952:i0230600,7.38168
u0009952:i0251127,7.38168
u0009952:i0265029,7.38168
u0009952:i0265086,7.38168
u0009952:i0279778,7.38168
u0009952:i0284837,7.38168
u0009952:i0304415,7.38168
u0009952:i0313542,7.38168
u0009952:i0313737,7.38168
u0009952:i0325710,7.38168
u0009952:i0327056,7.38168
u0009952:i0327162,7.38168
u0009952:i0332452,7.38168
u0009952:i0335119,7.38168
u0009952:i0367594,7.38168
u0009952:i0372784,7.38168
u0009952:i0373926,7.38168
u0009952:i0374536,7.38168
u0009952:i0375063,7.38168
u0009952:i0375679,7.38168
u0009952:i0381849,7.38168
u0009952:i0383574,7.38168
u0009952:i0428803,7.38168
u0009952:i0438097,7.38168
u0009952:i0443453,7.38168
u0009952:i0449059,7.38168
u0009952:i0457419,7.38168
u0009952:i0467200,7.38168
u0009952:i0795421,7.38168
u0009952:i0800039,7.38168
u0009952:i0800369,7.38168
u0009952:i0821640,7.38168
u0009952:i0889583,7.38168
u0009952:i0900387,7.38168
u0009952:i1019452,7.38168
u0009952:i1033643,7.38168
u0009952:i1175709,7.38168
u0009952:i1232829,7.38168
u0009952:i1234548,7.38168
u0009952:i1403865,7.38168
u0009952:i1440728,7.38168
u0009952:i1490017,7.38168
u0009952:i1613062,7.38168
u0009952:i1645170,7.38168
u0009952:i1655442,7.38168
u0009952:i1661199,7.38168
u0009952:i1798709,7.38168
u0009952:i1915581,7.38168
u0009952:i2084970,7.38168
u0009952:i2177771,7.38168
u0009952:i2179136,7.38168
u0009952:i2305051,7.38168
u0009952:i2370248,7.38168
u0009952:i2473794,7.38168
u0009952:i2802144,7.38168
u0009952:i2980516,7.38168
u0009952:i3904186,7.38168
u0009972:i0162222,7.50908
u0009972:i0169547,7.50908
u0009972:i0172495,7.50908
u0009972:i0405159,7.50908
u0009972:i0816692,7.50908
u0009972:i0892318,7.50908
u0009972:i0947798,7.50908
u0009972:i1020072,7.50908
u0009972:i1065073,7.50908
u0009972:i1201607,7.50908
u0009972:i1542344,7.50908
u0009972:i1590089,7.50908
u0009972:i1663662,7.50908
u0009972:i1840309,7.50908
u0009972:i2024544,7.50908
u0009972:i2084970,7.50908
u0009972:i2096673,7.50908
u0009972:i2179136,7.50908
u0009972:i2265171,7.50908
u0009972:i2278388,7.50908
u0009972:i2293640,7.50908
u0009972:i2322441,7.50908
u0009972:i2334873,7.50908
u0009972:i2562232,7.50908
u0009972:i2582802,7.50908
u0009972:i2788710,7.50908
u0009972:i2802144,7.50908
u0009972:i2852432,7.50908
u0009972:i2872732,7.50908
u0009972:i2980516,7.50908
u0009972:i3316960,7.50908
u0009972:i4170436,7.50908
u0009972:i4377918,7.50908
u0009973:i0096754,4.61397
u0009973:i0119567,6.08983
u0009973:i0162677,4.03418
u0009973:i0219699,5.98697
u0009973:i0268695,3.75454
u0009973:i0369610,6.29439
u0009973:i0407887,4.68957
u0009973:i1340138,6.23847
u0009973:i1408253,5.68001
u0009973:i1823672,6.57275
u0009973:i1853739,4.52149
u0009973:i1999995,3.82247
u0009973:i2040560,6.25907
u0009973:i2103254,5.74484
u0009973:i2179136,6.6167
u0009973:i2224026,6.56074
u0009973:i2381249,6.20208
u0009973:i2503154,5.81222
u0009973:i2637276,5.79574
u0009973:i2720680,5.36256
u0009973:i3022458,0
u0009973:i3079380,5.99164
u0009973:i3305316,5.64197
u0009973:i3542188,0
u0009973:i3877674,4.43699
u0009985:i0816692,8.70734
u0009985:i1726592,8.70734
u0009985:i2084970,8.70734
u0009985:i2096672,8.70734
u0009985:i2911666,8.70734
u0010011:i0049637,0
u0010011:i0077651,5.09496
u0010011:i0079522,5.45047
u0010011:i0110475,7.02473
u0010011:i0112462,3.48111
u0010011:i0112641,5.01792
u0010011:i0112883,0
u0010011:i0119528,5.86928
u0010011:i0120484,4.80212
u0010011:i0120663,6.92651
u0010011:i0120681,4.93607
u0010011:i0120794,5.66839
u0010011:i0169547,5.21501
u0010011:i0217505,5.04212
u0010011:i0264464,4.49287
u0010011:i0266697,5.14076
u0010011:i0320661,5.8776
u0010011:i0338013,4.817
u0010011:i0339291,2.00176
u0010011:i0361748,5.31911
u0010011:i0363988,3.80447
u0010011:i0367594,5.20458
u0010011:i0369339,5.39433
u0010011:i0371746,5.32009
u0010011:i0373926,5.48772
u0010011:i0383574,6.17773
u0010011:i0385752,3.6433
u0010011:i0408236,4.70032
u0010011:i0431197,6.6125
u0010011:i0443706,5.91171
u0010011:i0450259,4.99284
u0010011:i0457430,6.03603
u0010011:i0481369,5.90843
u0010011:i0765429,4.28324
u0010011:i0800369,6.10867
u0010011:i0840361,4.92307
u0010011:i0942385,5.99406
u0010011:i0990407,5.36652
u0010011:i1024648,4.41743
u0010011:i1035736,3.68046
u0010011:i1077368,4.06115
u0010011:i1152836,4.27041
u0010011:i1192628,3.75594
u0010011:i1197624,4.10964
u0010011:i1228705,5.39098
u0010011:i1232829,5.36911
u0010011:i1243957,4.44032
u0010011:i1300854,5.97656
u0010011:i1392190,6.12147
u0010011:i1408101,6.07132
u0010011:i1446714,5.8997
u0010011:i1496025,5.79828
u0010011:i1499658,5.60704
u0010011:i1528100,6.59814
u0010011:i1615147,4.84509
u0010011:i1650062,4.26256
u0010011:i1650554,6.06065
u0010011:i1670345,5.73713
u0010011:i1790885,6.11467
u0010011:i1800241,6.38587
u0010011:i1872181,6.32338
u0010011:i1924429,6.93708
u0010011:i1951264,4.89634
u0010011:i1979320,5.91391
u0010011:i2103281,6.78413
u0010011:i2170439,6.46222
u0010011:i2193215,6.14309
u0010011:i2293640,6.30875
u0010011:i2333804,6.78239
u0010011:i2334879,5.5076
u0010011:i2395427,6.56266
u0010011:i2463288,5.56045
u0010011:i3322420,6.36992
u0010063:i0470752,7.60697
u0010063:i1392190,7.60697
u0010063:i1798684,7.60697
u0010063:i2096673,7.60697
u0010063:i2381249,7.60697
u0010063:i2562232,7.60697
u0010063:i2820852,7.60697
u0010069:i0079640,7.42712
u0010069:i0096223,7.42712
u0010069:i0140471,7.42712
u0010069:i0369610,7.42712
u0010069:i0458481,7.42712
u0010069:i0470752,7.42712
u0010069:i0478970,7.42712
u0010069:i0899154,7.42712
u0010069:i1109624,7.42712
u0010069:i1340138,7.42712
u0010069:i1392190,7.42712
u0010069:i1440292,7.42712
u0010069:i1484114,7.42712
u0010069:i1571249,7.42712
u0010069:i1626146,7.42712
u0010069:i1694021,7.42712
u0010069:i1697064,7.42712
u0010069:i1781922,7.42712
u0010069:i1872194,7.42712
u0010069:i1935302,7.42712
u0010069:i1967545,7.42712
u0010069:i1971514,7.42712
u0010069:i2039393,7.42712
u0010069:i2088003,7.42712
u0010069:i2145829,7.42712
u0010069:i2179136,7.42712
u0010069:i2366608,7.42712
u0010069:i2378776,7.42712
u0010069:i2381941,7.42712
u0010069:i2388637,7.42712
u0010069:i2393845,7.42712
u0010069:i2402101,7.42712
u0010069:i2436386,7.42712
u0010069:i2515034,7.42712
u0010069:i2559458,7.42712
u0010069:i2561572,7.42712
u0010069:i2582802,7.42712
u0010069:i2637276,7.42712
u0010069:i2637294,7.42712
u0010069:i2637378,7.42712
u0010069:i2717860,7.42712
u0010069:i2756032,7.42712
u0010069:i2788716,7.42712
u0010069:i2910814,7.42712
u0010069:i2923316,7.42712
u0010069:i2937898,7.42712
u0010069:i2967224,7.42712
u0010069:i3079380,7.42712
u0010069:i3137764,7.42712
u0010069:i3205376,7.42712
u0010069:i3235888,7.42712
u0010069:i3380104,7.42712
u0010069:i3395184,7.42712
u0010069:i3472226,7.42712
u0010069:i3504048,7.42712
u0010069:i3520418,7.42712
u0010069:i3534602,7.42712
u0010069:i3697566,7.42712
u0010069:i3850214,7.42712
u0010069:i4627104,7.42712
u0010105:i2180411,7.22702
u0010105:i2224026,7.22702
u0010105:i2245084,7.22702
u0010129:i0102536,7.18904
u0010129:i1392190,7.18904
u0010129:i1872194,7.18904
u0010129:i2132285,7.18904
u0010129:i2820852,7.18904
u0010129:i2908446,7.18904
u0010138:i0099685,7.60697
u0010138:i1201167,7.60697
u0010138:i1206543,7.60697
u0010138:i1570728,7.60697
u0010138:i1979320,7.60697
u0010138:i2084970,7.60697
u0010138:i2179136,7.60697
u0010138:i2234155,7.60697
u0010138:i2245084,7.60697
u0010138:i2369135,7.60697
u0010138:i2381941,7.60697
u0010138:i2872732,7.60697
u0010138:i2980516,7.60697
u0010138:i3011894,7.60697
u0010175:i0084726,6.68948
u0010175:i0092099,6.68948
u0010175:i0369610,6.68948
u0010175:i0433035,6.68948
u0010175:i0478970,6.68948
u0010175:i1436562,6.68948
u0010175:i1480656,6.68948
u0010175:i1703148,6.68948
u0010175:i2395427,6.68948
u0010175:i2567712,6.68948
u0010178:i0103064,5.53856
u0010178:i0146309,6.06685
u0010178:i0258463,6.80827
u0010178:i0369610,6.30124
u0010178:i0478970,6.00427
u0010178:i1104001,1.48432
u0010178:i1131734,4.85024
u0010178:i1227378,5.83806
u0010178:i1321860,6.33156
u0010178:i1349451,3.89086
u0010178:i1821549,5.35207
u0010178:i1915581,5.59166
u0010178:i1979320,6.00631
u0010178:i2343793,5.00437
u0010178:i2381335,6.31441
u0010178:i2883512,6.38419
u0010178:i3162938,2.21517
u0010178:i3622592,5.43244
u0010191:i0478970,7.34789
u0010191:i0816692,7.34789
u0010191:i0914798,7.34789
u0010191:i0947798,7.34789
u0010191:i1065073,7.34789
u0010191:i1211956,7.34789
u0010191:i1454468,7.34789
u0010191:i1951265,7.34789
u0010191:i2084970,7.34789
u0010191:i2245084,7.34789
u0010191:i2278388,7.34789
u0010191:i2562232,7.34789
u0010191:i2582802,7.34789
u0010191:i2802144,7.34789
u0010191:i2980516,7.34789
u0010197:i0485947,8.01558
u0010197:i1212450,8.01558
u0010197:i1232776,8.01558
u0010197:i1809398,8.01558
u0010197:i2404181,8.01558
u0010197:i2884206,8.01558
u0010197:i3079380,8.01558
u0010214:i0298856,6.93498
u0010214:i0346336,6.93498
u0010214:i2304426,6.93498
u0010214:i2909116,6.93498
u0010220:i0186151,7.73132
u0010220:i0401445,7.73132
u0010220:i2322441,7.73132
u0010220:i2397535,7.73132
u0010220:i2493486,7.73132
u0010220:i2494280,7.73132
u0010224:i0058461,8.73333
u0010224:i0080678,8.73333
u0010224:i0092005,8.73333
u0010224:i0105236,8.73333
u0010224:i0107818,8.73333
u0010224:i0108037,8.73333
u0010224:i0110912,8.73333
u0010224:i0113277,8.73333
u0010224:i0118715,8.73333
u0010224:i0118749,8.73333
u0010224:i0119396,8.73333
u0010224:i0126886,8.73333
u0010224:i0266697,8.73333
u0010224:i0278504,8.73333
u0010224:i0327056,8.73333
u0010224:i0378194,8.73333
u0010224:i0478970,8.73333
u0010224:i1074638,8.73333
u0010224:i1229238,8.73333
u0010224:i1617661,8.73333
u0010224:i2358925,8.73333
u0010224:i2381941,8.73333
u0010224:i2395427,8.73333
u0010224:i2436386,8.73333
u0010224:i2802144,8.73333
u0010224:i2820852,8.73333
u0010224:i2918436,8.73333
u0010224:i3850214,8.73333
u0010263:i0102926,7.01876
u0010263:i0114369,7.01876
u0010263:i2562232,7.01876
u0010263:i2582802,7.01876
u0010263:i2980516,7.01876
u0010282:i1211956,7.67
u0010282:i1731141,7.67
u0010282:i1798709,7.67
u0010282:i1855199,7.67
u0010282:i2387559,7.67
u0010343:i0470752,7.44882
u0010343:i0478970,7.44882
u0010343:i1065073,7.44882
u0010343:i1638355,7.44882
u0010343:i1823672,7.44882
u0010343:i2039393,7.44882
u0010343:i2084970,7.44882
u0010343:i2096673,7.44882
u0010343:i2231253,7.44882
u0010343:i2245084,7.44882
u0010343:i2381249,7.44882
u0010343:i2395427,7.44882
u0010343:i2436386,7.44882
u0010343:i2556874,7.44882
u0010343:i2561572,7.44882
u0010343:i2802144,7.44882
u0010343:i2820852,7.44882
u0010343:i3079380,7.44882
u0010344:i0021749,8.12711
u0010344:i0027977,8.12711
u0010344:i0040522,8.12711
u0010344:i0053198,8.12711
u0010344:i0054215,8.12711
u0010344:i0060196,8.12711
u0010344:i0070379,8.12711
u0010344:i0072684,8.12711
u0010344:i0075314,8.12711
u0010344:i0079116,8.12711
u0010344:i0081398,8.12711
u0010344:i0085794,8.12711
u0010344:i0086879,8.12711
u0010344:i0091763,8.12711
u0010344:i0095765,8.12711
u0010344:i0102536,8.12711
u0010344:i0110322,8.12711
u0010344:i0112641,8.12711
u0010344:i0113247,8.12711
u0010344:i0114369,8.12711
u0010344:i0118799,8.12711
u0010344:i0119038,8.12711
u0010344:i0120586,8.12711
u0010344:i0120731,8.12711
u0010344:i0132477,8.12711
u0010344:i0166924,8.12711
u0010344:i0253474,8.12711
u0010344:i0379725,8.12711
u0010344:i0408236,8.12711
u0010344:i0443272,8.12711
u0010344:i0443453,8.12711
u0010344:i0765443,8.12711
u0010344:i0795368,8.12711
u0010344:i0816692,8.12711
u0010344:i0898367,8.12711
u0010344:i1120985,8.12711
u0010344:i1182345,8.12711
u0010344:i1244754,8.12711
u0010344:i1255953,8.12711
u0010344:i1403865,8.12711
u0010344:i1441953,8.12711
u0010344:i1453405,8.12711
u0010344:i1638002,8.12711
u0010344:i1655442,8.12711
u0010344:i1683526,8.12711
u0010344:i1924396,8.12711
u0010344:i2084970,8.12711
u0010344:i2179136,8.12711
u0010344:i2310332,8.12711
u0010344:i2562232,8.12711
u0010344:i2582802,8.12711
u0010344:i2614684,8.12711
u0010344:i2802144,8.12711
u0010344:i2820852,8.12711
u0010352:i0053604,7.1683
u0010352:i0245574,7.1683
u0010352:i0245712,7.1683
u0010352:i1371150,7.1683
u0010352:i1392190,7.1683
u0010352:i2096673,7.1683
u0010352:i2395427,7.1683
u0010352:i2848292,7.1683
u0010352:i2872732,7.1683
u0010352:i4044364,7.1683
u0010358:i1020072,6.92508
u0010358:i1100089,6.63877
u0010358:i1392190,6.12665
u0010358:i1550312,3.61608
u0010358:i1638355,6.02482
u0010358:i1706598,5.52981
u0010358:i1791682,6.43702
u0010358:i1809398,6.39107
u0010358:i1924396,5.59661
u0010358:i2084970,6.39307
u0010358:i2096673,6.37577
u0010358:i2120120,5.57087
u0010358:i2179136,6.62382
u0010358:i2402101,5.70251
u0010358:i2720680,5.54748
u0010358:i2937898,6.64384
u0010358:i3316960,6.29836
u0010358:i3344922,4.95336
u0010358:i3409392,5.95145
u0010358:i3622592,5.49789
u0010358:i4226388,5.71937
u0010361:i0083658,7.41959
u0010361:i0369610,7.41959
u0010361:i0455944,7.41959
u0010361:i0470752,7.41959
u0010361:i0478970,7.41959
u0010361:i1029360,7.41959
u0010361:i1091191,7.41959
u0010361:i1340138,7.41959
u0010361:i1398426,7.41959
u0010361:i1823672,7.41959
u0010361:i2096673,7.41959
u0010361:i2381249,7.41959
u0010361:i2395427,7.41959
u0010361:i2637276,7.41959
u0010361:i2802144,7.41959
u0010361:i2911666,7.41959
u0010379:i0088247,5.63816
u0010379:i0478970,6.01424
u0010379:i1617661,6.80972
u0010379:i1638355,6.0554
u0010379:i1951265,6.70295
u0010379:i2395427,6.56977
u0010379:i2908446,6.14558
u0010385:i0435651,7.03314
u0010385:i1014763,7.03314
u0010385:i1392190,7.03314
u0010385:i1646971,7.03314
u0010385:i1655441,7.03314
u0010385:i2224026,7.03314
u0010385:i2245084,7.03314
u0010385:i2262227,7.03314
u0010385:i2273657,7.03314
u0010385:i2802144,7.03314
u0010385:i2848292,7.03314
u0010385:i2908446,7.03314
u0010403:i0033467,7.27692
u0010403:i0043014,7.27692
u0010403:i0053472,7.27692
u0010403:i0053779,7.27692
u0010403:i0069293,7.27692
u0010403:i0077711,7.27692
u0010403:i0080678,7.27692
u0010403:i0086425,7.27692
u0010403:i0088847,7.27692
u0010403:i0107822,7.27692
u0010403:i0114814,7.27692
u0010403:i0217869,7.27692
u0010403:i0253474,7.27692
u0010403:i0293508,7.27692
u0010403:i0301357,7.27692
u0010403:i0346336,7.27692
u0010403:i0365907,7.27692
u0010403:i0381061,7.27692
u0010403:i0387898,7.27692
u0010403:i0457430,7.27692
u0010403:i0460829,7.27692
u0010403:i0756683,7.27692
u0010403:i1315981,7.27692
u0010403:i1340138,7.27692
u0010403:i1392190,7.27692
u0010403:i1617661,7.27692
u0010403:i1655441,7.27692
u0010403:i1661199,7.27692
u0010403:i1966604,7.27692
u0010403:i2279373,7.27692
u0010403:i2293640,7.27692
u0010403:i2322441,7.27692
u0010403:i2381941,7.27692
u0010403:i2395427,7.27692
u0010403:i2562232,7.27692
u0010403:i2737050,7.27692
u0010403:i2820852,7.27692
u0010403:i2980516,7.27692
u0010403:i3863552,7.27692
u0010403:i4007502,7.27692
u0010403:i4110568,7.27692
u0010428:i1872194,6.94061
u0010428:i2278388,6.94061
u0010428:i2562232,6.94061
u0010428:i2980516,6.94061
u0010436:i0478970,5.94975
u0010436:i1109624,5.94975
u0010436:i1823672,5.94975
u0010436:i2096673,5.94975
u0010436:i2322441,5.94975
u0010436:i2395427,5.94975
u0010436:i2802144,5.94975
u0010436:i2820852,5.94975
u0010436:i3079380,5.94975
u0010447:i0056592,8.32381
u0010447:i0455944,8.32381
u0010447:i1327773,8.32381
u0010447:i1600196,8.32381
u0010447:i1778931,8.32381
u0010447:i1800241,8.32381
u0010447:i2278388,8.32381
u0010447:i2713180,8.32381
u0010467:i0070511,7.60697
u0010467:i0105323,7.60697
u0010467:i0298203,7.60697
u0010467:i0470752,7.60697
u0010467:i0816692,7.60697
u0010467:i1305806,7.60697
u0010467:i1392190,7.60697
u0010467:i2015381,7.60697
u0010467:i2267998,7.60697
u0010467:i2310332,7.60697
u0010467:i2333784,7.60697
u0010467:i2338151,7.60697
u0010467:i2358891,7.60697
u0010467:i2397535,7.60697
u0010467:i2562232,7.60697
u0010467:i2582802,7.60697
u0010467:i2692904,7.60697
u0010467:i2802144,7.60697
u0010467:i2820852,7.60697
u0010467:i2883512,7.60697
u0010476:i0458525,7.60697
u0010476:i1027718,7.60697
u0010476:i1666335,7.60697
u0010488:i0053125,8.06234
u0010488:i0099810,8.06234
u0010488:i0105112,8.06234
u0010488:i0110912,8.06234
u0010488:i0111161,8.06234
u0010488:i0137523,8.06234
u0010488:i0208092,8.06234
u0010488:i0209144,8.06234
u0010488:i0381681,8.06234
u0010488:i0425196,8.06234
u0010488:i0790636,8.06234
u0010488:i1205537,8.06234
u0010488:i1371150,8.06234
u0010488:i1638002,8.06234
u0010488:i1872194,8.06234
u0010488:i1905041,8.06234
u0010488:i2015381,8.06234
u0010488:i2084970,8.06234
u0010488:i2194499,8.06234
u0010488:i2224026,8.06234
u0010488:i2231251,8.06234
u0010488:i2395427,8.06234
u0010488:i2398231,8.06234
u0010488:i2582802,8.06234
u0010488:i2626350,8.06234
u0010488:i2883512,8.06234
u0010488:i3447364,8.06234
u0010488:i4271820,8.06234
u0010499:i0382932,7.62116
u0010499:i1392190,7.62116
u0010499:i2084970,7.62116
u0010499:i2096673,7.62116
u0010499:i2109248,7.62116
u0010499:i2183034,7.62116
u0010499:i2245084,7.62116
u0010499:i2788710,7.62116
u0010499:i2883512,7.62116
u0010499:i3045616,7.62116
u0010503:i0137523,4.87021
u0010503:i0468569,4.31261
u0010503:i0478970,6.02423
u0010503:i1130884,4.28257
u0010503:i1375666,4.9435
u0010503:i1798684,5.89816
u0010503:i2112124,0
u0010503:i2120120,5.62017
u0010503:i2820852,6.2556
u0010503:i4178092,5.89035
u0010508:i0086999,7.55393
u0010508:i0087985,7.55393
u0010508:i0089791,7.55393
u0010508:i0110200,7.55393
u0010508:i0361748,7.55393
u0010508:i0431308,7.55393
u0010508:i0436331,7.55393
u0010508:i0808399,7.55393
u0010508:i1657510,7.55393
u0010508:i2179136,7.55393
u0010508:i2245084,7.55393
u0010508:i2267998,7.55393
u0010520:i0091251,7.11092
u0010520:i0245429,7.11092
u0010520:i0274558,7.11092
u0010520:i0315543,7.11092
u0010520:i0390384,7.11092
u0010520:i0408664,7.11092
u0010520:i0427339,7.11092
u0010520:i0460989,7.11092
u0010520:i0470752,7.11092
u0010520:i0816692,7.11092
u0010520:i0918927,7.11092
u0010520:i1087578,7.11092
u0010520:i1100089,7.11092
u0010520:i1392190,7.11092
u0010520:i1531924,7.11092
u0010520:i1726592,7.11092
u0010520:i1791528,7.11092
u0010520:i1823672,7.11092
u0010520:i1872194,7.11092
u0010520:i2054790,7.11092
u0010520:i2170593,7.11092
u0010520:i2179136,7.11092
u0010520:i2234003,7.11092
u0010520:i2261331,7.11092
u0010520:i2275946,7.11092
u0010520:i2305051,7.11092
u0010520:i2310332,7.11092
u0010520:i2377396,7.11092
u0010520:i2397535,7.11092
u0010520:i2436386,7.11092
u0010520:i2459156,7.11092
u0010520:i2473794,7.11092
u0010520:i2614684,7.11092
u0010520:i2675914,7.11092
u0010520:i2713180,7.11092
u0010520:i2718492,7.11092
u0010520:i2737050,7.11092
u0010520:i2802144,7.11092
u0010520:i2802154,7.11092
u0010520:i2872718,7.11092
u0010520:i2908446,7.11092
u0010520:i2937898,7.11092
u0010520:i2980516,7.11092
u0010520:i2991224,7.11092
u0010520:i3007512,7.11092
u0010520:i3011894,7.11092
u0010520:i3060492,7.11092
u0010520:i3140100,7.11092
u0010520:i3316960,7.11092
u0010520:i3630276,7.11092
u0010520:i3646462,7.11092
u0010520:i3698408,7.11092
u0010520:i3720788,7.11092
u0010520:i3729920,7.11092
u0010520:i4192740,7.11092
u0010522:i0079116,7.10271
u0010522:i0151804,7.10271
u0010522:i0319061,7.10271
u0010522:i1979320,7.10271
u0010524:i0369610,7.4309
u0010524:i2322441,7.4309
u0010524:i2395427,7.4309
u0010524:i2582802,7.4309
u0010524:i2820852,7.4309
u0010524:i2908446,7.4309
u0010572:i0102526,3.914
u0010572:i0369610,6.3081
u0010572:i0478970,6.03424
u0010572:i1398426,6.41215
u0010572:i1821549,5.51425
u0010572:i2084970,6.39969
u0010572:i2103281,6.85197
u0010572:i2358891,6.11338
u0010572:i2802144,6.38586
u0010576:i0332047,6.09951
u0010576:i0369610,6.09951
u0010576:i1172233,6.09951
u0010576:i1579361,6.09951
u0010576:i1706620,6.09951
u0010576:i1823672,6.09951
u0010576:i1825157,6.09951
u0010576:i2004304,6.09951
u0010576:i2017038,6.09951
u0010576:i2084970,6.09951
u0010576:i2096673,6.09951
u0010576:i2113681,6.09951
u0010576:i2179136,6.09951
u0010576:i2261331,6.09951
u0010576:i2278388,6.09951
u0010576:i2581244,6.09951
u0010576:i2582846,6.09951
u0010576:i2692904,6.09951
u0010576:i2713180,6.09951
u0010576:i2870708,6.09951
u0010576:i2872718,6.09951
u0010576:i2883512,6.09951
u0010576:i2911666,6.09951
u0010576:i2980516,6.09951
u0010576:i3455224,6.09951
u0010576:i3784160,6.09951
u0010626:i1109624,6.43268
u0010626:i1661199,6.43268
u0010626:i1823672,6.43268
u0010626:i2084970,6.43268
u0010626:i2096673,6.43268
u0010626:i2381249,6.43268
u0010626:i2397535,6.43268
u0010626:i2582802,6.43268
u0010626:i2637276,6.43268
u0010626:i2802144,6.43268
u0010626:i2908446,6.43268
u0010629:i0086837,7.92598
u0010629:i0093260,7.92598
u0010629:i0107290,7.92598
u0010629:i0117913,7.92598
u0010629:i0119051,7.92598
u0010629:i0119567,7.92598
u0010629:i0120483,7.92598
u0010629:i0120902,7.92598
u0010629:i0200465,7.92598
u0010629:i0211938,7.92598
u0010629:i0293662,7.92598
u0010629:i0338751,7.92598
u0010629:i0350261,7.92598
u0010629:i0369610,7.92598
u0010629:i0371246,7.92598
u0010629:i0375912,7.92598
u0010629:i0388482,7.92598
u0010629:i0434409,7.92598
u0010629:i0482571,7.92598
u0010629:i0499556,7.92598
u0010629:i0816692,7.92598
u0010629:i0837562,7.92598
u0010629:i0993846,7.92598
u0010629:i1086772,7.92598
u0010629:i1129442,7.92598
u0010629:i1160996,7.92598
u0010629:i1204975,7.92598
u0010629:i1206543,7.92598
u0010629:i1210819,7.92598
u0010629:i1234548,7.92598
u0010629:i1244754,7.92598
u0010629:i1297919,7.92598
u0010629:i1340800,7.92598
u0010629:i1392190,7.92598
u0010629:i1408253,7.92598
u0010629:i1411250,7.92598
u0010629:i1646971,7.92598
u0010629:i1714206,7.92598
u0010629:i1872181,7.92598
u0010629:i1924435,7.92598
u0010629:i1935179,7.92598
u0010629:i2024469,7.92598
u0010629:i2072910,7.92598
u0010629:i2096672,7.92598
u0010629:i2103254,7.92598
u0010629:i2106361,7.92598
u0010629:i2170439,7.92598
u0010629:i2267998,7.92598
u0010629:i2350496,7.92598
u0010629:i2355495,7.92598
u0010629:i2395427,7.92598
u0010629:i2458776,7.92598
u0010629:i2463288,7.92598
u0010629:i2771372,7.92598
u0010629:i2788710,7.92598
u0010629:i2911666,7.92598
u0010629:i3557464,7.92598
u0010738:i0369610,7.37416
u0010738:i0455944,7.37416
u0010738:i0470752,7.37416
u0010738:i0816692,7.37416
u0010738:i0829150,7.37416
u0010738:i1587310,7.37416
u0010738:i1617661,7.37416
u0010738:i1823672,7.37416
u0010738:i1881002,7.37416
u0010738:i1911658,7.37416
u0010738:i2224026,7.37416
u0010738:i2245084,7.37416
u0010738:i2278388,7.37416
u0010738:i2381941,7.37416
u0010738:i2802144,7.37416
u0010738:i2911666,7.37416
u0010754:i0369610,7.38375
u0010754:i0455944,7.38375
u0010754:i0800022,7.38375
u0010754:i1196948,7.38375
u0010754:i1291150,7.38375
u0010754:i1392190,7.38375
u0010754:i1821549,7.38375
u0010754:i1945084,7.38375
u0010754:i2109248,7.38375
u0010754:i2322441,7.38375
u0010754:i2333804,7.38375
u0010754:i2381249,7.38375
u0010754:i2576852,7.38375
u0010754:i2713180,7.38375
u0010754:i2720680,7.38375
u0010754:i2800240,7.38375
u0010754:i2820852,7.38375
u0010754:i3019694,7.38375
u0010754:i3348102,7.38375
u0010756:i0040761,7.53128
u0010756:i0044081,7.53128
u0010756:i0082694,7.53128
u0010756:i0243609,7.53128
u0010756:i0340855,7.53128
u0010756:i0369610,7.53128
u0010756:i0470752,7.53128
u0010756:i1253863,7.53128
u0010756:i1491044,7.53128
u0010756:i1499658,7.53128
u0010756:i1596346,7.53128
u0010756:i1809398,7.53128
u0010756:i2170439,7.53128
u0010756:i2179136,7.53128
u0010756:i2245084,7.53128
u0010756:i2322441,7.53128
u0010756:i2382396,7.53128
u0010756:i2446042,7.53128
u0010756:i2545118,7.53128
u0010756:i2561572,7.53128
u0010756:i2582802,7.53128
u0010756:i2614684,7.53128
u0010756:i2637294,7.53128
u0010756:i2802144,7.53128
u0010756:i2937898,7.53128
u0010756:i3442006,7.53128
u0010773:i0021861,7.07876
u0010773:i0022628,7.07876
u0010773:i0034274,7.07876
u0010773:i0035771,7.07876
u0010773:i0036699,7.07876
u0010773:i0037638,7.07876
u0010773:i0038669,7.07876
u0010773:i0038988,7.07876
u0010773:i0039689,7.07876
u0010773:i0040829,7.07876
u0010773:i0041968,7.07876
u0010773:i0044460,7.07876
u0010773:i0044789,7.07876
u0010773:i0045498,7.07876
u0010773:i0047542,7.07876
u0010773:i0048347,7.07876
u0010773:i0050599,7.07876
u0010773:i0076210,7.07876
u0010773:i0086450,7.07876
u0010773:i0087507,7.07876
u0010773:i0100740,7.07876
u0010773:i0196644,7.07876
u0010773:i0369610,7.07876
u0010773:i0787474,7.07876
u0010773:i0816692,7.07876
u0010773:i1031241,7.07876
u0010773:i1205537,7.07876
u0010773:i1293751,7.07876
u0010773:i1294970,7.07876
u0010773:i1320239,7.07876
u0010773:i1326733,7.07876
u0010773:i1454468,7.07876
u0010773:i1571249,7.07876
u0010773:i1655420,7.07876
u0010773:i1813609,7.07876
u0010773:i1815717,7.07876
u0010773:i1815862,7.07876
u0010773:i1877832,7.07876
u0010773:i1942971,7.07876
u0010773:i1972571,7.07876
u0010773:i1974254,7.07876
u0010773:i2015381,7.07876
u0010773:i2095649,7.07876
u0010773:i2109248,7.07876
u0010773:i2321549,7.07876
u0010773:i2398249,7.07876
u0010773:i2403558,7.07876
u0010773:i2404171,7.07876
u0010773:i2784512,7.07876
u0010773:i2872718,7.07876
u0010773:i2971990,7.07876
u0010773:i2996684,7.07876
u0010773:i3171764,7.07876
u0010773:i3397430,7.07876
u0010773:i3479316,7.07876
u0010773:i3508830,7.07876
u0010773:i3966544,7.07876
u0010815:i0455944,7.82339
u0010815:i0470752,7.82339
u0010815:i0816692,7.82339
u0010815:i1638364,7.82339
u0010815:i1674771,7.82339
u0010815:i1951265,7.82339
u0010815:i2179136,7.82339
u0010815:i2267998,7.82339
u0010815:i2381941,7.82339
u0010815:i2395427,7.82339
u0010815:i2544766,7.82339
u0010815:i2582802,7.82339
u0010815:i2713180,7.82339
u0010815:i2820852,7.82339
u0010815:i2872718,7.82339
u0010815:i3549508,7.82339
u0010829:i0454921,7.67
u0010829:i1065073,7.67
u0010829:i1638002,7.67
u0010829:i1655441,7.67
u0010829:i1666801,7.67
u0010829:i1675434,7.67
u0010829:i1972779,7.67
u0010829:i2084970,7.67
u0010829:i2199571,7.67
u0010829:i2245084,7.67
u0010829:i2381941,7.67
u0010829:i2582802,7.67
u0010829:i2692250,7.67
u0010829:i2802144,7.67
u0010829:i2933474,7.67
u0010835:i0099685,7.79268
u0010835:i0117913,7.79268
u0010835:i0118971,7.79268
u0010835:i0122933,7.79268
u0010835:i0139239,7.79268
u0010835:i0233469,7.79268
u0010835:i0236493,7.79268
u0010835:i0265208,7.79268
u0010835:i0266465,7.79268
u0010835:i0331811,7.79268
u0010835:i0359950,7.79268
u0010835:i0365907,7.79268
u0010835:i0406816,7.79268
u0010835:i0435705,7.79268
u0010835:i0452623,7.79268
u0010835:i0456554,7.79268
u0010835:i0800039,7.79268
u0010835:i0814022,7.79268
u0010835:i1033575,7.79268
u0010835:i1041829,7.79268
u0010835:i1045658,7.79268
u0010835:i1124035,7.79268
u0010835:i1245526,7.79268
u0010835:i1270262,7.79268
u0010835:i1371150,7.79268
u0010835:i1375670,7.79268
u0010835:i1698641,7.79268
u0010835:i1862079,7.79268
u0010835:i1924396,7.79268
u0010835:i2039393,7.79268
u0010835:i2191701,7.79268
u0010835:i2265398,7.79268
u0010835:i2273657,7.79268
u0010835:i2637276,7.79268
u0010835:i2967224,7.79268
u0010838:i0780536,7.43514
u0010838:i1371111,7.43514
u0010838:i1682180,7.43514
u0010838:i3253650,7.43514
u0010853:i0072271,7.17893
u0010853:i0076578,7.17893
u0010853:i0079116,7.17893
u0010853:i0085255,7.17893
u0010853:i0088024,7.17893
u0010853:i0093748,7.17893
u0010853:i0093894,7.17893
u0010853:i0097576,7.17893
u0010853:i0111503,7.17893
u0010853:i0112471,7.17893
u0010853:i0119210,7.17893
u0010853:i0120783,7.17893
u0010853:i0123755,7.17893
u0010853:i0249478,7.17893
u0010853:i0335266,7.17893
u0010853:i0369610,7.17893
u0010853:i0389722,7.17893
u0010853:i0450314,7.17893
u0010853:i0458481,7.17893
u0010853:i0478970,7.17893
u0010853:i1024255,7.17893
u0010853:i1034314,7.17893
u0010853:i1085492,7.17893
u0010853:i1211956,7.17893
u0010853:i1340138,7.17893
u0010853:i1413495,7.17893
u0010853:i1478338,7.17893
u0010853:i1545328,7.17893
u0010853:i1571243,7.17893
u0010853:i1586752,7.17893
u0010853:i1600195,7.17893
u0010853:i1656186,7.17893
u0010853:i1659338,7.17893
u0010853:i1673434,7.17893
u0010853:i1893256,7.17893
u0010853:i1932718,7.17893
u0010853:i1939659,7.17893
u0010853:i1951265,7.17893
u0010853:i2002718,7.17893
u0010853:i2179136,7.17893
u0010853:i2312718,7.17893
u0010853:i2357129,7.17893
u0010853:i2369135,7.17893
u0010853:i2395427,7.17893
u0010853:i2401807,7.17893
u0010853:i2402157,7.17893
u0010853:i2562232,7.17893
u0010853:i2692250,7.17893
u0010853:i2911666,7.17893
u0010867:i0369610,6.31496
u0010867:i0478970,6.04426
u0010867:i1524930,5.86521
u0010867:i1638355,6.08614
u0010867:i1674771,6.20384
u0010867:i1798684,5.92033
u0010867:i2120120,5.66991
u0010867:i2126355,6.50116
u0010867:i2637276,5.81865
u0010867:i3079380,6.00604
u0010867:i3622592,5.56413
u0010867:i4178092,5.94754
u0010893:i1170358,6.27179
u0010893:i1872194,6.27179
u0010893:i2170439,6.27179
u0010893:i2395427,6.27179
u0010893:i2404463,6.27179
u0010893:i2820852,6.27179
u0010934:i0072890,6.83214
u0010934:i0075686,6.83214
u0010934:i0079417,6.83214
u0010934:i0079501,6.83214
u0010934:i0082694,6.83214
u0010934:i0096895,6.83214
u0010934:i0097165,6.83214
u0010934:i0118849,6.83214
u0010934:i0163651,6.83214
u0010934:i0246578,6.83214
u0010934:i0364569,6.83214
u0010934:i0480687,6.83214
u0010934:i0758758,6.83214
u0010934:i0816692,6.83214
u0010934:i0884732,6.83214
u0010934:i1028532,6.83214
u0010934:i1100089,6.83214
u0010934:i1226229,6.83214
u0010934:i1291584,6.83214
u0010934:i1355630,6.83214
u0010934:i1392190,6.83214
u0010934:i1659337,6.83214
u0010934:i1674771,6.83214
u0010934:i1714206,6.83214
u0010934:i1748122,6.83214
u0010934:i1840309,6.83214
u0010934:i1872194,6.83214
u0010934:i1956620,6.83214
u0010934:i1964418,6.83214
u0010934:i2034031,6.83214
u0010934:i2084970,6.83214
u0010934:i2106476,6.83214
u0010934:i2120120,6.83214
u0010934:i2170593,6.83214
u0010934:i2179136,6.83214
u0010934:i2203939,6.83214
u0010934:i2245084,6.83214
u0010934:i2381249,6.83214
u0010934:i2381941,6.83214
u0010934:i2395427,6.83214
u0010934:i2446042,6.83214
u0010934:i2561572,6.83214
u0010934:i2562232,6.83214
u0010934:i2614684,6.83214
u0010934:i2637276,6.83214
u0010934:i2637294,6.83214
u0010934:i2784678,6.83214
u0010934:i2802144,6.83214
u0010934:i2980516,6.83214
u0010934:i2994190,6.83214
u0010934:i3079380,6.83214
u0010934:i3316960,6.83214
u0010934:i3622592,6.83214
u0010949:i0289879,6.21866
u0010949:i1964418,6.22844
u0010949:i2401097,6.05185
u0010949:i2713180,6.535
u0010949:i2820852,6.26384
u0010949:i2908446,6.16265
u0010949:i2918436,6.40632
u0010949:i3079380,6.02048
u0010965:i0017136,6.72656
u0010965:i0045152,6.72656
u0010965:i0048434,6.72656
u0010965:i0049406,6.72656
u0010965:i0050083,6.72656
u0010965:i0050086,6.72656
u0010965:i0051418,6.72656
u0010965:i0053459,6.72656
u0010965:i0058182,6.72656
u0010965:i0063049,6.72656
u0010965:i0064276,6.72656
u0010965:i0065724,6.72656
u0010965:i0067328,6.72656
u0010965:i0067699,6.72656
u0010965:i0068509,6.72656
u0010965:i0068805,6.72656
u0010965:i0071604,6.72656
u0010965:i0075314,6.72656
u0010965:i0093870,6.72656
u0010965:i0096163,6.72656
u0010965:i0101507,6.72656
u0010965:i0114814,6.72656
u0010965:i0119567,6.72656
u0010965:i0163025,6.72656
u0010965:i0266697,6.72656
u0010965:i0361748,6.72656
u0010965:i0369610,6.72656
u0010965:i0988045,6.72656
u0010965:i1032755,6.72656
u0010965:i1392190,6.72656
u0010965:i1515091,6.72656
u0010965:i1862079,6.72656
u0010965:i2395427,6.72656
u0010988:i0816692,5.92092
u0010988:i1212450,4.59539
u0010988:i1638002,5.18691
u0010988:i1798684,5.94259
u0010988:i1809398,6.41584
u0010988:i2179136,6.63095
u0010988:i2381941,6.48327
u0010988:i2561572,6.32634
u0010988:i2562232,6.58654
u0010988:i2820852,6.27209
u0010988:i2980516,6.6245
u0010988:i4178092,6.00528
u0010989:i0058100,7.57036
u0010989:i0063056,7.57036
u0010989:i0068152,7.57036
u0010989:i0068909,7.57036
u0010989:i0070948,7.57036
u0010989:i0071230,7.57036
u0010989:i0072431,7.57036
u0010989:i0075222,7.57036
u0010989:i0076009,7.57036
u0010989:i0076141,7.57036
u0010989:i0080776,7.57036
u0010989:i0082517,7.57036
u0010989:i0089087,7.57036
u0010989:i0094012,7.57036
u0010989:i0107048,7.57036
u0010989:i0113552,7.57036
u0010989:i0115738,7.57036
u0010989:i0116130,7.57036
u0010989:i0120755,7.57036
u0010989:i0160403,7.57036
u0010989:i0230234,7.57036
u0010989:i0243655,7.57036
u0010989:i0286716,7.57036
u0010989:i0317919,7.57036
u0010989:i0365907,7.57036
u0010989:i0385639,7.57036
u0010989:i0451021,7.57036
u0010989:i0455944,7.57036
u0010989:i0470752,7.57036
u0010989:i0478970,7.57036
u0010989:i0780622,7.57036
u0010989:i0787474,7.57036
u0010989:i0808279,7.57036
u0010989:i0846724,7.57036
u0010989:i0884732,7.57036
u0010989:i1001526,7.57036
u0010989:i1100089,7.57036
u0010989:i1323045,7.57036
u0010989:i1340138,7.57036
u0010989:i1389096,7.57036
u0010989:i1392190,7.57036
u0010989:i1412386,7.57036
u0010989:i1486834,7.57036
u0010989:i1502712,7.57036
u0010989:i1503646,7.57036
u0010989:i1605717,7.57036
u0010989:i1772288,7.57036
u0010989:i1791682,7.57036
u0010989:i1823672,7.57036
u0010989:i1881002,7.57036
u0010989:i1956594,7.57036
u0010989:i1980929,7.57036
u0010989:i2004420,7.57036
u0010989:i2060540,7.57036
u0010989:i2096673,7.57036
u0010989:i2097298,7.57036
u0010989:i2140619,7.57036
u0010989:i2170593,7.57036
u0010989:i2179116,7.57036
u0010989:i2235108,7.57036
u0010989:i2238050,7.57036
u0010989:i2261331,7.57036
u0010989:i2268458,7.57036
u0010989:i2278388,7.57036
u0010989:i2293640,7.57036
u0010989:i2333804,7.57036
u0010989:i2358456,7.57036
u0010989:i2381249,7.57036
u0010989:i2381941,7.57036
u0010989:i2395427,7.57036
u0010989:i2509850,7.57036
u0010989:i2555736,7.57036
u0010989:i2582802,7.57036
u0010989:i2582846,7.57036
u0010989:i2717822,7.57036
u0010989:i2802144,7.57036
u0010989:i2872732,7.57036
u0010989:i2872750,7.57036
u0010989:i3045616,7.57036
u0010989:i3079380,7.57036
u0010989:i3099498,7.57036
u0010989:i3152624,7.57036
u0010989:i3318750,7.57036
u0010989:i3442006,7.57036
u0010989:i3628334,7.57036
u0010989:i3824386,7.57036
u0010996:i0470752,6.52237
u0010996:i0816692,5.9295
u0010996:i1638355,6.11703
u0010996:i1659338,4.57145
u0010996:i2101570,3.69421
u0010996:i2402157,6.86848
u0010996:i2726560,5.59189
u0010996:i2872732,6.26605
u0010996:i3203616,5.9874
u0011018:i0770703,7.97308
u0011018:i0809504,7.97308
u0011018:i1433811,7.97308
u0011018:i1659337,7.97308
u0011018:i1674771,7.97308
u0011018:i2245084,7.97308
u0011018:i2395427,7.97308
u0011018:i2725962,7.97308
u0011018:i2980516,7.97308
u0011047:i0040746,7.26039
u0011047:i0044706,7.26039
u0011047:i0045030,7.26039
u0011047:i0045810,7.26039
u0011047:i0047296,7.26039
u0011047:i0047834,7.26039
u0011047:i0052311,7.26039
u0011047:i0052365,7.26039
u0011047:i0053085,7.26039
u0011047:i0053604,7.26039
u0011047:i0064418,7.26039
u0011047:i0066849,7.26039
u0011047:i0067144,7.26039
u0011047:i0068699,7.26039
u0011047:i0071229,7.26039
u0011047:i0073018,7.26039
u0011047:i0075147,7.26039
u0011047:i0075334,7.26039
u0011047:i0075675,7.26039
u0011047:i0078389,7.26039
u0011047:i0083944,7.26039
u0011047:i0095488,7.26039
u0011047:i0095765,7.26039
u0011047:i0095956,7.26039
u0011047:i0120657,7.26039
u0011047:i0134119,7.26039
u0011047:i0256009,7.26039
u0011047:i0265349,7.26039
u0011047:i0278731,7.26039
u0011047:i0307479,7.26039
u0011047:i0363163,7.26039
u0011047:i0369610,7.26039
u0011047:i0469623,7.26039
u0011047:i0470752,7.26039
u0011047:i0478970,7.26039
u0011047:i0892767,7.26039
u0011047:i0903657,7.26039
u0011047:i0910905,7.26039
u0011047:i0959337,7.26039
u0011047:i1020072,7.26039
u0011047:i1034389,7.26039
u0011047:i1038686,7.26039
u0011047:i1077258,7.26039
u0011047:i1091722,7.26039
u0011047:i1129415,7.26039
u0011047:i1172570,7.26039
u0011047:i1235790,7.26039
u0011047:i1276419,7.26039
u0011047:i1320253,7.26039
u0011047:i1340138,7.26039
u0011047:i1392190,7.26039
u0011047:i1441326,7.26039
u0011047:i1486192,7.26039
u0011047:i1491044,7.26039
u0011047:i1541149,7.26039
u0011047:i1549589,7.26039
u0011047:i1638355,7.26039
u0011047:i1703148,7.26039
u0011047:i1764651,7.26039
u0011047:i1791528,7.26039
u0011047:i1915581,7.26039
u0011047:i1920945,7.26039
u0011047:i2078552,7.26039
u0011047:i2096673,7.26039
u0011047:i2101314,7.26039
u0011047:i2165859,7.26039
u0011047:i2302755,7.26039
u0011047:i2370224,7.26039
u0011047:i2395427,7.26039
u0011047:i2452254,7.26039
u0011047:i2570858,7.26039
u0011047:i2582802,7.26039
u0011047:i2639344,7.26039
u0011047:i2788556,7.26039
u0011047:i2802144,7.26039
u0011047:i2872462,7.26039
u0011047:i2935564,7.26039
u0011047:i2937898,7.26039
u0011047:i3064298,7.26039
u0011047:i3077108,7.26039
u0011047:i3090634,7.26039
u0011047:i3152624,7.26039
u0011047:i3168230,7.26039
u0011047:i3172532,7.26039
u0011047:i3321300,7.26039
u0011047:i3573598,7.26039
u0011047:i3674140,7.26039
u0011047:i4044364,7.26039
u0011047:i4157220,7.26039
u0011047:i4257858,7.26039
u0011047:i4401342,7.26039
u0011062:i0369610,7.12308
u0011062:i1065073,7.12308
u0011062:i1392190,7.12308
u0011062:i2179136,7.12308
u0011062:i2199571,7.12308
u0011062:i2273657,7.12308
u0011062:i2395427,7.12308
u0011062:i2562232,7.12308
u0011062:i2635006,7.12308
u0011062:i2802144,7.12308
u0011062:i2820852,7.12308
u0011062:i2944198,7.12308
u0011075:i0066580,7.43825
u0011075:i0077838,7.43825
u0011075:i0108358,7.43825
u0011075:i0384806,7.43825
u0011075:i0478049,7.43825
u0011075:i1204977,7.43825
u0011075:i1335975,7.43825
u0011075:i1426329,7.43825
u0011075:i1430116,7.43825
u0011075:i1433813,7.43825
u0011075:i1743993,7.43825
u0011075:i1921064,7.43825
u0011075:i1951265,7.43825
u0011075:i1988621,7.43825
u0011075:i2177771,7.43825
u0011075:i2296909,7.43825
u0011075:i2321549,7.43825
u0011075:i2369135,7.43825
u0011075:i2402085,7.43825
u0011075:i2473602,7.43825
u0011075:i2582802,7.43825
u0011075:i3177316,7.43825
u0011075:i3235888,7.43825
u0011075:i3504048,7.43825
u0011160:i0119577,7.30666
u0011160:i0470752,7.30666
u0011160:i0790653,7.30666
u0011160:i1014763,7.30666
u0011160:i1340138,7.30666
u0011160:i1528071,7.30666
u0011160:i1655441,7.30666
u0011160:i1753460,7.30666
u0011160:i1754944,7.30666
u0011160:i2084970,7.30666
u0011160:i2126355,7.30666
u0011160:i2140379,7.30666
u0011160:i2179136,7.30666
u0011160:i2180411,7.30666
u0011160:i2231253,7.30666
u0011160:i2404425,7.30666
u0011160:i2776106,7.30666
u0011160:i2802144,7.30666
u0011160:i2872718,7.30666
u0011160:i2911666,7.30666
u0011160:i3079380,7.30666
u0011160:i3825638,7.30666
u0011176:i0079501,6.23826
u0011176:i0081283,5.58028
u0011176:i0087553,2.12444
u0011176:i0089530,6.18576
u0011176:i0094947,4.99621
u0011176:i0101700,0
u0011176:i0103594,3.4649
u0011176:i0117666,5.64938
u0011176:i0118929,4.53125
u0011176:i0168629,5.93918
u0011176:i0276919,4.50866
u0011176:i0369610,6.32183
u0011176:i0409459,4.42752
u0011176:i0417871,0
u0011176:i0455944,6.34424
u0011176:i0478970,6.0543
u0011176:i0780504,5.6496
u0011176:i0978762,3.15314
u0011176:i1020072,6.95519
u0011176:i1126590,6.79564
u0011176:i1149361,5.8253
u0011176:i1197624,4.29644
u0011176:i1206543,6.49465
u0011176:i1478338,4.76306
u0011176:i1550312,4.5201
u0011176:i1568343,6.2352
u0011176:i1638355,6.14808
u0011176:i1706598,6.31978
u0011176:i1791528,6.53399
u0011176:i1791682,6.52642
u0011176:i1809398,6.44071
u0011176:i1907668,6.76002
u0011176:i1964418,6.25517
u0011176:i1981107,4.18848
u0011176:i2084970,6.40632
u0011176:i2120120,5.72008
u0011176:i2140379,5.50371
u0011176:i2179136,6.63809
u0011176:i2199571,6.03861
u0011176:i2249221,5.00594
u0011176:i2279373,6.37121
u0011176:i2397535,6.55699
u0011176:i2425486,4.65257
u0011176:i2515034,6.16558
u0011176:i2576852,6.77021
u0011176:i2707858,5.12037
u0011176:i2720680,5.73877
u0011176:i2758890,0
u0011176:i2911668,6.11433
u0011176:i2920540,5.67321
u0011176:i2937898,6.68292
u0011176:i2980516,6.63333
u0011176:i3125652,4.15552
u0011176:i3316960,6.3178
u0011176:i3344922,5.77892
u0011176:i3409392,6.22197
u0011176:i3480796,5.26081
u0011176:i3622592,5.63117
u0011176:i4226388,6.43429
u0011184:i1661199,7.67
u0011184:i2199571,7.67
u0011184:i2293640,7.67
u0011184:i2820852,7.67
u0011184:i2908446,7.67
u0011223:i0070511,4.87294
u0011223:i0107207,5.93787
u0011223:i0401383,6.23607
u0011223:i0470752,6.53363
u0011223:i0816692,5.93809
u0011223:i1255953,4.47587
u0011223:i1392190,6.13183
u0011223:i1626146,6.37608
u0011223:i2305051,6.8839
u0011223:i3007512,6.2866
u0011225:i2084970,7.61124
u0011225:i2267998,7.61124
u0011225:i3195644,7.61124
u0011240:i1398426,8.02397
u0011240:i1798684,8.02397
u0011240:i1809398,8.02397
u0011240:i2179136,8.02397
u0011240:i2381249,8.02397
u0011240:i2935476,8.02397
u0011240:i3007512,8.02397
u0011241:i0369610,7.68919
u0011241:i2322441,7.68919
u0011241:i2395427,7.68919
u0011241:i2446042,7.68919
u0011241:i2515030,7.68919
u0011241:i2562232,7.68919
u0011241:i2820852,7.68919
u0011241:i2980516,7.68919
u0011260:i1528100,6.63479
u0011260:i1596346,3.69392
u0011260:i1809398,6.46567
u0011260:i2084970,6.41296
u0011260:i2582802,6.56062
u0011264:i0088247,5.76073
u0011264:i0113824,6.26122
u0011264:i1680110,0
u0011264:i2279373,6.45085
u0011265:i0076759,7.37416
u0011265:i0209144,7.37416
u0011265:i0273923,7.37416
u0011265:i0369610,7.37416
u0011265:i0390022,7.37416
u0011265:i0419887,7.37416
u0011265:i0467197,7.37416
u0011265:i0478970,7.37416
u0011265:i0790736,7.37416
u0011265:i1172570,7.37416
u0011265:i1706620,7.37416
u0011265:i1840309,7.37416
u0011265:i1850397,7.37416
u0011265:i1853728,7.37416
u0011265:i2024544,7.37416
u0011265:i2096672,7.37416
u0011265:i2096673,7.37416
u0011265:i2126355,7.37416
u0011265:i2179136,7.37416
u0011265:i2262227,7.37416
u0011265:i2267998,7.37416
u0011265:i2279373,7.37416
u0011265:i2293640,7.37416
u0011265:i2436386,7.37416
u0011265:i2802144,7.37416
u0011265:i2980516,7.37416
u0011265:i3280916,7.37416
u0011265:i3322940,7.37416
u0011265:i3450650,7.37416
u0011265:i3720106,7.37416
u0011304:i0458481,7.144
u0011304:i1206543,7.144
u0011304:i2265171,7.144
u0011314:i0088847,8.5991
u0011314:i0099653,8.5991
u0011314:i0105643,8.5991
u0011314:i0111127,8.5991
u0011314:i0120601,8.5991
u0011314:i0134119,8.5991
u0011314:i0144084,8.5991
u0011314:i0190865,8.5991
u0011314:i0232500,8.5991
u0011314:i0245674,8.5991
u0011314:i0480669,8.5991
u0011314:i0800039,8.5991
u0011314:i0814314,8.5991
u0011314:i0851578,8.5991
u0011314:i1155056,8.5991
u0011314:i1291150,8.5991
u0011314:i1392190,8.5991
u0011314:i1421361,8.5991
u0011314:i1570728,8.5991
u0011314:i1591095,8.5991
u0011314:i1605717,8.5991
u0011314:i1777551,8.5991
u0011314:i1832382,8.5991
u0011314:i1855152,8.5991
u0011314:i2051879,8.5991
u0011314:i2396224,8.5991
u0011314:i2428170,8.5991
u0011314:i2548738,8.5991
u0011314:i2562232,8.5991
u0011314:i2692904,8.5991
u0011314:i2756032,8.5991
u0011314:i3249478,8.5991
u0011314:i3455224,8.5991
u0011314:i4044364,8.5991
u0011314:i4284010,8.5991
u0011324:i0105236,5.02536
u0011324:i0118799,4.55656
u0011324:i0264464,4.58847
u0011324:i0298203,4.10205
u0011324:i0364569,4.44714
u0011324:i0385002,5.70893
u0011324:i1872194,6.75675
u0011324:i2582802,6.56786
u0011324:i2713180,6.55126
u0011324:i2784678,6.45463
u0011324:i2802144,6.39189
u0011324:i2820852,6.28036
u0011324:i2872718,6.60149
u0011324:i3042408,4.95473
u0011335:i0055207,7.77498
u0011335:i0079833,7.77498
u0011335:i0087072,7.77498
u0011335:i0092494,7.77498
u0011335:i0113824,7.77498
u0011335:i0343135,7.77498
u0011335:i0787474,7.77498
u0011335:i1033575,7.77498
u0011335:i1065073,7.77498
u0011335:i1100089,7.77498
u0011335:i1155076,7.77498
u0011335:i1392214,7.77498
u0011335:i1489167,7.77498
u0011335:i1605717,7.77498
u0011335:i1911658,7.77498
u0011335:i1920945,7.77498
u0011335:i1931388,7.77498
u0011335:i1981677,7.77498
u0011335:i2004420,7.77498
u0011335:i2084970,7.77498
u0011335:i2096673,7.77498
u0011335:i2267998,7.77498
u0011335:i2316411,7.77498
u0011335:i2321549,7.77498
u0011335:i2390237,7.77498
u0011335:i2545118,7.77498
u0011335:i2562232,7.77498
u0011335:i2582802,7.77498
u0011335:i2713180,7.77498
u0011335:i2872718,7.77498
u0011335:i2872732,7.77498
u0011335:i2980592,7.77498
u0011343:i0457430,8.11036
u0011343:i0816442,8.11036
u0011343:i1065073,8.11036
u0011343:i1130884,8.11036
u0011343:i1300854,8.11036
u0011343:i1535109,8.11036
u0011343:i1726592,8.11036
u0011343:i1872194,8.11036
u0011343:i2103281,8.11036
u0011343:i2395427,8.11036
u0011343:i2582802,8.11036
u0011343:i3982774,8.11036
u0011355:i0816692,7.37553
u0011355:i2179136,7.37553
u0011355:i2395427,7.37553
u0011355:i2562232,7.37553
u0011355:i2582802,7.37553
u0011355:i2883512,7.37553
u0011355:i2937898,7.37553
u0011355:i3011894,7.37553
u0011355:i3499048,7.37553
u0011372:i0268978,7.64943
u0011372:i2395427,7.64943
u0011372:i2582802,7.64943
u0011387:i0369610,6.32871
u0011387:i0404203,4.00006
u0011387:i0884732,6.28535
u0011387:i1371150,6.58626
u0011387:i1924396,5.70221
u0011387:i2381941,6.49505
u0011387:i2509850,6.72131
u0011387:i2561572,6.35433
u0011387:i2609912,2.63042
u0011387:i2788710,6.5544
u0011387:i2911666,6.75314
u0011387:i3203616,6.04443
u0011387:i3205376,5.85706
u0011396:i1392190,7.92598
u0011396:i1798709,7.92598
u0011396:i1972779,7.92598
u0011396:i2182972,7.92598
u0011396:i2245084,7.92598
u0011396:i2370248,7.92598
u0011396:i2452200,7.92598
u0011396:i2884206,7.92598
u0011396:i2923316,7.92598
u0011396:i2980516,7.92598
u0011396:i3125324,7.92598
u0011396:i3448226,7.92598
u0011429:i0110413,4.08767
u0011429:i1392190,6.13701
u0011429:i1502712,6.12829
u0011429:i1638355,6.17929
u0011429:i1798684,5.96493
u0011429:i3622592,5.69901
u0011441:i1109624,6.7483
u0011441:i1661199,6.7483
u0011441:i1780798,6.7483
u0011441:i2180411,6.7483
u0011441:i2224026,6.7483
u0011441:i2562232,6.7483
u0011441:i2820852,6.7483
u0011441:i2848292,6.7483
u0011441:i2908446,6.7483
u0011441:i3316960,6.7483
u0011441:i3480796,6.7483
u0011441:i4377918,6.7483
u0011450:i1109624,7.90696
u0011450:i1340138,7.90696
u0011450:i1392190,7.90696
u0011450:i2096673,7.90696
u0011450:i2234003,7.90696
u0011450:i2381941,7.90696
u0011450:i2802144,7.90696
u0011450:i2872750,7.90696
u0011450:i3079380,7.90696
u0011466:i0070842,7.45651
u0011466:i0090315,7.45651
u0011466:i0095715,7.45651
u0011466:i0111112,7.45651
u0011466:i0120102,7.45651
u0011466:i0338013,7.45651
u0011466:i0379217,7.45651
u0011466:i0382189,7.45651
u0011466:i0758758,7.45651
u0011466:i0862846,7.45651
u0011466:i0880502,7.45651
u0011466:i1065073,7.45651
u0011466:i1077368,7.45651
u0011466:i1100089,7.45651
u0011466:i1126590,7.45651
u0011466:i1392190,7.45651
u0011466:i1560747,7.45651
u0011466:i1568343,7.45651
u0011466:i1600196,7.45651
u0011466:i1707386,7.45651
u0011466:i1767372,7.45651
u0011466:i1791528,7.45651
u0011466:i1883180,7.45651
u0011466:i1964418,7.45651
u0011466:i2084970,7.45651
u0011466:i2167266,7.45651
u0011466:i2305051,7.45651
u0011466:i2406252,7.45651
u0011466:i2562232,7.45651
u0011466:i2582802,7.45651
u0011466:i2714900,7.45651
u0011466:i2737050,7.45651
u0011466:i2788710,7.45651
u0011466:i2872718,7.45651
u0011466:i2967224,7.45651
u0011466:i2980516,7.45651
u0011466:i3365778,7.45651
u0011466:i3416742,7.45651
u0011466:i3674140,7.45651
u0011466:i3877718,7.45651
u0011477:i1091191,7.71386
u0011477:i2637276,7.71386
u0011477:i3850214,7.71386
u0011478:i0110912,7.92598
u0011478:i0117913,7.92598
u0011478:i0351283,7.92598
u0011478:i0479952,7.92598
u0011478:i0780504,7.92598
u0011478:i0848228,7.92598
u0011478:i1024648,7.92598
u0011478:i1305806,7.92598
u0011478:i1340138,7.92598
u0011478:i1375670,7.92598
u0011478:i1392190,7.92598
u0011478:i1448755,7.92598
u0011478:i1542344,7.92598
u0011478:i1598778,7.92598
u0011478:i1638355,7.92598
u0011478:i1772264,7.92598
u0011478:i1843866,7.92598
u0011478:i1979320,7.92598
u0011478:i2039393,7.92598
u0011478:i2088003,7.92598
u0011478:i2170593,7.92598
u0011478:i2191701,7.92598
u0011478:i2293640,7.92598
u0011478:i2310332,7.92598
u0011478:i2322441,7.92598
u0011478:i2381941,7.92598
u0011478:i2404463,7.92598
u0011478:i2562232,7.92598
u0011478:i2784678,7.92598
u0011478:i2788710,7.92598
u0011478:i2802144,7.92598
u0011478:i2820852,7.92598
u0011478:i2937898,7.92598
u0011478:i2962876,7.92598
u0011478:i3007512,7.92598
u0011478:i3079380,7.92598
u0011481:i1340138,6.25343
u0011481:i2211173,0
u0011481:i2631186,5.72666
u0011492:i0118799,7.50908
u0011492:i0369610,7.50908
u0011492:i0470752,7.50908
u0011492:i1065073,7.50908
u0011492:i1235124,7.50908
u0011492:i1392190,7.50908
u0011492:i1568911,7.50908
u0011492:i1809398,7.50908
u0011492:i2084970,7.50908
u0011492:i2103281,7.50908
u0011492:i2582802,7.50908
u0011492:i2967224,7.50908
u0011492:i2980516,7.50908
u0011498:i0100869,0
u0011498:i3062880,3.72182
u0011498:i3235888,6.74738
u0011504:i0037558,5.3045
u0011504:i0075314,5.5156
u0011504:i0077405,6.5509
u0011504:i0083987,4.89255
u0011504:i0086879,4.54716
u0011504:i0106519,4.94593
u0011504:i0117665,6.28385
u0011504:i0118799,4.70355
u0011504:i0119396,6.75805
u0011506:i0054215,7.35851
u0011506:i0056592,7.35851
u0011506:i0171804,7.35851
u0011506:i0470752,7.35851
u0011506:i0480249,7.35851
u0011506:i0900387,7.35851
u0011506:i1156398,7.35851
u0011506:i1276419,7.35851
u0011506:i1307068,7.35851
u0011506:i1392190,7.35851
u0011506:i1403865,7.35851
u0011506:i1441953,7.35851
u0011506:i1483753,7.35851
u0011506:i1638355,7.35851
u0011506:i1815782,7.35851
u0011506:i1931602,7.35851
u0011506:i2273657,7.35851
u0011506:i2363178,7.35851
u0011506:i2395427,7.35851
u0011506:i2404425,7.35851
u0011506:i2452200,7.35851
u0011506:i3042408,7.35851
u0011506:i3079380,7.35851
u0011530:i1392190,7.31834
u0011530:i1398426,7.31834
u0011530:i1727388,7.31834
u0011530:i2096673,7.31834
u0011530:i2279373,7.31834
u0011530:i2562232,7.31834
u0011543:i1272878,5.43416
u0011543:i1881002,6.32373
u0011543:i2096672,6.66371
u0011543:i2967224,5.72747
u0011543:i3079380,6.03495
u0011573:i0369610,7.39237
u0011573:i0455944,7.39237
u0011573:i1029360,7.39237
u0011573:i1065073,7.39237
u0011573:i1486834,7.39237
u0011573:i1587310,7.39237
u0011573:i1712170,7.39237
u0011573:i1823672,7.39237
u0011573:i1945084,7.39237
u0011573:i1999995,7.39237
u0011573:i2293640,7.39237
u0011573:i2339741,7.39237
u0011573:i2428170,7.39237
u0011573:i2429074,7.39237
u0011573:i2582802,7.39237
u0011573:i2617828,7.39237
u0011573:i2799166,7.39237
u0011573:i2802144,7.39237
u0011573:i2848292,7.39237
u0011573:i2980648,7.39237
u0011573:i3038142,7.39237
u0011573:i3061836,7.39237
u0011573:i3079380,7.39237
u0011573:i3086442,7.39237
u0011573:i3169706,7.39237
u0011573:i3195644,7.39237
u0011573:i3235888,7.39237
u0011573:i3384870,7.39237
u0011573:i3520418,7.39237
u0011573:i3713166,7.39237
u0011586:i0369610,7.50908
u0011586:i0478970,7.50908
u0011586:i1823672,7.50908
u0011586:i2084970,7.50908
u0011586:i2096673,7.50908
u0011586:i2179136,7.50908
u0011586:i2381249,7.50908
u0011586:i2446042,7.50908
u0011586:i2582802,7.50908
u0011599:i1013753,6.79842
u0011599:i1065073,6.42574
u0011599:i2179136,6.64523
u0011599:i3316960,6.3373
u0011602:i0816692,7.78525
u0011602:i1243957,7.78525
u0011602:i2267998,7.78525
u0011602:i2713180,7.78525
u0011602:i2872732,7.78525
u0011616:i0094006,7.87803
u0011616:i1335975,7.87803
u0011616:i2209764,7.87803
u0011616:i2395427,7.87803
u0011616:i2788710,7.87803
u0011621:i0253474,7.92598
u0011621:i0358273,7.92598
u0011621:i0485947,7.92598
u0011621:i0765443,7.92598
u0011621:i1058017,7.92598
u0011621:i2343793,7.92598
u0011621:i2802144,7.92598
u0011621:i3203616,7.92598
u0011628:i1100089,7.45651
u0011628:i1398426,7.45651
u0011628:i1798684,7.45651
u0011628:i2381249,7.45651
u0011635:i0071315,7.60697
u0011635:i0103772,7.60697
u0011635:i0257044,7.60697
u0011635:i0816692,7.60697
u0011635:i0816711,7.60697
u0011635:i0861739,7.60697
u0011635:i1392190,7.60697
u0011635:i1706620,7.60697
u0011635:i2872718,7.60697
u0011635:i2980592,7.60697
u0011680:i0079116,7.50908
u0011680:i1213663,7.50908
u0011680:i4044364,7.50908
u0011683:i0369610,7.89127
u0011683:i0478970,7.89127
u0011683:i1340138,7.89127
u0011683:i1392190,7.89127
u0011683:i2848292,7.89127
u0011683:i3079380,7.89127
u0011708:i0914798,7.45651
u0011708:i1255953,7.45651
u0011708:i1809398,7.45651
u0011708:i2322441,7.45651
u0011708:i2582802,7.45651
u0011717:i0012364,7.60697
u0011717:i0038733,7.60697
u0011717:i0040897,7.60697
u0011717:i0053291,7.60697
u0011717:i0054389,7.60697
u0011717:i0067411,7.60697
u0011717:i0079672,7.60697
u0011717:i2562232,7.60697
u0011717:i2910274,7.60697
u0011740:i0046912,4.79076
u0011740:i0052357,4.8099
u0011740:i0112792,5.65083
u0011740:i0155267,6.16118
u0011740:i0169547,5.3065
u0011740:i0372183,5.88264
u0011740:i0375063,5.39085
u0011740:i0399295,4.44964
u0011740:i0416320,4.87687
u0011740:i0440963,5.59185
u0011740:i0465538,5.6536
u0011740:i0770752,3.32681
u0011740:i0800039,6.60092
u0011740:i0808399,5.22068
u0011740:i0816692,5.9467
u0011740:i0822854,5.01112
u0011740:i0861739,5.29859
u0011740:i0884732,6.32391
u0011740:i1045772,6.32879
u0011740:i1078940,0
u0011740:i1155056,5.9197
u0011740:i1179031,6.48005
u0011740:i1194417,3.71396
u0011740:i1198156,5.01377
u0011740:i1204975,6.59402
u0011740:i1234548,4.96628
u0011740:i1243974,5.69554
u0011740:i1341188,0
u0011740:i1441951,5.36738
u0011740:i1486834,6.54996
u0011740:i1555149,0
u0011740:i1588334,3.38436
u0011740:i1661820,6.18262
u0011740:i1666801,5.55721
u0011740:i1740047,5.41619
u0011740:i1791682,6.61707
u0011740:i1850397,6.36414
u0011740:i2039393,6.40939
u0011740:i2097298,5.96068
u0011740:i2179136,6.65238
u0011740:i2205697,5.50609
u0011740:i2273657,5.83952
u0011740:i2358925,6.48293
u0011740:i2381941,6.50686
u0011740:i2387559,5.80945
u0011740:i2398249,5.57212
u0011740:i2561572,6.38245
u0011740:i2667918,5.40097
u0011740:i2802144,6.39792
u0011740:i2870708,6.5846
u0011740:i2911668,6.49648
u0011740:i2962876,6.73105
u0011740:i2967224,5.79731
u0011740:i2980472,5.44169
u0011740:i2980516,6.64217
u0011740:i2980648,6.58313
u0011740:i3007512,6.3247
u0011740:i3247714,6.12459
u0011740:i3296204,0
u0011740:i3316960,6.35686
u0011740:i3358470,0
u0011740:i3442006,6.66488
u0011740:i3450650,5.80089
u0011740:i3705388,6.46419
u0011740:i3809308,4.01786
u0011740:i3825750,0
u0011740:i3907790,0
u0011740:i3916378,0
u0011740:i4044364,7.12707
u0011778:i0232500,5.68372
u0011778:i0322259,6.65258
u0011778:i0418279,4.95212
u0011778:i0463985,5.18231
u0011778:i1013752,5.64608
u0011778:i1055369,5.56544
u0011778:i1399103,5.21894
u0011778:i1596343,5.6809
u0011778:i1905041,6.09807
u0011778:i2109248,6.49155
u0011786:i1189073,7.63569
u0011786:i2084970,7.63569
u0011786:i2177827,7.63569
u0011786:i2381249,7.63569
u0011786:i2404425,7.63569
u0011786:i2582802,7.63569
u0011786:i2718492,7.63569
u0011820:i0114369,4.30783
u0011820:i0119488,5.2637
u0011820:i0119528,6.45621
u0011820:i0120382,4.77614
u0011820:i0264464,4.68609
u0011820:i0338013,4.90788
u0011820:i0366627,3.70749
u0011820:i0478970,6.06436
u0011820:i0988045,6.20447
u0011820:i1392190,6.1422
u0011820:i1798684,5.98736
u0011820:i1823672,6.58698
u0011820:i2251281,3.57664
u0011822:i0166924,6.37331
u0011822:i0303661,6.37331
u0011822:i0445336,6.37331
u0011822:i0449467,6.37331
u0011822:i0482571,6.37331
u0011822:i0805564,6.37331
u0011822:i1392190,6.37331
u0011822:i1549572,6.37331
u0011822:i1595656,6.37331
u0011822:i1605717,6.37331
u0011822:i1740707,6.37331
u0011822:i1839492,6.37331
u0011822:i2179116,6.37331
u0011822:i2281365,6.37331
u0011822:i2305051,6.37331
u0011822:i2366608,6.37331
u0011822:i2582802,6.37331
u0011822:i2872718,6.37331
u0011822:i2980516,6.37331
u0011822:i3612616,6.37331
u0011833:i0095953,7.47118
u0011833:i0112384,7.47118
u0011833:i0477071,7.47118
u0011833:i0837562,7.47118
u0011833:i1024648,7.47118
u0011833:i1661199,7.47118
u0011833:i1911658,7.47118
u0011833:i1924435,7.47118
u0011833:i2084970,7.47118
u0011833:i2096673,7.47118
u0011833:i2179136,7.47118
u0011833:i2180411,7.47118
u0011833:i2224026,7.47118
u0011833:i2245084,7.47118
u0011833:i2293640,7.47118
u0011833:i2446042,7.47118
u0011833:i2848292,7.47118
u0011833:i2908446,7.47118
u0011833:i3442006,7.47118
u0011834:i0105323,3.71937
u0011834:i0816442,6.02684
u0011834:i1255953,4.55725
u0011834:i1924396,5.8098
u0011834:i2084970,6.41961
u0011834:i2820852,6.28863
u0011844:i0434124,7.72229
u0011844:i1126590,7.72229
u0011844:i1465522,7.72229
u0011844:i2084970,7.72229
u0011844:i2305051,7.72229
u0011847:i0434409,7.37311
u0011847:i0455944,7.37311
u0011847:i0470752,7.37311
u0011847:i0478970,7.37311
u0011847:i0829150,7.37311
u0011847:i1490017,7.37311
u0011847:i1527788,7.37311
u0011847:i1528100,7.37311
u0011847:i1582248,7.37311
u0011847:i1599348,7.37311
u0011847:i1731141,7.37311
u0011847:i1823672,7.37311
u0011847:i1872194,7.37311
u0011847:i1951265,7.37311
u0011847:i2084970,7.37311
u0011847:i2179136,7.37311
u0011847:i2199571,7.37311
u0011847:i2245084,7.37311
u0011847:i2267998,7.37311
u0011847:i2381249,7.37311
u0011847:i2387513,7.37311
u0011847:i2395427,7.37311
u0011847:i2446042,7.37311
u0011847:i2493486,7.37311
u0011847:i2544766,7.37311
u0011847:i2582802,7.37311
u0011847:i2802144,7.37311
u0011847:i2820852,7.37311
u0011847:i2872718,7.37311
u0011847:i2911666,7.37311
u0011847:i2980516,7.37311
u0011847:i3541262,7.37311
u0011847:i3622332,7.37311
u0011847:i3848892,7.37311
u0011857:i0098635,6.1567
u0011857:i0118694,3.88738
u0011857:i0120255,2.66251
u0011857:i0816692,5.95532
u0011857:i1205489,5.08662
u0011857:i1392190,6.14739
u0011857:i1655441,6.0483
u0011857:i2614684,5.86164
u0011889:i1924396,7.92598
u0011889:i2004420,7.92598
u0011889:i2872718,7.92598
u0011972:i0409459,4.62878
u0011972:i2179136,6.65955
u0011972:i2381941,6.51869
u0011972:i2382009,6.01278
u0011972:i2820852,6.29692
u0011972:i3455740,4.85946
u0011976:i0105323,3.85221
u0011976:i0110737,3.80417
u0011976:i0117381,4.36086
u0011976:i0245429,5.03167
u0011976:i0276751,3.59355
u0011976:i0293508,5.07969
u0011976:i0362225,3.69385
u0011976:i0364517,5.10131
u0011976:i0382625,4.20364
u0011976:i0405094,6.07495
u0011976:i0405159,5.0518
u0011976:i0421715,4.55576
u0011976:i0453562,5.50297
u0011976:i0454921,4.02358
u0011976:i0808506,6.15863
u0011976:i0816692,5.96395
u0011976:i0907657,6.2351
u0011976:i0926762,4.71075
u0011976:i0959337,5.19461
u0011976:i0964539,3.835
u0011976:i0970179,5.0225
u0011976:i0986233,5.14889
u0011976:i1028532,5.95698
u0011976:i1120985,4.54914
u0011976:i1334260,3.2458
u0011976:i1355630,6.16587
u0011976:i1360860,3.81915
u0011976:i1439572,6.53054
u0011976:i1542344,5.39141
u0011976:i1726592,6.76506
u0011976:i1832382,5.50511
u0011976:i1972779,6.63206
u0011976:i1979320,6.10016
u0011976:i2013293,6.67372
u0011976:i2082197,3.01859
u0011976:i2084970,6.42626
u0011976:i2278871,5.51683
u0011976:i2322441,6.68582
u0011976:i2338151,6.34656
u0011976:i2414766,4.93473
u0011976:i2459156,6.18851
u0011976:i2591814,5.10993
u0011976:i2726560,5.64781
u0011976:i2870756,7.06193
u0011976:i2884206,6.06483
u0011976:i2980516,6.65103
u0011985:i0470752,6.83384
u0011985:i1065073,6.83384
u0011985:i2278388,6.83384
u0011985:i2381249,6.83384
u0011985:i2562232,6.83384
u0011985:i2692904,6.83384
u0011985:i2911666,6.83384
u0011988:i0014341,7.60697
u0011988:i0018742,7.60697
u0011988:i0478970,7.60697
u0011988:i1100089,7.60697
u0011988:i1126590,7.60697
u0011988:i1791682,7.60697
u0011988:i2084970,7.60697
u0011988:i2381249,7.60697
u0011988:i2395427,7.60697
u0011988:i2624412,7.60697
u0011988:i2883512,7.60697
u0011988:i2937898,7.60697
u0011988:i2967006,7.60697
u0011988:i3220192,7.60697
u0011988:i3282484,7.60697
u0011988:i3316960,7.60697
u0011988:i3501416,7.60697
u0011988:i3646722,7.60697
u0011988:i3754976,7.60697
u0011988:i3911074,7.60697
u0011988:i4080598,7.60697
u0011988:i4170436,7.60697
u0011988:i4533838,7.60697
u0011988:i4768764,7.60697
u0011992:i0455944,7.86388
u0011992:i0861739,7.86388
u0011992:i0884732,7.86388
u0011992:i0970179,7.86388
u0011992:i1116184,7.86388
u0011992:i1245526,7.86388
u0011992:i1392190,7.86388
u0011992:i1457767,7.86388
u0011992:i1480295,7.86388
u0011992:i1499658,7.86388
u0011992:i1772424,7.86388
u0011992:i1798709,7.86388
u0011992:i1821694,7.86388
u0011992:i1823672,7.86388
u0011992:i1877832,7.86388
u0011992:i1893256,7.86388
u0011992:i1967545,7.86388
u0011992:i2017038,7.86388
u0011992:i2024544,7.86388
u0011992:i2053463,7.86388
u0011992:i2103281,7.86388
u0011992:i2209418,7.86388
u0011992:i2245084,7.86388
u0011992:i2267998,7.86388
u0011992:i2278388,7.86388
u0011992:i2357129,7.86388
u0011992:i2381941,7.86388
u0011992:i2562232,7.86388
u0011992:i2582802,7.86388
u0011992:i3007512,7.86388
u0011992:i3138782,7.86388
u0011992:i3646462,7.86388
u0011992:i3982774,7.86388
u0011992:i4003066,7.86388
u0011992:i4114744,7.86388
u0011992:i4114762,7.86388
u0011997:i0470752,7.60697
u0011997:i1872194,7.60697
u0011997:i2278388,7.60697
u0011997:i2395427,7.60697
u0011997:i2980516,7.60697
u0012017:i0158983,8.61167
u0012017:i0217505,8.61167
u0012017:i1600196,8.61167
u0012017:i1821549,8.61167
u0012017:i2562232,8.61167
u0012027:i0033477,7.27513
u0012027:i0042332,7.27513
u0012027:i0047296,7.27513
u0012027:i0048342,7.27513
u0012027:i0070608,7.27513
u0012027:i0079817,7.27513
u0012027:i0083530,7.27513
u0012027:i0084602,7.27513
u0012027:i0089927,7.27513
u0012027:i0100403,7.27513
u0012027:i0100507,7.27513
u0012027:i0103776,7.27513
u0012027:i0103827,7.27513
u0012027:i0107362,7.27513
u0012027:i0110632,7.27513
u0012027:i0110912,7.27513
u0012027:i0115685,7.27513
u0012027:i0119396,7.27513
u0012027:i0198781,7.27513
u0012027:i0266697,7.27513
u0012027:i0298814,7.27513
u0012027:i0337741,7.27513
u0012027:i0337978,7.27513
u0012027:i0369610,7.27513
u0012027:i0370263,7.27513
u0012027:i0378194,7.27513
u0012027:i0448134,7.27513
u0012027:i0469021,7.27513
u0012027:i0758730,7.27513
u0012027:i0790724,7.27513
u0012027:i0816692,7.27513
u0012027:i0825232,7.27513
u0012027:i0831387,7.27513
u0012027:i0864835,7.27513
u0012027:i0870111,7.27513
u0012027:i0975645,7.27513
u0012027:i0995039,7.27513
u0012027:i1091191,7.27513
u0012027:i1124035,7.27513
u0012027:i1133985,7.27513
u0012027:i1193138,7.27513
u0012027:i1206543,7.27513
u0012027:i1300854,7.27513
u0012027:i1340138,7.27513
u0012027:i1392170,7.27513
u0012027:i1409024,7.27513
u0012027:i1424381,7.27513
u0012027:i1528100,7.27513
u0012027:i1661199,7.27513
u0012027:i1731141,7.27513
u0012027:i1798709,7.27513
u0012027:i1872181,7.27513
u0012027:i1959490,7.27513
u0012027:i1979320,7.27513
u0012027:i2084970,7.27513
u0012027:i2172934,7.27513
u0012027:i2223990,7.27513
u0012027:i2381249,7.27513
u0012027:i2395427,7.27513
u0012027:i2692904,7.27513
u0012027:i2713180,7.27513
u0012027:i2980516,7.27513
u0012027:i3689498,7.27513
u0012033:i1600196,7.92598
u0012033:i1674771,7.92598
u0012033:i2179136,7.92598
u0012033:i2278388,7.92598
u0012054:i1323594,6.10942
u0012054:i1690953,5.55618
u0012054:i2293640,6.33144
u0012078:i1626146,6.5036
u0012078:i1823672,6.60123
u0012078:i1872194,6.77786
u0012078:i2103281,6.92049
u0012078:i2170593,6.69717
u0012078:i4229236,6.22823
u0012097:i0470752,7.60697
u0012097:i0918927,7.60697
u0012097:i1531924,7.60697
u0012097:i1772288,7.60697
u0012097:i2039393,7.60697
u0012097:i2147521,7.60697
u0012097:i2170593,7.60697
u0012097:i2582802,7.60697
u0012097:i2802144,7.60697
u0012097:i2802154,7.60697
u0012097:i2844798,7.60697
u0012097:i2872718,7.60697
u0012097:i3612616,7.60697
u0012097:i4044364,7.60697
u0012105:i0137523,7.52681
u0012105:i0180093,7.52681
u0012105:i0369610,7.52681
u0012105:i0478970,7.52681
u0012105:i1029360,7.52681
u0012105:i1136608,7.52681
u0012105:i1375666,7.52681
u0012105:i1392190,7.52681
u0012105:i1659337,7.52681
u0012105:i1964418,7.52681
u0012105:i2096673,7.52681
u0012105:i2322441,7.52681
u0012105:i2380207,7.52681
u0012105:i2381249,7.52681
u0012105:i2395427,7.52681
u0012105:i2415458,7.52681
u0012105:i2582802,7.52681
u0012105:i2820852,7.52681
u0012105:i3090634,7.52681
u0012105:i3235888,7.52681
u0012105:i3674140,7.52681
u0012105:i4126304,7.52681
u0012105:i4229236,7.52681
u0012109:i0094898,7.58975
u0012109:i0107290,7.58975
u0012109:i0107614,7.58975
u0012109:i1392190,7.58975
u0012109:i2820852,7.58975
u0012110:i0077269,7.43514
u0012110:i0082406,7.43514
u0012110:i0876563,7.43514
u0012110:i2017015,7.43514
u0012110:i2273657,7.43514
u0012110:i2561546,7.43514
u0012110:i2937898,7.43514
u0012110:i3011894,7.43514
u0012110:i3838700,7.43514
u0012110:i3946086,7.43514
u0012110:i4058120,7.43514
u0012110:i4246790,7.43514
u0012154:i0369610,7.60697
u0012154:i0462590,7.60697
u0012154:i0478970,7.60697
u0012154:i0480249,7.60697
u0012154:i0493949,7.60697
u0012154:i0884732,7.60697
u0012154:i0974661,7.60697
u0012154:i1296898,7.60697
u0012154:i1661199,7.60697
u0012154:i1666801,7.60697
u0012154:i1763303,7.60697
u0012154:i1823672,7.60697
u0012154:i2096673,7.60697
u0012154:i2126355,7.60697
u0012154:i2205697,7.60697
u0012154:i2224026,7.60697
u0012154:i2293640,7.60697
u0012154:i2381249,7.60697
u0012154:i2395427,7.60697
u0012154:i2436386,7.60697
u0012154:i2679042,7.60697
u0012154:i2820852,7.60697
u0012154:i2848292,7.60697
u0012154:i3203616,7.60697
u0012154:i3369806,7.60697
u0012154:i3713166,7.60697
u0012168:i0086250,7.30878
u0012168:i0105236,7.30878
u0012168:i0110912,7.30878
u0012168:i0816692,7.30878
u0012168:i0947798,7.30878
u0012168:i1126590,7.30878
u0012168:i1433811,7.30878
u0012168:i1790864,7.30878
u0012168:i2039393,7.30878
u0012168:i2179136,7.30878
u0012168:i2402101,7.30878
u0012168:i2446042,7.30878
u0012168:i2562232,7.30878
u0012168:i2980516,7.30878
u0012168:i3045616,7.30878
u0012168:i3203616,7.30878
u0012168:i3442006,7.30878
u0012168:i3713166,7.30878
u0012197:i0369610,7.3603
u0012197:i1661199,7.3603
u0012197:i2126355,7.3603
u0012197:i2395427,7.3603
u0012197:i2820852,7.3603
u0012197:i4007502,7.3603
u0012201:i1100089,6.66248
u0012201:i1340138,6.26842
u0012201:i1791682,6.70897
u0012201:i2402101,5.79303
u0012203:i1809398,7.314
u0012203:i2293640,7.314
u0012203:i2305051,7.314
u0012203:i2446042,7.314
u0012203:i2562232,7.314
u0012206:i0816692,6.55682
u0012206:i2084970,6.55682
u0012206:i2652092,6.55682
u0012206:i4044364,6.55682
u0012222:i0362270,7.50908
u0012222:i0432283,7.50908
u0012222:i0470752,7.50908
u0012222:i0478970,7.50908
u0012222:i0838221,7.50908
u0012222:i1392190,7.50908
u0012222:i1748122,7.50908
u0012222:i1964418,7.50908
u0012222:i2278388,7.50908
u0012222:i2395427,7.50908
u0012222:i2820852,7.50908
u0012238:i1020072,7.29214
u0012238:i1398426,7.29214
u0012238:i2179136,7.29214
u0012238:i2713180,7.29214
u0012238:i2872718,7.29214
u0012260:i0470752,7.54
u0012260:i1392190,7.54
u0012260:i1964418,7.54
u0012260:i2395427,7.54
u0012269:i0281358,7.50908
u0012269:i0332280,7.50908
u0012269:i1041829,7.50908
u0012269:i1055292,7.50908
u0012269:i1142988,7.50908
u0012269:i1606389,7.50908
u0012269:i1702439,7.50908
u0012269:i1922777,7.50908
u0012269:i2184339,7.50908
u0012269:i2226417,7.50908
u0012269:i3195644,7.50908
u0012281:i0050083,7.98757
u0012281:i0246578,7.98757
u0012281:i0816692,7.98757
u0012281:i2562232,7.98757
u0012281:i2582802,7.98757
u0012281:i2820852,7.98757
u0012281:i2872718,7.98757
u0012314:i0085615,7.5162
u0012314:i0816692,7.5162
u0012314:i1726592,7.5162
u0012314:i1772288,7.5162
u0012314:i2268732,7.5162
u0012314:i2305051,7.5162
u0012314:i2473794,7.5162
u0012314:i2669336,7.5162
u0012318:i0050986,8.5991
u0012318:i0259711,8.5991
u0012318:i0467200,8.5991
u0012318:i1130884,8.5991
u0012318:i1568346,8.5991
u0012318:i2084970,8.5991
u0012318:i2883512,8.5991
u0012318:i3042408,8.5991
u0012318:i3863552,8.5991
u0012324:i0117631,4.65819
u0012324:i0180073,5.91258
u0012324:i1255953,4.64011
u0012346:i0064757,7.81143
u0012346:i0111503,7.81143
u0012346:i0369610,7.81143
u0012346:i0478970,7.81143
u0012346:i1392190,7.81143
u0012346:i1638355,7.81143
u0012346:i1823672,7.81143
u0012346:i1964418,7.81143
u0012346:i2084970,7.81143
u0012346:i2096673,7.81143
u0012346:i2381249,7.81143
u0012346:i2820852,7.81143
u0012354:i0369610,6.3356
u0012354:i0470752,6.54492
u0012354:i2268016,6.0744
u0012354:i2561572,6.41069
u0012354:i3713166,5.99768
u0012355:i0478970,7.09625
u0012355:i1121096,7.09625
u0012355:i1392190,7.09625
u0012355:i1398426,7.09625
u0012355:i1674771,7.09625
u0012355:i2096673,7.09625
u0012355:i2381249,7.09625
u0012355:i2395427,7.09625
u0012355:i2751310,7.09625
u0012355:i2918436,7.09625
u0012373:i0105236,5.12018
u0012373:i0120434,2.54424
u0012373:i0120891,5.04042
u0012373:i0181875,6.05988
u0012373:i0369610,6.34249
u0012373:i0478970,6.07443
u0012373:i0800080,5.68432
u0012373:i1045658,5.86261
u0012373:i1109624,6.54658
u0012373:i1371150,6.6718
u0012373:i1477076,6.1676
u0012373:i1567437,7.08574
u0012373:i1674771,6.25826
u0012373:i1780798,6.79003
u0012373:i1823672,6.61552
u0012373:i1964418,6.28202
u0012373:i2126355,6.52154
u0012373:i2170439,6.49659
u0012373:i2179116,6.19366
u0012373:i2179136,6.66671
u0012373:i2245084,6.72425
u0012373:i2267998,6.14008
u0012373:i2562232,6.5935
u0012373:i2582802,6.57511
u0012373:i2637294,6.7404
u0012373:i2788710,6.58206
u0012373:i2820852,6.30521
u0012373:i3203616,6.10199
u0012379:i0100935,3.66647
u0012379:i0338013,5.00048
u0012379:i0978759,0
u0012379:i2018086,3.96299
u0012379:i2718492,6.72698
u0012408:i1340138,7.92598
u0012408:i2267998,7.92598
u0012408:i2395427,7.92598
u0012408:i2562232,7.92598
u0012408:i2582846,7.92598
u0012408:i2802144,7.92598
u0012408:i2872718,7.92598
u0012408:i2911666,7.92598
u0012409:i0102070,7.67
u0012409:i0119008,7.67
u0012409:i0120184,7.67
u0012409:i0120863,7.67
u0012409:i0167260,7.67
u0012409:i0200465,7.67
u0012409:i0208092,7.67
u0012409:i0211938,7.67
u0012409:i0237572,7.67
u0012409:i0293662,7.67
u0012409:i0330793,7.67
u0012409:i0357413,7.67
u0012409:i0369610,7.67
u0012409:i0443706,7.67
u0012409:i0452623,7.67
u0012409:i0458339,7.67
u0012409:i0758746,7.67
u0012409:i0795351,7.67
u0012409:i0808151,7.67
u0012409:i0816692,7.67
u0012409:i0829482,7.67
u0012409:i0892767,7.67
u0012409:i0892769,7.67
u0012409:i1049413,7.67
u0012409:i1121096,7.67
u0012409:i1219289,7.67
u0012409:i1243974,7.67
u0012409:i1340800,7.67
u0012409:i1375670,7.67
u0012409:i1403865,7.67
u0012409:i1421361,7.67
u0012409:i1517260,7.67
u0012409:i1536044,7.67
u0012409:i1631867,7.67
u0012409:i1646971,7.67
u0012409:i1823672,7.67
u0012409:i1840309,7.67
u0012409:i1922685,7.67
u0012409:i1935179,7.67
u0012409:i1939659,7.67
u0012409:i2179136,7.67
u0012409:i2381335,7.67
u0012409:i2395427,7.67
u0012409:i2446042,7.67
u0012409:i2802144,7.67
u0012409:i2866360,7.67
u0012409:i2883512,7.67
u0012421:i0076210,8.64
u0012421:i0091499,8.64
u0012421:i0116367,8.64
u0012421:i0116583,8.64
u0012421:i0117342,8.64
u0012421:i0118617,8.64
u0012421:i0119282,8.64
u0012421:i0120794,8.64
u0012421:i0275847,8.64
u0012421:i0323120,8.64
u0012421:i0369610,8.64
u0012421:i1959490,8.64
u0012421:i2295722,8.64
u0012421:i2401097,8.64
u0012421:i4189442,8.64
u0012430:i0034810,7.92598
u0012430:i0035940,7.92598
u0012430:i0037515,7.92598
u0012430:i0037611,7.92598
u0012430:i0037632,7.92598
u0012430:i0038458,7.92598
u0012430:i0038854,7.92598
u0012430:i0039410,7.92598
u0012430:i0041790,7.92598
u0012430:i0042206,7.92598
u0012430:i0045009,7.92598
u0012430:i0066050,7.92598
u0012430:i2967224,7.92598
u0012434:i1485749,7.92598
u0012434:i2387513,7.92598
u0012434:i3134422,7.92598
u0012440:i0232500,6.89727
u0012440:i0369610,6.89727
u0012440:i1179031,6.89727
u0012440:i1392170,6.89727
u0012440:i1596343,6.89727
u0012440:i1817273,6.89727
u0012440:i1905041,6.89727
u0012440:i1951264,6.89727
u0012440:i1951265,6.89727
u0012440:i1981677,6.89727
u0012440:i2170593,6.89727
u0012440:i2322441,6.89727
u0012440:i2402085,6.89727
u0012440:i2515034,6.89727
u0012440:i2582802,6.89727
u0012440:i2637276,6.89727
u0012440:i2717822,6.89727
u0012440:i2758904,6.89727
u0012440:i2788716,6.89727
u0012440:i2848292,6.89727
u0012440:i2920808,6.89727
u0012440:i3125324,6.89727
u0012440:i3152624,6.89727
u0012440:i3850214,6.89727
u0012440:i4044364,6.89727
u0012440:i4229236,6.89727
u0012440:i4257858,6.89727
u0012446:i0985699,8.03409
u0012446:i1798684,8.03409
u0012446:i1809398,8.03409
u0012446:i2084970,8.03409
u0012446:i2234155,8.03409
u0012446:i2562232,8.03409
u0012446:i2567712,8.03409
u0012446:i2582802,8.03409
u0012446:i2788710,8.03409
u0012446:i2872718,8.03409
u0012446:i3007512,8.03409
u0012463:i0055618,7.34963
u0012463:i0079501,7.34963
u0012463:i0113824,7.34963
u0012463:i0369610,7.34963
u0012463:i0454876,7.34963
u0012463:i0455944,7.34963
u0012463:i0470752,7.34963
u0012463:i0478970,7.34963
u0012463:i0831387,7.34963
u0012463:i0898367,7.34963
u0012463:i1172233,7.34963
u0012463:i1291150,7.34963
u0012463:i1306980,7.34963
u0012463:i1490017,7.34963
u0012463:i1533053,7.34963
u0012463:i1543286,7.34963
u0012463:i1571249,7.34963
u0012463:i1631867,7.34963
u0012463:i1659337,7.34963
u0012463:i1798709,7.34963
u0012463:i1877832,7.34963
u0012463:i1951265,7.34963
u0012463:i1959490,7.34963
u0012463:i2015381,7.34963
u0012463:i2043933,7.34963
u0012463:i2096673,7.34963
u0012463:i2103254,7.34963
u0012463:i2170593,7.34963
u0012463:i2294449,7.34963
u0012463:i2334649,7.34963
u0012463:i2395427,7.34963
u0012463:i2402603,7.34963
u0012463:i3063462,7.34963
u0012463:i3079380,7.34963
u0012463:i3442006,7.34963
u0012471:i0790636,6.42812
u0012471:i1821549,5.68135
u0012471:i2465578,6.89679
u0012492:i0369610,6.34939
u0012492:i0478970,6.08452
u0012492:i1798684,6.00987
u0012492:i1980929,6.17859
u0012492:i2637276,5.84165
u0012496:i0470752,7.92598
u0012496:i1100089,7.92598
u0012496:i2179136,7.92598
u0012496:i2395427,7.92598
u0012515:i0470752,6.55622
u0012515:i1392190,6.15259
u0012515:i1674771,6.31316
u0012515:i1826730,3.48111
u0012515:i2096673,6.38969
u0012515:i2231253,6.32587
u0012515:i2532528,5.02235
u0012515:i2545118,6.51006
u0012515:i2562232,6.60047
u0012515:i2872718,6.61235
u0012515:i3181178,0
u0012515:i4257858,7.21909
u0012515:i4382552,5.48188
u0012515:i4503900,4.77691
u0012537:i0369610,7.50908
u0012537:i1964418,7.50908
u0012537:i2096673,7.50908
u0012537:i2224026,7.50908
u0012537:i2245084,7.50908
u0012537:i3620418,7.50908
u0012545:i1014763,5.94282
u0012545:i1841642,5.76774
u0012545:i3398268,6.23607
u0012596:i0106677,3.89018
u0012596:i0117951,5.09262
u0012596:i0120769,0
u0012596:i0134119,6.08171
u0012596:i1244754,5.78324
u0012596:i1935179,5.44183
u0012596:i1980929,6.24164
u0012596:i2024469,5.87839
u0012600:i0180093,5.49783
u0012600:i1424797,4.17687
u0012600:i2752688,6.75886
u0012614:i0080678,6.38066
u0012614:i1392190,6.15779
u0012614:i2126355,6.54199
u0012614:i2802144,6.40396
u0012615:i0110912,4.79641
u0012615:i0114369,4.35792
u0012615:i0425112,5.83933
u0012615:i1243957,4.81035
u0012635:i0029583,7.60697
u0012635:i0053285,7.60697
u0012635:i0101414,7.60697
u0012635:i0109830,7.60697
u0012635:i0119217,7.60697
u0012635:i0416449,7.60697
u0012635:i0997152,7.60697
u0012635:i1327773,7.60697
u0012635:i1408101,7.60697
u0012635:i1731141,7.60697
u0012635:i1840309,7.60697
u0012635:i1872181,7.60697
u0012635:i1872194,7.60697
u0012635:i1924435,7.60697
u0012635:i1951265,7.60697
u0012635:i2167202,7.60697
u0012635:i2582846,7.60697
u0012648:i1392190,7.34789
u0012648:i2395427,7.34789
u0012648:i2562232,7.34789
u0012649:i1065073,6.44447
u0012649:i2024469,5.97974
u0012649:i2305051,6.91211
u0012649:i2473602,5.99584
u0012649:i3630276,6.7827
u0012707:i0369610,8.04121
u0012707:i2322441,8.04121
u0012707:i2395427,8.04121
u0012707:i2820852,8.04121
u0012707:i2980516,8.04121
u0012709:i0470752,6.56755
u0012709:i1247690,5.37145
u0012709:i1294688,4.47284
u0012709:i1951265,6.73235
u0012709:i2024519,5.52992
u0012709:i2245084,6.73859
u0012709:i2446042,6.68977
u0012734:i0075860,7.34963
u0012734:i0078748,7.34963
u0012734:i0088247,7.34963
u0012734:i0111686,7.34963
u0012734:i0117571,7.34963
u0012734:i0167404,7.34963
u0012734:i0209958,7.34963
u0012734:i1321511,7.34963
u0012734:i1392190,7.34963
u0012734:i1592281,7.34963
u0012734:i1605717,7.34963
u0012734:i1670345,7.34963
u0012734:i1704573,7.34963
u0012734:i1783732,7.34963
u0012734:i1788391,7.34963
u0012734:i1791528,7.34963
u0012734:i1984153,7.34963
u0012734:i2267998,7.34963
u0012734:i2330322,7.34963
u0012734:i2339741,7.34963
u0012734:i2359024,7.34963
u0012734:i2375574,7.34963
u0012734:i2383068,7.34963
u0012734:i2562232,7.34963
u0012734:i2582802,7.34963
u0012734:i2692904,7.34963
u0012734:i2788710,7.34963
u0012734:i2793490,7.34963
u0012734:i2872718,7.34963
u0012734:i3235888,7.34963
u0012734:i3395184,7.34963
u0012734:i3416742,7.34963
u0012734:i3504048,7.34963
u0012734:i3630276,7.34963
u0012734:i3713166,7.34963
u0012740:i1020072,6.98543
u0012740:i1392190,6.16299
u0012740:i2179136,6.67389
u0012740:i2395427,6.57688
u0012799:i0470752,6.89727
u0012799:i1100089,6.89727
u0012799:i1121096,6.89727
u0012799:i1392190,6.89727
u0012799:i1600196,6.89727
u0012799:i1823672,6.89727
u0012799:i1840309,6.89727
u0012799:i1872194,6.89727
u0012799:i1951265,6.89727
u0012799:i2084970,6.89727
u0012799:i2170439,6.89727
u0012799:i2199571,6.89727
u0012799:i2395427,6.89727
u0012799:i2582802,6.89727
u0012799:i2713180,6.89727
u0012799:i2911666,6.89727
u0012799:i3007512,6.89727
u0012799:i3090252,6.89727
u0012811:i0033467,7.50908
u0012811:i1791528,7.50908
u0012811:i2084970,7.50908
u0012811:i2172584,7.50908
u0012811:i2278388,7.50908
u0012811:i2305051,7.50908
u0012811:i2562232,7.50908
u0012811:i3169706,7.50908
u0012860:i0470752,7.60697
u0012860:i1065073,7.60697
u0012860:i1392190,7.60697
u0012860:i1524930,7.60697
u0012860:i1617661,7.60697
u0012860:i2126355,7.60697
u0012860:i2322441,7.60697
u0012860:i2395427,7.60697
u0012860:i2582846,7.60697
u0012860:i2802144,7.60697
u0012860:i3316960,7.60697
u0012869:i1772288,7.35512
u0012869:i1809398,7.35512
u0012869:i2884206,7.35512
u0012880:i0068805,7.50908
u0012880:i0069191,7.50908
u0012880:i0455944,7.50908
u0012880:i0490204,7.50908
u0012880:i1126590,7.50908
u0012880:i1340138,7.50908
u0012880:i1568343,7.50908
u0012880:i1595656,7.50908
u0012880:i1921149,7.50908
u0012880:i2034031,7.50908
u0012880:i2039393,7.50908
u0012880:i2179136,7.50908
u0012880:i2245084,7.50908
u0012880:i2267998,7.50908
u0012880:i2305051,7.50908
u0012880:i2376218,7.50908
u0012880:i2562232,7.50908
u0012880:i2758880,7.50908
u0012880:i2802144,7.50908
u0012880:i2994190,7.50908
u0012880:i3007512,7.50908
u0012880:i3045616,7.50908
u0012880:i3283556,7.50908
u0012880:i3316960,7.50908
u0012945:i0111161,4.07313
u0012945:i0268978,4.61465
u0012945:i0993846,5.70469
u0012945:i1343092,4.26733
u0012945:i2179136,6.68107
u0012945:i4332114,5.89467
u0012962:i0280590,7.34789
u0012962:i1392190,7.34789
u0012962:i2395427,7.34789
u0012962:i2614684,7.34789
u0012962:i2692904,7.34789
u0012962:i2725962,7.34789
u0012966:i0053291,6.92688
u0012966:i0196229,6.92688
u0012966:i0388500,6.92688
u0012966:i1343092,6.92688
u0012966:i1637725,6.92688
u0012966:i1939659,6.92688
u0012975:i0120735,3.39373
u0012975:i0816692,5.97259
u0012975:i1392190,6.1682
u0012979:i1392190,7.92598
u0012979:i1655441,7.92598
u0012979:i2084970,7.92598
u0012979:i2179136,7.92598
u0012979:i2368749,7.92598
u0012979:i2381249,7.92598
u0012979:i2381941,7.92598
u0012979:i2395427,7.92598
u0012979:i2582802,7.92598
u0012979:i2820852,7.92598
u0012979:i2872718,7.92598
u0012979:i2980516,7.92598
u0012979:i3011894,7.92598
u0012994:i0816692,7.60697
u0012994:i1234719,7.60697
u0012994:i1921064,7.60697
u0012994:i2109248,7.60697
u0012994:i2339741,7.60697
u0012994:i2820852,7.60697
u0013016:i1136608,6.94242
u0013016:i1649444,6.94242
u0013016:i2015381,6.94242
u0013016:i2820852,6.94242
u0013037:i1966566,8.27727
u0013037:i2193418,8.27727
u0013037:i2209764,8.27727
u0013037:i2302755,8.27727
u0013046:i0042192,7.67
u0013046:i0054698,7.67
u0013046:i0118715,7.67
u0013046:i0120647,7.67
u0013046:i0120889,7.67
u0013046:i0362478,7.67
u0013046:i0365907,7.67
u0013046:i0369610,7.67
u0013046:i0376541,7.67
u0013046:i0413099,7.67
u0013046:i0470752,7.67
u0013046:i0887912,7.67
u0013046:i1020072,7.67
u0013046:i1340138,7.67
u0013046:i1371150,7.67
u0013046:i1392190,7.67
u0013046:i1528100,7.67
u0013046:i1748122,7.67
u0013046:i1781922,7.67
u0013046:i1790864,7.67
u0013046:i1798684,7.67
u0013046:i1823672,7.67
u0013046:i1872194,7.67
u0013046:i1951265,7.67
u0013046:i1964418,7.67
u0013046:i2024469,7.67
u0013046:i2039393,7.67
u0013046:i2084970,7.67
u0013046:i2096673,7.67
u0013046:i2097298,7.67
u0013046:i2179136,7.67
u0013046:i2199571,7.67
u0013046:i2261331,7.67
u0013046:i2376218,7.67
u0013046:i2381249,7.67
u0013046:i2381941,7.67
u0013046:i2395427,7.67
u0013046:i2397535,7.67
u0013046:i2404425,7.67
u0013046:i2446042,7.67
u0013046:i2473602,7.67
u0013046:i2509850,7.67
u0013046:i2562232,7.67
u0013046:i2582802,7.67
u0013046:i2692250,7.67
u0013046:i2713180,7.67
u0013046:i2726560,7.67
u0013046:i2802144,7.67
u0013046:i2872718,7.67
u0013046:i2872732,7.67
u0013046:i2883434,7.67
u0013046:i2911666,7.67
u0013046:i2980516,7.67
u0013046:i3316960,7.67
u0013046:i3416742,7.67
u0013054:i0085127,7.39347
u0013054:i0110598,7.39347
u0013054:i0470752,7.39347
u0013054:i1172570,7.39347
u0013054:i1392190,7.39347
u0013054:i1454468,7.39347
u0013054:i2404738,7.39347
u0013054:i2535470,7.39347
u0013054:i2557490,7.39347
u0013054:i2637276,7.39347
u0013054:i2802144,7.39347
u0013056:i1224373,7.55074
u0013056:i1433811,7.55074
u0013056:i2844798,7.55074
u0013056:i3235888,7.55074
u0013065:i0083929,4.68635
u0013065:i0084805,4.11927
u0013065:i0092005,5.61845
u0013065:i0095953,6.36027
u0013065:i0097441,6.13093
u0013065:i0104952,5.08531
u0013065:i0110413,4.15468
u0013065:i0116695,5.39002
u0013065:i0118799,4.85528
u0013065:i0120891,5.8805
u0013065:i0208092,5.46173
u0013065:i0338751,5.80632
u0013065:i0375063,5.80553
u0013065:i0388795,5.58781
u0013065:i0405159,5.19212
u0013065:i0765429,4.75915
u0013065:i0840361,5.08187
u0013065:i0887912,6.31243
u0013065:i1024648,4.52016
u0013065:i1798684,6.03246
u0013065:i1843866,6.1101
u0013065:i2582802,6.58237
u0013065:i2637276,5.86474
u0013065:i2883512,6.42947
u0013110:i0120611,4.52063
u0013110:i0187738,6.00257
u0013110:i0478970,6.09463
u0013110:i0884732,6.36271
u0013110:i1638355,6.21066
u0013110:i2004420,6.67091
u0013110:i2199571,6.06018
u0013110:i2231253,6.39615
u0013110:i2261331,5.87682
u0013110:i2381249,6.21317
u0013110:i2381941,6.53055
u0013110:i2717822,6.4561
u0013110:i2802144,6.41001
u0013110:i2820852,6.31352
u0013110:i2872732,6.29632
u0013110:i2908446,6.17977
u0013150:i0068646,7.60697
u0013150:i0071562,7.60697
u0013150:i0076759,7.60697
u0013150:i0080684,7.60697
u0013150:i0083658,7.60697
u0013150:i0086190,7.60697
u0013150:i0087277,7.60697
u0013150:i0101393,7.60697
u0013150:i0105112,7.60697
u0013150:i0106918,7.60697
u0013150:i0112573,7.60697
u0013150:i0121766,7.60697
u0013150:i0273923,7.60697
u0013150:i0327056,7.60697
u0013150:i0348150,7.60697
u0013150:i0369610,7.60697
u0013150:i0458481,7.60697
u0013150:i0478970,7.60697
u0013150:i0985699,7.60697
u0013150:i1020072,7.60697
u0013150:i1100089,7.60697
u0013150:i1340138,7.60697
u0013150:i1392190,7.60697
u0013150:i1412386,7.60697
u0013150:i1430612,7.60697
u0013150:i1502712,7.60697
u0013150:i1570728,7.60697
u0013150:i1602613,7.60697
u0013150:i1638355,7.60697
u0013150:i1659337,7.60697
u0013150:i1711425,7.60697
u0013150:i1714206,7.60697
u0013150:i1742334,7.60697
u0013150:i1798684,7.60697
u0013150:i1809398,7.60697
u0013150:i1823672,7.60697
u0013150:i2039393,7.60697
u0013150:i2126355,7.60697
u0013150:i2170593,7.60697
u0013150:i2179136,7.60697
u0013150:i2312718,7.60697
u0013150:i2381941,7.60697
u0013150:i2395427,7.60697
u0013150:i2446042,7.60697
u0013150:i2515034,7.60697
u0013150:i2555736,7.60697
u0013150:i2582802,7.60697
u0013150:i2637276,7.60697
u0013150:i2788710,7.60697
u0013150:i2802144,7.60697
u0013150:i2820852,7.60697
u0013150:i2908446,7.60697
u0013150:i2911666,7.60697
u0013150:i3007512,7.60697
u0013150:i3079380,7.60697
u0013150:i3195644,7.60697
u0013150:i3713166,7.60697
u0013150:i4282866,7.60697
u0013150:i4396932,7.60697
u0013166:i0816692,5.98125
u0013166:i1267297,5.53379
u0013166:i1392190,6.17342
u0013166:i2802144,6.41606
u0013173:i0211915,7.67
u0013173:i0396171,7.67
u0013173:i1028532,7.67
u0013173:i2395427,7.67
u0013173:i3045616,7.67
u0013177:i0086250,7.92598
u0013177:i0365907,7.92598
u0013177:i0455944,7.92598
u0013177:i1188996,7.92598
u0013177:i1216491,7.92598
u0013177:i1418754,7.92598
u0013177:i1462758,7.92598
u0013177:i1528100,7.92598
u0013177:i1850397,7.92598
u0013177:i1872194,7.92598
u0013177:i1942989,7.92598
u0013177:i1945084,7.92598
u0013177:i2199571,7.92598
u0013177:i2397535,7.92598
u0013177:i2446042,7.92598
u0013177:i2713180,7.92598
u0013177:i2788710,7.92598
u0013177:i2911666,7.92598
u0013177:i2980592,7.92598
u0013190:i1356864,7.9033
u0013190:i2084970,7.9033
u0013190:i2872718,7.9033
u0013227:i0071853,7.6858
u0013227:i0209144,7.6858
u0013227:i0468569,7.6858
u0013227:i0802948,7.6858
u0013227:i1198156,7.6858
u0013227:i1371150,7.6858
u0013227:i1567437,7.6858
u0013227:i1675434,7.6858
u0013227:i1726592,7.6858
u0013227:i1809398,7.6858
u0013227:i1972779,7.6858
u0013227:i2238050,7.6858
u0013227:i2316411,7.6858
u0013227:i2381941,7.6858
u0013227:i2474024,7.6858
u0013227:i2911666,7.6858
u0013227:i3042408,7.6858
u0013227:i3316960,7.6858
u0013272:i0077416,7.70059
u0013272:i0095953,7.70059
u0013272:i0352248,7.70059
u0013272:i0365748,7.70059
u0013272:i2278388,7.70059
u0013272:i2562232,7.70059
u0013272:i2872718,7.70059
u0013292:i1528100,7.645
u0013292:i2084970,7.645
u0013292:i2310332,7.645
u0013292:i2395427,7.645
u0013292:i2397535,7.645
u0013294:i1392190,7.67
u0013294:i2582802,7.67
u0013294:i2802144,7.67
u0013294:i2883512,7.67
u0013298:i0117802,7.41959
u0013298:i0246578,7.41959
u0013298:i1663662,7.41959
u0013298:i2872718,7.41959
u0013298:i3322940,7.41959
u0013312:i0837562,7.60697
u0013312:i1371150,7.60697
u0013312:i1392190,7.60697
u0013312:i1408253,7.60697
u0013312:i1502712,7.60697
u0013312:i1646971,7.60697
u0013312:i2101473,7.60697
u0013312:i2103254,7.60697
u0013312:i2293640,7.60697
u0013312:i2333784,7.60697
u0013312:i2369135,7.60697
u0013312:i2395427,7.60697
u0013312:i2404425,7.60697
u0013312:i2562232,7.60697
u0013312:i2788710,7.60697
u0013312:i2911666,7.60697
u0013312:i4257858,7.60697
u0013322:i0325980,6.69184
u0013322:i0462504,6.69184
u0013322:i0470752,6.69184
u0013322:i1155056,6.69184
u0013322:i1549572,6.69184
u0013322:i1798684,6.69184
u0013322:i2170439,6.69184
u0013322:i2402101,6.69184
u0013322:i2562232,6.69184
u0013353:i0419677,6.88081
u0013353:i1065073,6.88081
u0013353:i1109624,6.88081
u0013353:i1823672,6.88081
u0013353:i2224026,6.88081
u0013353:i2245084,6.88081
u0013353:i2267998,6.88081
u0013353:i2395427,6.88081
u0013353:i2436386,6.88081
u0013353:i2637276,6.88081
u0013353:i2669336,6.88081
u0013353:i2872718,6.88081
u0013358:i2061712,7.67
u0013358:i2096673,7.67
u0013358:i2562232,7.67
u0013367:i1850397,7.7768
u0013367:i2179136,7.7768
u0013367:i2802154,7.7768
u0013371:i0052722,6.70622
u0013371:i0058331,6.70622
u0013371:i0061715,6.70622
u0013371:i0066728,6.70622
u0013371:i0066817,6.70622
u0013371:i0071671,6.70622
u0013371:i0317705,6.70622
u0013371:i1047011,6.70622
u0013371:i1065073,6.70622
u0013371:i1528100,6.70622
u0013371:i1646971,6.70622
u0013371:i1823672,6.70622
u0013371:i1924435,6.70622
u0013371:i2203939,6.70622
u0013371:i2245084,6.70622
u0013371:i2692250,6.70622
u0013371:i2802144,6.70622
u0013373:i1392190,7.60697
u0013373:i1567437,7.60697
u0013373:i2170593,7.60697
u0013373:i2420756,7.60697
u0013373:i2582802,7.60697
u0013381:i0039768,6.54643
u0013381:i0043511,6.54643
u0013381:i0044837,6.54643
u0013381:i0046511,6.54643
u0013381:i0053579,6.54643
u0013381:i0058458,6.54643
u0013381:i0104467,6.54643
u0013381:i0286179,6.54643
u0013381:i1126590,6.54643
u0013381:i1392190,6.54643
u0013381:i1683526,6.54643
u0013381:i2279373,6.54643
u0013381:i2333804,6.54643
u0013381:i2576852,6.54643
u0013381:i2872750,6.54643
u0013381:i3104930,6.54643
u0013381:i4229236,6.54643
u0013385:i0414387,5.22601
u0013385:i0485947,4.75609
u0013385:i0783233,3.75633
u0013385:i0816692,5.98992
u0013385:i1294688,4.92012
u0013385:i1638002,5.23538
u0013385:i1781769,4.64978
u0013385:i1877832,5.88231
u0013385:i1980929,6.30533
u0013385:i2084970,6.43292
u0013385:i2096672,6.70814
u0013385:i2562232,6.60745
u0013385:i2582802,6.58963
u0013385:i2980516,6.6599
u0013385:i3316960,6.37648
u0013399:i0816692,5.9986
u0013399:i1666801,5.62259
u0013399:i1790864,6.12219
u0013414:i0112851,6.66396
u0013414:i0328832,6.66396
u0013414:i0338751,6.66396
u0013414:i0369610,6.66396
u0013414:i0378194,6.66396
u0013414:i0407304,6.66396
u0013414:i0816692,6.66396
u0013414:i0988045,6.66396
u0013414:i1291150,6.66396
u0013414:i1340800,6.66396
u0013414:i1453405,6.66396
u0013414:i1911658,6.66396
u0013414:i1971325,6.66396
u0013414:i2096673,6.66396
u0013414:i2109248,6.66396
u0013414:i2126355,6.66396
u0013414:i2174896,6.66396
u0013414:i2381249,6.66396
u0013414:i2382298,6.66396
u0013414:i2557490,6.66396
u0013414:i2741216,6.66396
u0013414:i2752688,6.66396
u0013414:i2788710,6.66396
u0013414:i2937390,6.66396
u0013414:i2980516,6.66396
u0013414:i3122764,6.66396
u0013414:i4257858,6.66396
u0013414:i4283962,6.66396
u0013417:i0241303,7.645
u0013417:i0258463,7.645
u0013417:i0362227,7.645
u0013417:i0367959,7.645
u0013417:i0375679,7.645
u0013417:i1655441,7.645
u0013417:i2209418,7.645
u0013417:i2387513,7.645
u0013417:i2582802,7.645
u0013417:i2737050,7.645
u0013417:i2980516,7.645
u0013417:i3316960,7.645
u0013417:i4663992,7.645
u0013421:i0100157,6.96667
u0013421:i0119488,6.96667
u0013421:i0206634,6.96667
u0013421:i0265086,6.96667
u0013421:i0277027,6.96667
u0013421:i0986233,6.96667
u0013421:i2170593,6.96667
u0013421:i2245084,6.96667
u0013421:i2305051,6.96667
u0013421:i2338151,6.96667
u0013421:i2713180,6.96667
u0013421:i2802144,6.96667
u0013421:i2980516,6.96667
u0013421:i3235888,6.96667
u0013427:i0926762,7.10271
u0013427:i1321511,7.10271
u0013427:i2179136,7.10271
u0013427:i2872718,7.10271
u0013427:i2911666,7.10271
u0013449:i0107048,7.89127
u0013449:i0369610,7.89127
u0013449:i0389328,7.89127
u0013449:i0470752,7.89127
u0013449:i0787474,7.89127
u0013449:i0816692,7.89127
u0013449:i0829150,7.89127
u0013449:i0862856,7.89127
u0013449:i1121096,7.89127
u0013449:i1392190,7.89127
u0013449:i1403241,7.89127
u0013449:i1545660,7.89127
u0013449:i1617661,7.89127
u0013449:i1714915,7.89127
u0013449:i1764647,7.89127
u0013449:i2096672,7.89127
u0013449:i2096673,7.89127
u0013449:i2170593,7.89127
u0013449:i2180411,7.89127
u0013449:i2245084,7.89127
u0013449:i2262227,7.89127
u0013449:i2279373,7.89127
u0013449:i2321549,7.89127
u0013449:i2339741,7.89127
u0013449:i2395427,7.89127
u0013449:i2420756,7.89127
u0013449:i2436386,7.89127
u0013449:i2561572,7.89127
u0013449:i2562232,7.89127
u0013449:i2692250,7.89127
u0013449:i2713180,7.89127
u0013449:i2781516,7.89127
u0013449:i2799166,7.89127
u0013449:i2832470,7.89127
u0013449:i2918436,7.89127
u0013449:i3099498,7.89127
u0013449:i3253624,7.89127
u0013449:i3322940,7.89127
u0013449:i3416742,7.89127
u0013449:i3626804,7.89127
u0013454:i0816692,7.62401
u0013454:i2713180,7.62401
u0013454:i2872718,7.62401
u0013460:i0478970,6.81331
u0013460:i1306980,6.81331
u0013460:i1392190,6.81331
u0013460:i2084970,6.81331
u0013460:i2381249,6.81331
u0013460:i2395427,6.81331
u0013460:i2582802,6.81331
u0013460:i2631186,6.81331
u0013460:i2802144,6.81331
u0013460:i3079380,6.81331
u0013460:i3863552,6.81331
u0013472:i0112757,7.6741
u0013472:i0369610,7.6741
u0013472:i0478970,7.6741
u0013472:i2381249,7.6741
u0013472:i2381941,7.6741
u0013472:i2582802,7.6741
u0013472:i2820852,7.6741
u0013481:i0145681,6.51476
u0013481:i0369610,6.3563
u0013481:i1343092,4.40498
u0013481:i2126355,6.56249
u0013481:i3079380,6.04946
u0013481:i3195644,6.34947
u0013481:i3247714,6.20413
u0013523:i0470752,7.18193
u0013523:i0884732,7.18193
u0013523:i1014763,7.18193
u0013523:i1441953,7.18193
u0013523:i1617661,7.18193
u0013523:i1655441,7.18193
u0013523:i1666801,7.18193
u0013523:i1791528,7.18193
u0013523:i1791682,7.18193
u0013523:i1823672,7.18193
u0013523:i2179136,7.18193
u0013523:i2381941,7.18193
u0013523:i2395427,7.18193
u0013523:i2404425,7.18193
u0013523:i2446042,7.18193
u0013523:i2582802,7.18193
u0013523:i2802144,7.18193
u0013523:i2872750,7.18193
u0013523:i2911666,7.18193
u0013523:i2935476,7.18193
u0013523:i2937898,7.18193
u0013523:i3007512,7.18193
u0013523:i3442006,7.18193
u0013523:i3450650,7.18193
u0013523:i3713166,7.18193
u0013536:i1684558,7.92598
u0013536:i1699147,7.92598
u0013536:i2708254,7.92598
u0013536:i3675568,7.92598
u0013537:i0120863,6.96905
u0013537:i0351817,6.96905
u0013537:i0841925,6.96905
u0013537:i0903624,6.96905
u0013537:i1121096,6.96905
u0013537:i1170358,6.96905
u0013537:i1605717,6.96905
u0013537:i1865505,6.96905
u0013537:i2039393,6.96905
u0013537:i2140203,6.96905
u0013537:i2224026,6.96905
u0013537:i2278388,6.96905
u0013537:i2279373,6.96905
u0013537:i2305051,6.96905
u0013537:i2310332,6.96905
u0013537:i2325977,6.96905
u0013537:i2397535,6.96905
u0013537:i2404425,6.96905
u0013537:i2561572,6.96905
u0013537:i2567712,6.96905
u0013537:i2582802,6.96905
u0013537:i2582846,6.96905
u0013537:i2714900,6.96905
u0013537:i2802144,6.96905
u0013537:i2872718,6.96905
u0013537:i3205376,6.96905
u0013537:i3612616,6.96905
u0013537:i4080598,6.96905
u0013537:i4440036,6.96905
u0013542:i0111161,4.12341
u0013542:i0330793,6.08076
u0013542:i0478970,6.10475
u0013542:i1220719,2.76923
u0013542:i1661199,6.40904
u0013542:i2278388,6.24541
u0013542:i2395427,6.58401
u0013558:i0050083,6.99189
u0013558:i0079417,6.99189
u0013558:i0132477,6.99189
u0013558:i0246578,6.99189
u0013558:i0381849,6.99189
u0013558:i1210166,6.99189
u0013558:i1392190,6.99189
u0013558:i2084970,6.99189
u0013559:i0816692,7.67
u0013559:i1340107,7.67
u0013559:i1800241,7.67
u0013559:i1821593,7.67
u0013559:i2243189,7.67
u0013572:i0068646,7.18657
u0013572:i0071562,7.18657
u0013572:i0079073,7.18657
u0013572:i0079817,7.18657
u0013572:i0084602,7.18657
u0013572:i0088944,7.18657
u0013572:i0091369,7.18657
u0013572:i0099674,7.18657
u0013572:i0101414,7.18657
u0013572:i0106770,7.18657
u0013572:i0107290,7.18657
u0013572:i0109830,7.18657
u0013572:i0110475,7.18657
u0013572:i0111070,7.18657
u0013572:i0111503,7.18657
u0013572:i0116213,7.18657
u0013572:i0119567,7.18657
u0013572:i0163025,7.18657
u0013572:i0196229,7.18657
u0013572:i0216216,7.18657
u0013572:i0304669,7.18657
u0013572:i0317648,7.18657
u0013572:i0372784,7.18657
u0013572:i0415306,7.18657
u0013572:i0443453,7.18657
u0013572:i0454945,7.18657
u0013572:i0499549,7.18657
u0013572:i0795351,7.18657
u0013572:i0800320,7.18657
u0013572:i0816692,7.18657
u0013572:i0829150,7.18657
u0013572:i0974661,7.18657
u0013572:i0988595,7.18657
u0013572:i1033643,7.18657
u0013572:i1127180,7.18657
u0013572:i1314177,7.18657
u0013572:i1392214,7.18657
u0013572:i1487118,7.18657
u0013572:i1617661,7.18657
u0013572:i1661199,7.18657
u0013572:i1758595,7.18657
u0013572:i1809398,7.18657
u0013572:i1823672,7.18657
u0013572:i1881002,7.18657
u0013572:i1922777,7.18657
u0013572:i1981677,7.18657
u0013572:i2096672,7.18657
u0013572:i2103281,7.18657
u0013572:i2180411,7.18657
u0013572:i2234155,7.18657
u0013572:i2238050,7.18657
u0013572:i2294629,7.18657
u0013572:i2321549,7.18657
u0013572:i2338151,7.18657
u0013572:i2339741,7.18657
u0013572:i2446042,7.18657
u0013572:i2562232,7.18657
u0013572:i2692250,7.18657
u0013572:i2713180,7.18657
u0013572:i2788710,7.18657
u0013572:i2872718,7.18657
u0013572:i2911666,7.18657
u0013572:i3322940,7.18657
u0013572:i3398052,7.18657
u0013612:i0478970,7.50908
u0013612:i1398426,7.50908
u0013612:i3125324,7.50908
u0013641:i0075314,8.23673
u0013641:i0117951,8.23673
u0013641:i0169547,8.23673
u0013641:i0258000,8.23673
u0013641:i2273657,8.23673
u0013641:i2582802,8.23673
u0013641:i2656588,8.23673
u0013641:i2908446,8.23673
u0013651:i0053976,6.93534
u0013651:i0062711,6.93534
u0013651:i0078243,6.93534
u0013651:i0396171,6.93534
u0013651:i0470752,6.93534
u0013651:i1714915,6.93534
u0013651:i1991031,6.93534
u0013651:i2268458,6.93534
u0013651:i2326554,6.93534
u0013651:i2359024,6.93534
u0013651:i2640474,6.93534
u0013651:i2781516,6.93534
u0013651:i2784512,6.93534
u0013651:i2788710,6.93534
u0013651:i2866360,6.93534
u0013651:i3086442,6.93534
u0013651:i3235888,6.93534
u0013651:i3395184,6.93534
u0013651:i3416742,6.93534
u0013651:i3504048,6.93534
u0013651:i3520418,6.93534
u0013679:i0114369,4.40859
u0013679:i0945513,5.16492
u0013679:i1600196,6.69138
u0013679:i2884206,6.1158
u0013693:i0369610,7.89127
u0013693:i0478970,7.89127
u0013693:i1065073,7.89127
u0013693:i1340138,7.89127
u0013693:i1392190,7.89127
u0013693:i1398426,7.89127
u0013693:i1638355,7.89127
u0013693:i1674771,7.89127
u0013693:i1781922,7.89127
u0013693:i1791682,7.89127
u0013693:i1964418,7.89127
u0013693:i2140379,7.89127
u0013693:i2179136,7.89127
u0013693:i2199571,7.89127
u0013693:i2293640,7.89127
u0013693:i2381249,7.89127
u0013693:i2395427,7.89127
u0013693:i2561572,7.89127
u0013693:i2802144,7.89127
u0013693:i2820852,7.89127
u0013693:i3316948,7.89127
u0013693:i4178092,7.89127
u0013701:i1638355,7.03608
u0013701:i1823672,7.03608
u0013701:i1964418,7.03608
u0013714:i1708135,6.60854
u0013714:i2582802,6.59691
u0013714:i2717822,6.52132
u0013714:i2788710,6.60983
u0013714:i2802144,6.42212
u0013739:i0066921,7.67
u0013739:i0093560,7.67
u0013739:i0101368,7.67
u0013739:i0106246,7.67
u0013739:i0120915,7.67
u0013739:i0161083,7.67
u0013739:i0181875,7.67
u0013739:i0405296,7.67
u0013739:i0790636,7.67
u0013739:i0884732,7.67
u0013739:i1528071,7.67
u0013739:i1617661,7.67
u0013739:i1872194,7.67
u0013739:i2084970,7.67
u0013739:i2170593,7.67
u0013739:i2245084,7.67
u0013739:i2278388,7.67
u0013739:i2395427,7.67
u0013739:i2436386,7.67
u0013739:i2561572,7.67
u0013739:i2562232,7.67
u0013739:i2582802,7.67
u0013739:i2637294,7.67
u0013739:i2788710,7.67
u0013739:i2802144,7.67
u0013739:i2820852,7.67
u0013739:i2828996,7.67
u0013739:i2872732,7.67
u0013739:i2883512,7.67
u0013739:i2911666,7.67
u0013739:i2937898,7.67
u0013739:i3322940,7.67
u0013786:i0099700,6.3557
u0013786:i0369610,6.3557
u0013786:i1204977,6.3557
u0013786:i1347521,6.3557
u0013786:i1392190,6.3557
u0013786:i1441912,6.3557
u0013786:i1528071,6.3557
u0013786:i1780798,6.3557
u0013786:i1790864,6.3557
u0013786:i1823672,6.3557
u0013786:i2024519,6.3557
u0013786:i2109248,6.3557
u0013786:i2122313,6.3557
u0013786:i2309961,6.3557
u0013786:i2991296,6.3557
u0013786:i3079380,6.3557
u0013799:i0075314,7.29028
u0013799:i0083658,7.29028
u0013799:i0119008,7.29028
u0013799:i0470752,7.29028
u0013799:i0770828,7.29028
u0013799:i0816692,7.29028
u0013799:i1602620,7.29028
u0013799:i1655442,7.29028
u0013799:i1656190,7.29028
u0013799:i2357129,7.29028
u0013799:i2377396,7.29028
u0013799:i2406252,7.29028
u0013799:i2883512,7.29028
u0013805:i0090728,7.89127
u0013805:i0369610,7.89127
u0013805:i0478970,7.89127
u0013805:i0938347,7.89127
u0013805:i1013743,7.89127
u0013805:i1065073,7.89127
u0013805:i1100089,7.89127
u0013805:i1571249,7.89127
u0013805:i1617661,7.89127
u0013805:i1626146,7.89127
u0013805:i1720172,7.89127
u0013805:i1767354,7.89127
u0013805:i2170593,7.89127
u0013805:i2179136,7.89127
u0013805:i2321549,7.89127
u0013805:i2387433,7.89127
u0013805:i2395427,7.89127
u0013805:i2402603,7.89127
u0013805:i2459156,7.89127
u0013805:i2508258,7.89127
u0013805:i2582802,7.89127
u0013805:i2652092,7.89127
u0013805:i2784512,7.89127
u0013805:i2848292,7.89127
u0013805:i2872732,7.89127
u0013805:i2910508,7.89127
u0013805:i2911666,7.89127
u0013805:i3169706,7.89127
u0013812:i0347149,6.34862
u0013812:i2802144,6.34862
u0013812:i2980516,6.34862
u0013828:i0086879,4.73662
u0013828:i0097937,5.9546
u0013828:i0118799,5.0119
u0013828:i0264464,4.7858
u0013828:i0443543,3.9099
u0013828:i0455590,5.91921
u0013828:i0816442,6.18138
u0013828:i2084970,6.43959
u0013828:i2106476,5.54817
u0013828:i2562232,6.61444
u0013828:i2980516,6.66878
u0013845:i0080365,7.92598
u0013845:i0116225,7.92598
u0013845:i0369610,7.92598
u0013845:i0455944,7.92598
u0013845:i0470752,7.92598
u0013845:i1340138,7.92598
u0013845:i1375666,7.92598
u0013845:i1392190,7.92598
u0013845:i1528100,7.92598
u0013845:i1587310,7.92598
u0013845:i1872194,7.92598
u0013845:i1999192,7.92598
u0013845:i2179136,7.92598
u0013845:i2267998,7.92598
u0013845:i2310332,7.92598
u0013845:i2395427,7.92598
u0013852:i0816692,7.14729
u0013852:i1392190,7.14729
u0013852:i2084970,7.14729
u0013852:i2395427,7.14729
u0013852:i2980516,7.14729
u0013874:i0070047,7.60697
u0013874:i0088763,7.60697
u0013874:i0120689,7.60697
u0013874:i0265086,7.60697
u0013874:i0309698,7.60697
u0013874:i0358273,7.60697
u0013874:i0375063,7.60697
u0013874:i0381061,7.60697
u0013874:i0382625,7.60697
u0013874:i0478970,7.60697
u0013874:i0870111,7.60697
u0013874:i1020072,7.60697
u0013874:i1109624,7.60697
u0013874:i1126590,7.60697
u0013874:i1333667,7.60697
u0013874:i1613750,7.60697
u0013874:i1617661,7.60697
u0013874:i1661199,7.60697
u0013874:i1674771,7.60697
u0013874:i1823672,7.60697
u0013874:i1964418,7.60697
u0013874:i2084970,7.60697
u0013874:i2096673,7.60697
u0013874:i2097298,7.60697
u0013874:i2293640,7.60697
u0013874:i2381249,7.60697
u0013874:i2562232,7.60697
u0013874:i2582802,7.60697
u0013874:i2802144,7.60697
u0013874:i3233418,7.60697
u0013910:i0243655,7.045
u0013910:i0369610,7.045
u0013910:i0470752,7.045
u0013910:i0816692,7.045
u0013910:i1340138,7.045
u0013910:i1392190,7.045
u0013910:i1956620,7.045
u0013910:i2179136,7.045
u0013910:i2278388,7.045
u0013910:i2381941,7.045
u0013910:i2395427,7.045
u0013910:i2713180,7.045
u0013910:i2802144,7.045
u0013910:i2820852,7.045
u0013910:i2911666,7.045
u0013910:i3149640,7.045
u0013910:i3713166,7.045
u0013911:i1617661,7.81653
u0013911:i1872194,7.81653
u0013911:i2179136,7.81653
u0013911:i2381941,7.81653
u0013911:i2438644,7.81653
u0013911:i2872718,7.81653
u0013925:i0071230,7.41563
u0013925:i0203009,7.41563
u0013925:i0369610,7.41563
u0013925:i1340138,7.41563
u0013925:i1392190,7.41563
u0013925:i1823672,7.41563
u0013925:i2096673,7.41563
u0013925:i2395427,7.41563
u0013925:i2802144,7.41563
u0013925:i2820852,7.41563
u0013925:i3235888,7.41563
u0013925:i3472226,7.41563
u0013947:i0045848,7.16911
u0013947:i0435651,7.16911
u0013947:i1045772,7.16911
u0013947:i1502712,7.16911
u0013947:i1617661,7.16911
u0013947:i1791528,7.16911
u0013947:i1791682,7.16911
u0013947:i1853728,7.16911
u0013947:i2170593,7.16911
u0013947:i2326554,7.16911
u0013947:i2395427,7.16911
u0013947:i2562232,7.16911
u0013947:i2570858,7.16911
u0013947:i2582802,7.16911
u0013947:i2756032,7.16911
u0013947:i2916416,7.16911
u0013947:i3044244,7.16911
u0013947:i3962828,7.16911
u0013957:i0470752,6.57889
u0013957:i2347569,6.86374
u0013957:i3011894,6.56001
u0013967:i0103639,8.16294
u0013967:i0245712,8.16294
u0013967:i0248845,8.16294
u0013967:i0320691,8.16294
u0013967:i0383574,8.16294
u0013967:i0449088,8.16294
u0013967:i0467406,8.16294
u0013967:i1291150,8.16294
u0013967:i1300854,8.16294
u0013967:i1772264,8.16294
u0013967:i1929308,8.16294
u0013967:i2015381,8.16294
u0013967:i2096673,8.16294
u0013967:i2126355,8.16294
u0013967:i2226417,8.16294
u0013967:i2293640,8.16294
u0013967:i2388715,8.16294
u0013967:i2395427,8.16294
u0013967:i2870648,8.16294
u0013967:i2908446,8.16294
u0013975:i0015864,7.60697
u0013975:i0021749,7.60697
u0013975:i0027977,7.60697
u0013975:i0058461,7.60697
u0013975:i0059578,7.60697
u0013975:i0060196,7.60697
u0013975:i0062622,7.60697
u0013975:i0066921,7.60697
u0013975:i0070155,7.60697
u0013975:i0081505,7.60697
u0013975:i0093058,7.60697
u0013975:i0113101,7.60697
u0013975:i0116282,7.60697
u0013975:i0212985,7.60697
u0013975:i0311113,7.60697
u0013975:i0335245,7.60697
u0013975:i0365810,7.60697
u0013986:i0458481,7.29932
u0013986:i0478970,7.29932
u0013986:i2788710,7.29932
u0014026:i1392190,7.81576
u0014026:i1502712,7.81576
u0014026:i1600196,7.81576
u0014026:i1674771,7.81576
u0014031:i0369610,7.89127
u0014031:i0408790,7.89127
u0014031:i0816692,7.89127
u0014031:i1392190,7.89127
u0014031:i1440129,7.89127
u0014031:i1798684,7.89127
u0014031:i1872194,7.89127
u0014031:i2084970,7.89127
u0014031:i2199571,7.89127
u0014031:i2446042,7.89127
u0014031:i2582802,7.89127
u0014031:i2911666,7.89127
u0014031:i3042408,7.89127
u0014031:i3079380,7.89127
u0014035:i1528100,8.14881
u0014035:i1647668,8.14881
u0014035:i2582802,8.14881
u0014035:i2785032,8.14881
u0014035:i2870708,8.14881
u0014035:i2911666,8.14881
u0014119:i0058461,5.97181
u0014119:i1265990,4.08792
u0014119:i2713180,6.56756
u0014171:i1065073,7.89127
u0014171:i1798709,7.89127
u0014171:i2024469,7.89127
u0014171:i2084970,7.89127
u0014171:i2179136,7.89127
u0014171:i2262227,7.89127
u0014171:i2267998,7.89127
u0014171:i2562232,7.89127
u0014171:i2582802,7.89127
u0014174:i0942385,6.70226
u0014174:i1041829,6.70226
u0014174:i1291584,6.70226
u0014174:i1637688,6.70226
u0014174:i2224026,6.70226
u0014174:i2562232,6.70226
u0014174:i2872718,6.70226
u0014204:i0116282,7.60697
u0014204:i0208092,7.60697
u0014204:i1631867,7.60697
u0014204:i2015381,7.60697
u0014204:i2528814,7.60697
u0014204:i3322420,7.60697
u0014226:i1121096,7.24181
u0014226:i1340138,7.24181
u0014226:i1392190,7.24181
u0014226:i1502712,7.24181
u0014226:i1617661,7.24181
u0014226:i1638355,7.24181
u0014226:i1661199,7.24181
u0014226:i1964418,7.24181
u0014226:i2084970,7.24181
u0014226:i2140379,7.24181
u0014226:i2179136,7.24181
u0014226:i2180411,7.24181
u0014226:i2268016,7.24181
u0014226:i2293640,7.24181
u0014226:i2322441,7.24181
u0014226:i2381941,7.24181
u0014226:i2395427,7.24181
u0014226:i2452200,7.24181
u0014226:i2692250,7.24181
u0014226:i2726560,7.24181
u0014226:i2802144,7.24181
u0014226:i2820852,7.24181
u0014226:i3007512,7.24181
u0014226:i3064298,7.24181
u0014226:i3152624,7.24181
u0014226:i3851324,7.24181
u0014243:i0107207,6.40558
u0014243:i0114369,6.40558
u0014243:i0361862,6.40558
u0014243:i0816442,6.40558
u0014243:i1014763,6.40558
u0014243:i1216491,6.40558
u0014243:i1392190,6.40558
u0014243:i1542344,6.40558
u0014243:i1772250,6.40558
u0014243:i1798684,6.40558
u0014243:i1872194,6.40558
u0014243:i2096672,6.40558
u0014243:i2106476,6.40558
u0014243:i2273657,6.40558
u0014243:i2395427,6.40558
u0014243:i2402101,6.40558
u0014243:i2713180,6.40558
u0014243:i2828954,6.40558
u0014243:i3042408,6.40558
u0014243:i3263614,6.40558
u0014243:i3746298,6.40558
u0014243:i3813310,6.40558
u0014246:i1340138,6.89727
u0014246:i1392190,6.89727
u0014246:i1809398,6.89727
u0014246:i2179136,6.89727
u0014254:i1392190,6.17864
u0014254:i1600196,6.74058
u0014254:i2802144,6.42819
u0014254:i3203616,6.16011
u0014314:i0470752,6.48401
u0014314:i1502712,6.48401
u0014314:i2395427,6.48401
u0014314:i2848292,6.48401
u0014314:i3713166,6.48401
u0014329:i0099685,7.60697
u0014329:i0206634,7.60697
u0014329:i0338013,7.60697
u0014329:i0816692,7.60697
u0014329:i1130884,7.60697
u0014329:i1560747,7.60697
u0014329:i1638002,7.60697
u0014329:i1951265,7.60697
u0014329:i2042568,7.60697
u0014329:i2245084,7.60697
u0014329:i2872718,7.60697
u0014360:i0114746,6.37331
u0014360:i0470752,6.37331
u0014360:i1655441,6.37331
u0014360:i1937149,6.37331
u0014360:i1951265,6.37331
u0014360:i2179136,6.37331
u0014360:i2278388,6.37331
u0014360:i2381941,6.37331
u0014360:i2562232,6.37331
u0014360:i2802144,6.37331
u0014360:i2884206,6.37331
u0014360:i2911666,6.37331
u0014360:i3079380,6.37331
u0014360:i3203616,6.37331
u0014360:i3442006,6.37331
u0014367:i0038650,5.67851
u0014367:i0105236,5.21679
u0014367:i0110912,4.87911
u0014367:i0114814,4.7368
u0014367:i0119174,5.34369
u0014367:i0120586,4.81011
u0014367:i0137523,4.93603
u0014367:i0139654,6.5777
u0014367:i0180093,5.61237
u0014367:i0325710,5.90258
u0014367:i0332136,2.84645
u0014367:i0359950,6.76734
u0014367:i0361748,5.40095
u0014367:i0382932,5.51105
u0014367:i0385002,6.04475
u0014367:i0405422,4.19793
u0014367:i0407887,4.76521
u0014367:i1010048,4.56653
u0014367:i1068680,4.32735
u0014367:i1255953,4.72447
u0014367:i1392190,6.18386
u0014367:i1570728,5.65835
u0014367:i1853728,4.26607
u0014367:i1979320,6.19548
u0014367:i2802144,6.43426
u0014367:i3011894,6.60494
u0014408:i0109830,6.83384
u0014408:i0211915,6.83384
u0014408:i2084970,6.83384
u0014408:i2562232,6.83384
u0014408:i2582802,6.83384
u0014428:i1091191,7.75232
u0014428:i1506999,7.75232
u0014428:i1659338,7.75232
u0014428:i1663662,7.75232
u0014428:i2304771,7.75232
u0014428:i2402157,7.75232
u0014428:i2820852,7.75232
u0014434:i0120667,4.42237
u0014434:i0486576,3.24703
u0014434:i1502712,6.16543
u0014435:i0369610,6.36322
u0014435:i0478970,6.11489
u0014435:i1638355,6.24218
u0014435:i1781922,5.77724
u0014435:i2493486,5.62749
u0014435:i3863552,6.11265
u0014443:i0091042,6.7279
u0014443:i0144084,4.73905
u0014443:i1939659,5.68367
u0014443:i1951265,6.76188
u0014443:i2084970,6.44626
u0014443:i2267998,6.1552
u0014443:i3322940,6.71912
u0014465:i0108550,7.50908
u0014465:i0117951,7.50908
u0014465:i0289043,7.50908
u0014465:i0291988,7.50908
u0014465:i0369610,7.50908
u0014465:i0444653,7.50908
u0014465:i0457430,7.50908
u0014465:i0780504,7.50908
u0014465:i0816556,7.50908
u0014465:i0993846,7.50908
u0014465:i1029360,7.50908
u0014465:i1063056,7.50908
u0014465:i1065073,7.50908
u0014465:i1111833,7.50908
u0014465:i1130884,7.50908
u0014465:i1226681,7.50908
u0014465:i1392190,7.50908
u0014465:i1486834,7.50908
u0014465:i1490017,7.50908
u0014465:i1535108,7.50908
u0014465:i1662293,7.50908
u0014465:i1705786,7.50908
u0014465:i1841642,7.50908
u0014465:i1862079,7.50908
u0014465:i1931533,7.50908
u0014465:i2084953,7.50908
u0014465:i2084970,7.50908
u0014465:i2090629,7.50908
u0014465:i2096673,7.50908
u0014465:i2170593,7.50908
u0014465:i2179136,7.50908
u0014465:i2180411,7.50908
u0014465:i2235779,7.50908
u0014465:i2245084,7.50908
u0014465:i2278388,7.50908
u0014465:i2305051,7.50908
u0014465:i2309260,7.50908
u0014465:i2316411,7.50908
u0014465:i2381941,7.50908
u0014465:i2388715,7.50908
u0014465:i2428170,7.50908
u0014465:i2737050,7.50908
u0014465:i2793490,7.50908
u0014465:i2820852,7.50908
u0014465:i2870612,7.50908
u0014465:i2883512,7.50908
u0014465:i2911666,7.50908
u0014465:i3011894,7.50908
u0014465:i3177316,7.50908
u0014465:i3195644,7.50908
u0014465:i3316960,7.50908
u0014465:i3765088,7.50908
u0014479:i0000417,7.18897
u0014479:i0000439,7.18897
u0014479:i0004972,7.18897
u0014479:i0006206,7.18897
u0014479:i0006864,7.18897
u0014479:i0009968,7.18897
u0014479:i0010323,7.18897
u0014479:i0011841,7.18897
u0014479:i0011870,7.18897
u0014479:i0012349,7.18897
u0014479:i0012364,7.18897
u0014479:i0012532,7.18897
u0014479:i0013086,7.18897
u0014479:i0013140,7.18897
u0014479:i0013257,7.18897
u0014479:i0013427,7.18897
u0014479:i0013442,7.18897
u0014479:i0013626,7.18897
u0014479:i0014341,7.18897
u0014479:i0014417,7.18897
u0014479:i0014429,7.18897
u0014479:i0015064,7.18897
u0014479:i0015174,7.18897
u0014479:i0015175,7.18897
u0014479:i0015324,7.18897
u0014479:i0015361,7.18897
u0014479:i0015400,7.18897
u0014479:i0015532,7.18897
u0014479:i0015624,7.18897
u0014479:i0015648,7.18897
u0014479:i0015772,7.18897
u0014479:i0015864,7.18897
u0014479:i0015881,7.18897
u0014479:i0016220,7.18897
u0014479:i0016332,7.18897
u0014479:i0016847,7.18897
u0014479:i0017136,7.18897
u0014479:i0017925,7.18897
u0014479:i0018037,7.18897
u0014479:i0018051,7.18897
u0014479:i0018192,7.18897
u0014479:i0018217,7.18897
u0014479:i0018455,7.18897
u0014479:i0018528,7.18897
u0014479:i0018737,7.18897
u0014479:i0018773,7.18897
u0014479:i0018806,7.18897
u0014479:i0018839,7.18897
u0014479:i0019254,7.18897
u0014479:i0019286,7.18897
u0014479:i0019421,7.18897
u0014479:i0019702,7.18897
u0014479:i0019760,7.18897
u0014479:i0020530,7.18897
u0014479:i0037635,7.18897
u0014479:i0042451,7.18897
u0014479:i0048977,7.18897
u0014479:i0051845,7.18897
u0014479:i0052311,7.18897
u0014479:i0052911,7.18897
u0014479:i0054743,7.18897
u0014479:i0054790,7.18897
u0014479:i0055198,7.18897
u0014479:i0055200,7.18897
u0014479:i0057193,7.18897
u0014479:i0058083,7.18897
u0014479:i0059903,7.18897
u0014479:i0061557,7.18897
u0014479:i0061735,7.18897
u0014479:i0068646,7.18897
u0014479:i0069995,7.18897
u0014479:i0073631,7.18897
u0014479:i0074292,7.18897
u0014479:i0074877,7.18897
u0014479:i0075675,7.18897
u0014479:i0078875,7.18897
u0014479:i0079501,7.18897
u0014479:i0081070,7.18897
u0014479:i0081529,7.18897
u0014479:i0082694,7.18897
u0014479:i0089530,7.18897
u0014479:i0089941,7.18897
u0014479:i0092067,7.18897
u0014479:i0092675,7.18897
u0014479:i0094226,7.18897
u0014479:i0095742,7.18897
u0014479:i0096320,7.18897
u0014479:i0097235,7.18897
u0014479:i0097659,7.18897
u0014479:i0097981,7.18897
u0014479:i0098439,7.18897
u0014479:i0099871,7.18897
u0014479:i0101414,7.18897
u0014479:i0101917,7.18897
u0014479:i0102138,7.18897
u0014479:i0102598,7.18897
u0014479:i0107818,7.18897
u0014479:i0111686,7.18897
u0014479:i0116571,7.18897
u0014479:i0120762,7.18897
u0014479:i0218839,7.18897
u0014479:i0232500,7.18897
u0014479:i0243655,7.18897
u0014479:i0322259,7.18897
u0014479:i0339135,7.18897
u0014479:i0369610,7.18897
u0014479:i0413267,7.18897
u0014479:i0418689,7.18897
u0014479:i0463985,7.18897
u0014479:i0478970,7.18897
u0014479:i0770828,7.18897
u0014479:i0790724,7.18897
u0014479:i0983213,7.18897
u0014479:i1013752,7.18897
u0014479:i1014763,7.18897
u0014479:i1060277,7.18897
u0014479:i1172570,7.18897
u0014479:i1179056,7.18897
u0014479:i1340138,7.18897
u0014479:i1392190,7.18897
u0014479:i1412386,7.18897
u0014479:i1462900,7.18897
u0014479:i1502712,7.18897
u0014479:i1524930,7.18897
u0014479:i1596343,7.18897
u0014479:i1661199,7.18897
u0014479:i1731141,7.18897
u0014479:i1764657,7.18897
u0014479:i1839494,7.18897
u0014479:i1840309,7.18897
u0014479:i1881002,7.18897
u0014479:i1905041,7.18897
u0014479:i2013293,7.18897
u0014479:i2058107,7.18897
u0014479:i2096672,7.18897
u0014479:i2096673,7.18897
u0014479:i2126355,7.18897
u0014479:i2172584,7.18897
u0014479:i2279373,7.18897
u0014479:i2293640,7.18897
u0014479:i2309224,7.18897
u0014479:i2381249,7.18897
u0014479:i2395427,7.18897
u0014479:i2402105,7.18897
u0014479:i2555736,7.18897
u0014479:i2562232,7.18897
u0014479:i2582802,7.18897
u0014479:i2614684,7.18897
u0014479:i2637276,7.18897
u0014479:i2802144,7.18897
u0014479:i2820852,7.18897
u0014479:i2908446,7.18897
u0014479:i2966760,7.18897
u0014479:i2980592,7.18897
u0014479:i3152624,7.18897
u0014479:i3168230,7.18897
u0014479:i3204392,7.18897
u0014479:i3321300,7.18897
u0014479:i3544082,7.18897
u0014523:i0116409,8.5991
u0014523:i0145681,8.5991
u0014523:i0340855,8.5991
u0014523:i0395972,8.5991
u0014523:i1216491,8.5991
u0014523:i1661199,8.5991
u0014523:i1758595,8.5991
u0014523:i1823672,8.5991
u0014523:i1872194,8.5991
u0014523:i2245084,8.5991
u0014523:i2802144,8.5991
u0014523:i2872718,8.5991
u0014523:i2911666,8.5991
u0014538:i0110357,5.22232
u0014538:i0816692,6.00729
u0014538:i3214286,3.77201
u0014600:i0369610,6.37014
u0014600:i0478970,6.12505
u0014600:i0945513,5.29735
u0014600:i1229238,5.57835
u0014600:i1790864,6.15737
u0014600:i1959490,6.73347
u0014600:i1964418,6.30898
u0014600:i2096673,6.40365
u0014600:i2126355,6.58307
u0014604:i0455944,6.37321
u0014604:i1041829,6.66752
u0014604:i1243974,5.80101
u0014604:i1327194,4.06997
u0014604:i1343092,4.54708
u0014604:i1381418,4.75547
u0014604:i1563738,4.06545
u0014604:i1638002,5.28431
u0014604:i1655460,3.67762
u0014604:i1702439,5.05378
u0014604:i1850397,6.42653
u0014604:i2182972,6.37573
u0014604:i2203939,6.42725
u0014604:i2229499,5.8318
u0014604:i2234155,7.10669
u0014604:i2268016,6.24314
u0014604:i2387559,6.02462
u0014604:i2561572,6.43905
u0014604:i3079380,6.064
u0014604:i3289712,6.02183
u0014604:i3369806,5.00508
u0014604:i3713166,6.05322
u0014609:i1418754,5.51152
u0014609:i1714210,5.16416
u0014609:i2322441,6.70819
u0014609:i2400002,0
u0014609:i2582802,6.60419
u0014609:i2617828,5.44726
u0014609:i2802144,6.44033
u0014609:i3042408,5.02452
u0014635:i0478970,6.13523
u0014635:i1340138,6.28345
u0014635:i2120120,5.7707
u0014635:i2293640,6.35421
u0014661:i1109624,7.18495
u0014661:i2920808,7.18495
u0014661:i3169706,7.18495
u0014682:i0033467,7.2156
u0014682:i0043014,7.2156
u0014682:i0044706,7.2156
u0014682:i0079522,7.2156
u0014682:i0088763,7.2156
u0014682:i0112641,7.2156
u0014682:i0364569,7.2156
u0014682:i0381849,7.2156
u0014682:i0401445,7.2156
u0014682:i0478970,7.2156
u0014682:i0907657,7.2156
u0014682:i1020072,7.2156
u0014682:i1100089,7.2156
u0014682:i1126590,7.2156
u0014682:i1321860,7.2156
u0014682:i1392190,7.2156
u0014682:i1605717,7.2156
u0014682:i1655441,7.2156
u0014682:i1661199,7.2156
u0014682:i1675192,7.2156
u0014682:i1748197,7.2156
u0014682:i1791528,7.2156
u0014682:i2015381,7.2156
u0014682:i2084970,7.2156
u0014682:i2096673,7.2156
u0014682:i2172584,7.2156
u0014682:i2179136,7.2156
u0014682:i2305051,7.2156
u0014682:i2322441,7.2156
u0014682:i2381941,7.2156
u0014682:i2395427,7.2156
u0014682:i2515034,7.2156
u0014682:i2562232,7.2156
u0014682:i2637294,7.2156
u0014682:i2692904,7.2156
u0014682:i2713180,7.2156
u0014682:i2737050,7.2156
u0014682:i2802144,7.2156
u0014682:i2937898,7.2156
u0014682:i2980516,7.2156
u0014682:i3305316,7.2156
u0014682:i3316960,7.2156
u0014683:i1617661,8.0163
u0014683:i1726592,8.0163
u0014683:i2446042,8.0163
u0014683:i2692250,8.0163
u0014683:i2975578,8.0163
u0014683:i2980516,8.0163
u0014699:i0104797,7.67
u0014699:i0145681,7.67
u0014699:i0177971,7.67
u0014699:i0361748,7.67
u0014699:i1230448,7.67
u0014699:i1323045,7.67
u0014699:i1401152,7.67
u0014699:i1601913,7.67
u0014699:i1726592,7.67
u0014699:i1809398,7.67
u0014699:i2179136,7.67
u0014699:i2267998,7.67
u0014699:i2278388,7.67
u0014699:i2446042,7.67
u0014699:i2562232,7.67
u0014699:i2872718,7.67
u0014699:i2872732,7.67
u0014699:i3007512,7.67
u0014717:i0419887,6.01229
u0014717:i1024648,4.62528
u0014717:i1401152,6.04744
u0014717:i1433811,5.47935
u0014717:i1483013,5.23894
u0014717:i1823672,6.62984
u0014717:i2140619,7.08376
u0014717:i2381941,6.54242
u0014717:i2397535,6.59362
u0014717:i2436386,6.67806
u0014717:i2659414,5.43332
u0014717:i2669336,6.28268
u0014738:i1126590,7.60697
u0014738:i1858481,7.60697
u0014738:i2802144,7.60697
u0014785:i0078841,4.76392
u0014785:i0120731,4.5041
u0014785:i1277737,4.26034
u0014800:i1563738,4.33648
u0014800:i2278871,5.7676
u0014800:i2884206,6.16719
u0014800:i3179568,6.02151
u0014800:i3612616,6.14564
u0014804:i0045152,5.24487
u0014804:i0064782,0
u0014804:i0099582,5.56174
u0014804:i0339071,0
u0014804:i0398842,0
u0014804:i0437232,0
u0014804:i0449010,3.835
u0014804:i0454876,4.61066
u0014804:i0790628,6.53071
u0014804:i0790663,0
u0014804:i0799949,0
u0014804:i0848228,5.54319
u0014804:i0879870,4.99085
u0014804:i0938305,0
u0014804:i0948470,4.9852
u0014804:i0971209,4.83959
u0014804:i1038686,6.015
u0014804:i1205537,6.68207
u0014804:i1213663,6.05353
u0014804:i1216491,6.25055
u0014804:i1228705,5.57687
u0014804:i1240982,3.80447
u0014804:i1371150,6.75844
u0014804:i1381404,6.20164
u0014804:i1409024,6.09994
u0014804:i1464540,5.39381
u0014804:i1490017,6.6753
u0014804:i1529572,5.14305
u0014804:i1559036,4.78112
u0014804:i1636826,4.96105
u0014804:i1655460,4.59702
u0014804:i1657510,4.99291
u0014804:i1711425,4.29397
u0014804:i1714203,3.57988
u0014804:i1726592,6.82389
u0014804:i1853643,0
u0014804:i1872181,6.45512
u0014804:i1951264,5.00762
u0014804:i2015381,6.13507
u0014804:i2039345,5.75585
u0014804:i2076220,5.31641
u0014804:i2150511,0
u0014804:i2184339,6.07353
u0014804:i2267998,6.17036
u0014804:i2322441,6.73062
u0014804:i2395427,6.59114
u0014804:i3138104,2.49731
u0014804:i3322940,6.82578
u0014813:i0198781,6.07423
u0014813:i0470752,6.07423
u0014813:i0816692,6.07423
u0014813:i0892769,6.07423
u0014813:i0993846,6.07423
u0014813:i1049413,6.07423
u0014813:i1302011,6.07423
u0014813:i1327773,6.07423
u0014813:i1371150,6.07423
u0014813:i1490017,6.07423
u0014813:i1646971,6.07423
u0014813:i1661199,6.07423
u0014813:i1772341,6.07423
u0014813:i1840309,6.07423
u0014813:i1858481,6.07423
u0014813:i1872194,6.07423
u0014813:i2084970,6.07423
u0014813:i2170439,6.07423
u0014813:i2179136,6.07423
u0014813:i2194499,6.07423
u0014813:i2245084,6.07423
u0014813:i2294629,6.07423
u0014813:i2310332,6.07423
u0014813:i2381941,6.07423
u0014813:i2397535,6.07423
u0014813:i2562232,6.07423
u0014813:i2713180,6.07423
u0014813:i2802144,6.07423
u0014813:i2872718,6.07423
u0014813:i2994190,6.07423
u0014813:i3235888,6.07423
u0014832:i0080678,7.67
u0014832:i0253474,7.67
u0014832:i1683526,7.67
u0014832:i1791528,7.67
u0014832:i2179136,7.67
u0014832:i2872718,7.67
u0014832:i2937898,7.67
u0014859:i0066434,6.72584
u0014859:i0089114,6.72584
u0014859:i0092005,6.72584
u0014859:i0097428,6.72584
u0014859:i0111512,6.72584
u0014859:i0114214,6.72584
u0014859:i0196229,6.72584
u0014859:i0369610,6.72584
u0014859:i0370263,6.72584
u0014859:i0790636,6.72584
u0014859:i1045658,6.72584
u0014859:i1121096,6.72584
u0014859:i1235189,6.72584
u0014859:i1298649,6.72584
u0014859:i1341167,6.72584
u0014859:i1371150,6.72584
u0014859:i1392190,6.72584
u0014859:i1435513,6.72584
u0014859:i1512235,6.72584
u0014859:i1617661,6.72584
u0014859:i1638355,6.72584
u0014859:i1723121,6.72584
u0014859:i1791528,6.72584
u0014859:i1823672,6.72584
u0014859:i1839492,6.72584
u0014859:i1964418,6.72584
u0014859:i1979320,6.72584
u0014859:i1981677,6.72584
u0014859:i2096672,6.72584
u0014859:i2096673,6.72584
u0014859:i2140379,6.72584
u0014859:i2802144,6.72584
u0014859:i2820852,6.72584
u0014859:i2980516,6.72584
u0014859:i3625152,6.72584
u0014865:i0478970,6.95766
u0014865:i1340138,6.95766
u0014865:i1392190,6.95766
u0014865:i1524930,6.95766
u0014865:i1661199,6.95766
u0014865:i1674771,6.95766
u0014865:i1781922,6.95766
u0014865:i2126355,6.95766
u0014865:i2179136,6.95766
u0014865:i2199571,6.95766
u0014865:i2381249,6.95766
u0014865:i2446042,6.95766
u0014865:i2679042,6.95766
u0014865:i2802144,6.95766
u0014865:i2917388,6.95766
u0014865:i3079380,6.95766
u0014865:i3247714,6.95766
u0014865:i3687398,6.95766
u0014865:i3863552,6.95766
u0014878:i1972779,7.3641
u0014878:i2273657,7.3641
u0014878:i2726560,7.3641
u0014878:i3125324,7.3641
u0014884:i1392190,6.18909
u0014884:i2279373,6.53149
u0014884:i2820852,6.32184
u0014897:i0120885,7.407
u0014897:i0369610,7.407
u0014897:i0470752,7.407
u0014897:i1392190,7.407
u0014897:i1626146,7.407
u0014897:i1638002,7.407
u0014897:i1790886,7.407
u0014897:i2039393,7.407
u0014897:i2726560,7.407
u0014897:i2820852,7.407
u0014897:i2980516,7.407
u0014897:i3316960,7.407
u0014910:i0107048,7.34963
u0014910:i0369610,7.34963
u0014910:i0816692,7.34963
u0014910:i1823672,7.34963
u0014910:i2096672,7.34963
u0014910:i2395427,7.34963
u0014910:i3203616,7.34963
u0014912:i1617661,6.83281
u0014912:i2395427,6.59828
u0014912:i2802144,6.44641
u0014912:i2820852,6.33017
u0014942:i0103801,7.25659
u0014942:i0257044,7.25659
u0014942:i0357413,7.25659
u0014942:i0365907,7.25659
u0014942:i0366627,7.25659
u0014942:i0475271,7.25659
u0014942:i0816692,7.25659
u0014942:i0838283,7.25659
u0014942:i0910554,7.25659
u0014942:i0913354,7.25659
u0014942:i1029360,7.25659
u0014942:i1034032,7.25659
u0014942:i1159721,7.25659
u0014942:i1175491,7.25659
u0014942:i1189340,7.25659
u0014942:i1210042,7.25659
u0014942:i1229340,7.25659
u0014942:i1361318,7.25659
u0014942:i1385826,7.25659
u0014942:i1457767,7.25659
u0014942:i1470827,7.25659
u0014942:i1567437,7.25659
u0014942:i1600196,7.25659
u0014942:i1706593,7.25659
u0014942:i1726592,7.25659
u0014942:i1758595,7.25659
u0014942:i1790886,7.25659
u0014942:i1881002,7.25659
u0014942:i1881060,7.25659
u0014942:i1945084,7.25659
u0014942:i1989475,7.25659
u0014942:i2088003,7.25659
u0014942:i2097298,7.25659
u0014942:i2179136,7.25659
u0014942:i2199571,7.25659
u0014942:i2231253,7.25659
u0014942:i2273657,7.25659
u0014942:i2305051,7.25659
u0014942:i2345721,7.25659
u0014942:i2360446,7.25659
u0014942:i2369135,7.25659
u0014942:i2376218,7.25659
u0014942:i2381941,7.25659
u0014942:i2436386,7.25659
u0014942:i2446042,7.25659
u0014942:i2561572,7.25659
u0014942:i2637276,7.25659
u0014942:i2637294,7.25659
u0014942:i2692250,7.25659
u0014942:i2784678,7.25659
u0014942:i2802144,7.25659
u0014942:i2820852,7.25659
u0014942:i2883434,7.25659
u0014942:i2911666,7.25659
u0014942:i2911668,7.25659
u0014942:i2933474,7.25659
u0014942:i3079380,7.25659
u0014942:i3195644,7.25659
u0014942:i3203616,7.25659
u0014942:i3297330,7.25659
u0014942:i3316960,7.25659
u0014942:i3442006,7.25659
u0014942:i3488328,7.25659
u0014942:i3713166,7.25659
u0014942:i4293752,7.25659
u0015011:i0361748,5.48404
u0015011:i2084970,6.45294
u0015011:i2179136,6.68827
u0015011:i2390361,5.14261
u0015011:i2562232,6.62143
u0015011:i2582802,6.61148
u0015017:i0062622,7.79949
u0015017:i0120382,7.79949
u0015017:i0308644,7.79949
u0015017:i0758758,7.79949
u0015017:i2024544,7.79949
u0015017:i2395427,7.79949
u0015031:i0027125,3.41692
u0015031:i0029546,3.70365
u0015031:i0033874,0
u0015031:i0038116,0
u0015031:i0044706,3.68049
u0015031:i0060934,4.99563
u0015031:i2381249,6.22429
u0015031:i3316960,6.39616
u0015164:i0458481,7.67
u0015164:i0816692,7.67
u0015164:i2039393,7.67
u0015164:i2084970,7.67
u0015164:i2103281,7.67
u0015164:i2562232,7.67
u0015164:i2980516,7.67
u0015166:i0816692,7.50908
u0015166:i1187043,7.50908
u0015166:i2084970,7.50908
u0015166:i2334649,7.50908
u0015166:i2381941,7.50908
u0015166:i2582802,7.50908
u0015166:i2883512,7.50908
u0015190:i0080661,7.67
u0015190:i0315733,7.67
u0015190:i0948470,7.67
u0015190:i1067583,7.67
u0015190:i1568338,7.67
u0015190:i2562232,7.67
u0015190:i2872732,7.67
u0015205:i1255953,4.81037
u0015205:i2582802,6.61878
u0015205:i2713180,6.58389
u0015205:i2788710,6.63772
u0015205:i2872718,6.62323
u0015229:i1392190,6.19432
u0015229:i1655441,6.07361
u0015229:i1683526,4.36574
u0015229:i1823672,6.64419
u0015229:i1853728,4.3222
u0015229:i2275946,6.00651
u0015229:i2402101,5.88498
u0015229:i2908446,6.19693
u0015229:i2911666,6.76822
u0015230:i1032755,7.34908
u0015230:i1823672,7.34908
u0015230:i2802144,7.34908
u0015245:i0103644,7.50908
u0015245:i0816692,7.50908
u0015245:i1155053,7.50908
u0015245:i2084970,7.50908
u0015245:i3698118,7.50908
u0015253:i0884732,6.40174
u0015253:i1020072,7.0158
u0015253:i1216491,6.31635
u0015253:i1772250,5.42573
u0015253:i1772288,6.27924
u0015253:i2084970,6.45963
u0015253:i2381941,6.55431
u0015253:i2582802,6.62608
u0015253:i2802144,6.4525
u0015253:i2872718,6.63412
u0015253:i3316960,6.4159
u0015259:i0365929,6.71976
u0015259:i0369610,6.71976
u0015259:i0386117,6.71976
u0015259:i0455590,6.71976
u0015259:i0478970,6.71976
u0015259:i0795351,6.71976
u0015259:i0889573,6.71976
u0015259:i0942385,6.71976
u0015259:i1276104,6.71976
u0015259:i1385956,6.71976
u0015259:i1386703,6.71976
u0015259:i1401152,6.71976
u0015259:i1527186,6.71976
u0015259:i1528071,6.71976
u0015259:i1582507,6.71976
u0015259:i1757742,6.71976
u0015259:i1772240,6.71976
u0015259:i1922777,6.71976
u0015259:i1991245,6.71976
u0015259:i2024432,6.71976
u0015259:i2224026,6.71976
u0015259:i2278388,6.71976
u0015259:i2395427,6.71976
u0015259:i2597242,6.71976
u0015268:i0319262,7.92598
u0015268:i0369610,7.92598
u0015268:i1877832,7.92598
u0015268:i3007302,7.92598
u0015268:i3479316,7.92598
u0015270:i0369610,7.41959
u0015270:i1392190,7.41959
u0015270:i1655441,7.41959
u0015270:i2918436,7.41959
u0015287:i0208092,8.40667
u0015287:i0243133,8.40667
u0015287:i0266543,8.40667
u0015287:i0369610,8.40667
u0015287:i0376994,8.40667
u0015287:i0403217,8.40667
u0015287:i0431197,8.40667
u0015287:i0475276,8.40667
u0015287:i1014759,8.40667
u0015287:i1190080,8.40667
u0015287:i1216492,8.40667
u0015287:i1245492,8.40667
u0015287:i1392190,8.40667
u0015287:i1499658,8.40667
u0015287:i1521197,8.40667
u0015287:i1631867,8.40667
u0015287:i1632635,8.40667
u0015287:i1655441,8.40667
u0015287:i1748207,8.40667
u0015287:i1815862,8.40667
u0015287:i1821549,8.40667
u0015287:i1951261,8.40667
u0015287:i2024469,8.40667
u0015287:i2043931,8.40667
u0015287:i2084970,8.40667
u0015287:i2103281,8.40667
u0015287:i2180411,8.40667
u0015287:i2234155,8.40667
u0015287:i2325518,8.40667
u0015287:i2334879,8.40667
u0015287:i2381941,8.40667
u0015287:i2387559,8.40667
u0015287:i2562232,8.40667
u0015287:i2717860,8.40667
u0015287:i2802144,8.40667
u0015287:i2820852,8.40667
u0015287:i2980516,8.40667
u0015287:i3079380,8.40667
u0015287:i3108158,8.40667
u0015287:i3235888,8.40667
u0015287:i3398268,8.40667
u0015287:i3474602,8.40667
u0015287:i3756788,8.40667
u0015287:i3819668,8.40667
u0015287:i4536494,8.40667
u0015314:i0118884,6.54099
u0015314:i0139809,6.54099
u0015314:i0325980,6.54099
u0015314:i0369610,6.54099
u0015314:i0383574,6.54099
u0015314:i0449088,6.54099
u0015314:i0470752,6.54099
u0015314:i0804497,6.54099
u0015314:i1065073,6.54099
u0015314:i1100089,6.54099
u0015314:i1121096,6.54099
u0015314:i1298650,6.54099
u0015314:i1340138,6.54099
u0015314:i1392190,6.54099
u0015314:i1502712,6.54099
u0015314:i1552224,6.54099
u0015314:i1587310,6.54099
u0015314:i1617661,6.54099
u0015314:i1638355,6.54099
u0015314:i1646971,6.54099
u0015314:i1655441,6.54099
u0015314:i1661199,6.54099
u0015314:i1674771,6.54099
u0015314:i1772288,6.54099
u0015314:i1791528,6.54099
u0015314:i1823672,6.54099
u0015314:i1855199,6.54099
u0015314:i1872194,6.54099
u0015314:i1964418,6.54099
u0015314:i1972571,6.54099
u0015314:i1980929,6.54099
u0015314:i2053425,6.54099
u0015314:i2084970,6.54099
u0015314:i2096673,6.54099
u0015314:i2120120,6.54099
u0015314:i2126355,6.54099
u0015314:i2140619,6.54099
u0015314:i2179136,6.54099
u0015314:i2245084,6.54099
u0015314:i2293640,6.54099
u0015314:i2381249,6.54099
u0015314:i2381941,6.54099
u0015314:i2395427,6.54099
u0015314:i2404425,6.54099
u0015314:i2474024,6.54099
u0015314:i2486678,6.54099
u0015314:i2515034,6.54099
u0015314:i2561572,6.54099
u0015314:i2562232,6.54099
u0015314:i2637276,6.54099
u0015314:i2784678,6.54099
u0015314:i2802144,6.54099
u0015314:i2848292,6.54099
u0015314:i2872718,6.54099
u0015314:i2908446,6.54099
u0015314:i2917388,6.54099
u0015314:i2965412,6.54099
u0015314:i2980516,6.54099
u0015314:i2994190,6.54099
u0015314:i3079380,6.54099
u0015314:i3152624,6.54099
u0015314:i3168230,6.54099
u0015314:i3316960,6.54099
u0015314:i4044364,6.54099
u0015348:i1454468,5.18769
u0015348:i2084970,6.46632
u0015348:i2372678,4.00958
u0015348:i2980516,6.67767
u0015349:i0266543,5.83874
u0015349:i0369610,6.37707
u0015349:i2326554,5.94129
u0015368:i0044079,7.92598
u0015368:i0070735,7.92598
u0015368:i0247586,7.92598
u0015368:i0465551,7.92598
u0015368:i1126590,7.92598
u0015368:i2395427,7.92598
u0015368:i2562232,7.92598
u0015368:i2737050,7.92598
u0015368:i2872718,7.92598
u0015368:i2911666,7.92598
u0015368:i2980516,7.92598
u0015368:i3079380,7.92598
u0015432:i0113277,5.73466
u0015432:i0450259,5.1539
u0015432:i0825232,5.0824
u0015433:i0071315,7.67
u0015433:i0090756,7.67
u0015433:i0094663,7.67
u0015433:i0240200,7.67
u0015433:i0391198,7.67
u0015433:i1173745,7.67
u0015433:i2322441,7.67
u0015433:i2718492,7.67
u0015433:i2991224,7.67
u0015459:i1126590,6.83159
u0015459:i1360860,4.04381
u0015459:i2245171,5.09473
u0015477:i1823672,7.25618
u0015477:i1850397,7.25618
u0015477:i2170439,7.25618
u0015477:i2179136,7.25618
u0015477:i2582802,7.25618
u0015485:i0238380,5.47485
u0015485:i0250468,0
u0015485:i0369610,6.38401
u0015485:i0386117,6.22732
u0015485:i0478970,6.14542
u0015485:i0964517,4.9582
u0015485:i1189073,5.48789
u0015485:i1291584,4.40589
u0015485:i1340138,6.29852
u0015485:i1392190,6.19955
u0015485:i1502712,6.20279
u0015485:i1528071,6.98617
u0015485:i1588173,5.83846
u0015485:i1646971,6.94566
u0015485:i1723811,5.79317
u0015485:i1850397,6.48954
u0015485:i1915581,5.94114
u0015485:i1980209,5.80227
u0015485:i2096673,6.41763
u0015485:i2126355,6.6037
u0015485:i2309260,6.44004
u0015485:i2381249,6.23542
u0015485:i2395427,6.60543
u0015485:i2820852,6.33851
u0015485:i3029556,5.58627
u0015485:i3029558,5.57528
u0015485:i3819668,5.71708
u0015485:i4382552,5.80434
u0015500:i1823672,8.5991
u0015500:i2239832,8.5991
u0015500:i3125324,8.5991
u0015500:i3605418,8.5991
u0015521:i0369610,7.81089
u0015521:i0478970,7.81089
u0015521:i1398426,7.81089
u0015521:i1798684,7.81089
u0015521:i2179136,7.81089
u0015521:i4178092,7.81089
u0015551:i0265298,3.86115
u0015551:i0817177,4.53034
u0015551:i1267297,5.64908
u0015551:i1631867,6.37918
u0015551:i2084970,6.47302
u0015551:i2103281,6.9897
u0015551:i2562232,6.62843
u0015551:i2872732,6.32674
u0015585:i0361748,5.56841
u0015585:i0458339,6.09301
u0015585:i0468569,4.37896
u0015585:i1119646,4.68886
u0015585:i1231583,4.35282
u0015585:i1282140,5.48256
u0015585:i1345836,4.00184
u0015585:i1375666,5.0053
u0015585:i1392190,6.20479
u0015585:i1411697,5.2767
u0015585:i1951261,4.56698
u0015585:i2103254,5.96579
u0015585:i2199571,6.08182
u0015585:i2334649,5.99695
u0015585:i2562232,6.63543
u0015585:i2872718,6.64503
u0015585:i3079380,6.07858
u0015585:i3369806,5.23258
u0015603:i0094291,7.60697
u0015603:i1132620,7.60697
u0015603:i1216487,7.60697
u0015603:i1343097,7.60697
u0015603:i1568346,7.60697
u0015603:i2096673,7.60697
u0015603:i2381249,7.60697
u0015603:i4178092,7.60697
u0015618:i0046359,6.89727
u0015618:i0056592,6.89727
u0015618:i0071230,6.89727
u0015618:i0072431,6.89727
u0015618:i0076141,6.89727
u0015618:i0082517,6.89727
u0015618:i0086450,6.89727
u0015618:i0089155,6.89727
u0015618:i0089218,6.89727
u0015618:i0094012,6.89727
u0015618:i0096734,6.89727
u0015618:i0097366,6.89727
u0015618:i0101410,6.89727
u0015618:i0102926,6.89727
u0015618:i0106387,6.89727
u0015618:i0107290,6.89727
u0015618:i0107977,6.89727
u0015618:i0109445,6.89727
u0015618:i0119528,6.89727
u0015618:i0120903,6.89727
u0015618:i0133093,6.89727
u0015618:i0151804,6.89727
u0015618:i0265086,6.89727
u0015618:i0268978,6.89727
u0015618:i0350261,6.89727
u0015618:i0361862,6.89727
u0015618:i0409459,6.89727
u0015618:i0434409,6.89727
u0015618:i0452623,6.89727
u0015618:i0499549,6.89727
u0015618:i0780571,6.89727
u0015618:i0805564,6.89727
u0015618:i0830515,6.89727
u0015618:i0947802,6.89727
u0015618:i1074638,6.89727
u0015618:i1457767,6.89727
u0015618:i1591095,6.89727
u0015618:i1663662,6.89727
u0015618:i1702439,6.89727
u0015618:i1817273,6.89727
u0015618:i2024469,6.89727
u0015618:i2091473,6.89727
u0015618:i2226417,6.89727
u0015618:i2316810,6.89727
u0015618:i2395427,6.89727
u0015618:i2883512,6.89727
u0015629:i0103939,7.50908
u0015629:i0108394,7.50908
u0015629:i0110877,7.50908
u0015629:i1033575,7.50908
u0015629:i1410063,7.50908
u0015629:i1454468,7.50908
u0015629:i1809398,7.50908
u0015629:i1924396,7.50908
u0015629:i1966566,7.50908
u0015629:i2084970,7.50908
u0015629:i2267998,7.50908
u0015629:i2713180,7.50908
u0015629:i3409392,7.50908
u0015639:i0470752,6.83384
u0015639:i0790636,6.83384
u0015639:i1100089,6.83384
u0015639:i2267998,6.83384
u0015639:i2326554,6.83384
u0015639:i2901736,6.83384
u0015653:i2788710,8.5991
u0015653:i2802144,8.5991
u0015653:i3220192,8.5991
u0015659:i1661199,6.43278
u0015659:i1798684,6.05514
u0015659:i2126355,6.6244
u0015659:i3079380,6.09319
u0015671:i0816692,6.75455
u0015671:i0945513,6.75455
u0015671:i1020072,6.75455
u0015671:i1109624,6.75455
u0015671:i1126590,6.75455
u0015671:i1343092,6.75455
u0015671:i1600196,6.75455
u0015671:i1655441,6.75455
u0015671:i1661199,6.75455
u0015671:i1675192,6.75455
u0015671:i1698641,6.75455
u0015671:i1865505,6.75455
u0015671:i1932767,6.75455
u0015671:i1951265,6.75455
u0015671:i2096673,6.75455
u0015671:i2170593,6.75455
u0015671:i2199571,6.75455
u0015671:i2224026,6.75455
u0015671:i2338151,6.75455
u0015671:i2404425,6.75455
u0015671:i2562232,6.75455
u0015671:i2582802,6.75455
u0015671:i2937898,6.75455
u0015671:i2980516,6.75455
u0015671:i2980592,6.75455
u0015671:i3316960,6.75455
u0015671:i3863552,6.75455
u0015682:i1809398,6.49073
u0015682:i2305051,6.94044
u0015682:i3316960,6.4357
u0015697:i0075686,6.83384
u0015697:i0079116,6.83384
u0015697:i0079522,6.83384
u0015697:i0095327,6.83384
u0015697:i0095953,6.83384
u0015697:i0105236,6.83384
u0015697:i0107818,6.83384
u0015697:i0112573,6.83384
u0015697:i0154506,6.83384
u0015697:i0169547,6.83384
u0015697:i0196216,6.83384
u0015697:i0246578,6.83384
u0015697:i0251160,6.83384
u0015697:i0274558,6.83384
u0015697:i0362225,6.83384
u0015697:i0375611,6.83384
u0015697:i0407887,6.83384
u0015697:i0418689,6.83384
u0015697:i0420223,6.83384
u0015697:i0816692,6.83384
u0015697:i0824747,6.83384
u0015697:i0945513,6.83384
u0015697:i0959337,6.83384
u0015697:i1028532,6.83384
u0015697:i1178663,6.83384
u0015697:i1187043,6.83384
u0015697:i1504320,6.83384
u0015697:i1756750,6.83384
u0015697:i1872194,6.83384
u0015697:i1937149,6.83384
u0015697:i2084970,6.83384
u0015697:i2245084,6.83384
u0015697:i2338151,6.83384
u0015697:i2562232,6.83384
u0015697:i2713180,6.83384
u0015697:i2718492,6.83384
u0015697:i2785032,6.83384
u0015697:i2802144,6.83384
u0015697:i2872718,6.83384
u0015697:i2911666,6.83384
u0015697:i2980516,6.83384
u0015701:i1798684,6.83394
u0015701:i2802144,6.83394
u0015701:i2980516,6.83394
u0015715:i1988621,7.45651
u0015715:i2309224,7.45651
u0015715:i2321549,7.45651
u0015715:i2561546,7.45651
u0015770:i1809398,7.87744
u0015770:i2562232,7.87744
u0015770:i2608224,7.87744
u0015770:i2872732,7.87744
u0015770:i3894188,7.87744
u0015798:i0470752,7.92598
u0015798:i2199571,7.92598
u0015798:i2802144,7.92598
u0015798:i2908446,7.92598
u0015846:i0426931,6.95423
u0015846:i0443706,6.95423
u0015846:i0446029,6.95423
u0015846:i0787474,6.95423
u0015846:i0805564,6.95423
u0015846:i1126590,6.95423
u0015846:i1334260,6.95423
u0015846:i1563738,6.95423
u0015846:i1631867,6.95423
u0015846:i1726592,6.95423
u0015846:i2245084,6.95423
u0015846:i2473794,6.95423
u0015846:i2562232,6.95423
u0015846:i2870708,6.95423
u0015846:i2872750,6.95423
u0015846:i2991224,6.95423
u0015846:i3472226,6.95423
u0015850:i0383222,6.51155
u0015850:i0458481,6.51155
u0015850:i1121096,6.51155
u0015850:i2802144,6.51155
u0015874:i0455944,6.40231
u0015874:i1267297,5.76677
u0015874:i1422020,3.77697
u0015874:i1433811,5.6405
u0015874:i2637276,5.88792
u0015874:i2788710,6.66573
u0015874:i3442006,6.73152
u0015876:i0816692,7.67
u0015876:i1631867,7.67
u0015876:i2562232,7.67
u0015876:i2980516,7.67
u0015915:i0800240,6.83128
u0015915:i0829150,6.83128
u0015915:i1272878,6.83128
u0015915:i1381418,6.83128
u0015915:i1596350,6.83128
u0015915:i2637276,6.83128
u0015915:i2713180,6.83128
u0015915:i3202890,6.83128
u0015915:i3203616,6.83128
u0015929:i0096928,6.62663
u0015929:i0118688,5.30345
u0015929:i0118929,4.94318
u0015929:i0177789,6.26706
u0015929:i0816711,5.4446
u0015929:i1340138,6.31363
u0015929:i1499658,5.7628
u0015929:i1631867,6.42474
u0015929:i1723121,5.39575
u0015929:i2004420,6.77353
u0015929:i2084970,6.47973
u0015929:i2267998,6.18556
u0015929:i2294449,6.34811
u0015929:i2395427,6.61259
u0015929:i2562232,6.64245
u0015929:i2872732,6.3573
u0015929:i4730872,0
u0015962:i0478970,7.60697
u0015962:i1392190,7.60697
u0015962:i1617661,7.60697
u0015962:i1823672,7.60697
u0015962:i2179136,7.60697
u0015962:i2381249,7.60697
u0015962:i2401097,7.60697
u0015962:i2446042,7.60697
u0015962:i3469244,7.60697
u0015962:i3672840,7.60697
u0015962:i3802576,7.60697
u0015962:i3848892,7.60697
u0015972:i0099077,7.60697
u0015972:i0106856,7.60697
u0015972:i0108550,7.60697
u0015972:i0175880,7.60697
u0015972:i0289992,7.60697
u0015972:i0361862,7.60697
u0015972:i0378793,7.60697
u0015972:i0380510,7.60697
u0015972:i0399295,7.60697
u0015972:i0427392,7.60697
u0015972:i0455323,7.60697
u0015972:i0765010,7.60697
u0015972:i0959337,7.60697
u0015972:i0978800,7.60697
u0015972:i1020072,7.60697
u0015972:i1058017,7.60697
u0015972:i1100089,7.60697
u0015972:i1126590,7.60697
u0015972:i1336617,7.60697
u0015972:i1340138,7.60697
u0015972:i1441940,7.60697
u0015972:i1450321,7.60697
u0015972:i1456606,7.60697
u0015972:i1462758,7.60697
u0015972:i1486834,7.60697
u0015972:i1600196,7.60697
u0015972:i1637688,7.60697
u0015972:i1698641,7.60697
u0015972:i1730687,7.60697
u0015972:i1742044,7.60697
u0015972:i1791682,7.60697
u0015972:i1809398,7.60697
u0015972:i1885331,7.60697
u0015972:i1975159,7.60697
u0015972:i1995341,7.60697
u0015972:i2040367,7.60697
u0015972:i2053425,7.60697
u0015972:i2084970,7.60697
u0015972:i2112337,7.60697
u0015972:i2179136,7.60697
u0015972:i2305051,7.60697
u0015972:i2322441,7.60697
u0015972:i2381941,7.60697
u0015972:i2409818,7.60697
u0015972:i2452254,7.60697
u0015972:i2548208,7.60697
u0015972:i2562232,7.60697
u0015972:i2707848,7.60697
u0015972:i2737050,7.60697
u0015972:i2756032,7.60697
u0015972:i2866360,7.60697
u0015972:i2980516,7.60697
u0015972:i3179568,7.60697
u0015972:i3203616,7.60697
u0015972:i3612616,7.60697
u0015972:i4226388,7.60697
u0015999:i0074452,7.33035
u0015999:i0311113,7.33035
u0015999:i2084970,7.33035
u0015999:i2179136,7.33035
u0015999:i2872718,7.33035
u0015999:i2980516,7.33035
u0015999:i3297330,7.33035
u0016035:i1709143,7.92598
u0016035:i1959490,7.92598
u0016035:i2316411,7.92598
u0016037:i0369610,7.92598
u0016037:i0478970,7.92598
u0016037:i1029360,7.92598
u0016037:i1340138,7.92598
u0016037:i1638355,7.92598
u0016037:i1772264,7.92598
u0016037:i1823672,7.92598
u0016037:i2126355,7.92598
u0016037:i2179136,7.92598
u0016037:i2293640,7.92598
u0016037:i2381249,7.92598
u0016037:i2752772,7.92598
u0016037:i2802144,7.92598
u0016037:i2820852,7.92598
u0016037:i2908446,7.92598
u0016037:i3079380,7.92598
u0016037:i3195644,7.92598
u0016040:i0054215,4.87749
u0016040:i0134119,6.6346
u0016040:i0470752,6.59025
u0016040:i1327194,4.52218
u0016040:i1392190,6.21004
u0016040:i1528100,6.67165
u0016040:i1661199,6.45661
u0016040:i1674771,6.36854
u0016040:i2039393,6.45047
u0016040:i2096672,6.75286
u0016040:i2096673,6.43164
u0016040:i2224026,6.60149
u0016040:i2318092,6.83877
u0016040:i2322441,6.75313
u0016040:i2390361,5.50994
u0016040:i2463288,5.77431
u0016040:i2582496,5.717
u0016040:i2614684,5.91855
u0016040:i2637276,5.91119
u0016040:i2802144,6.45859
u0016040:i2820852,6.34686
u0016040:i2980648,6.69471
u0016040:i2994190,6.05925
u0016040:i3007512,6.36303
u0016040:i3078242,2.83773
u0016040:i3079380,6.10784
u0016040:i3442006,6.79884
u0016058:i1171222,6.70226
u0016058:i2339741,6.70226
u0016058:i2381249,6.70226
u0016058:i2948790,6.70226
u0016058:i4178092,6.70226
u0016060:i0010323,7.30893
u0016060:i0022100,7.30893
u0016060:i0037469,7.30893
u0016060:i0057590,7.30893
u0016060:i0066769,7.30893
u0016060:i0070511,7.30893
u0016060:i0077921,7.30893
u0016060:i0078723,7.30893
u0016060:i0079944,7.30893
u0016060:i0082736,7.30893
u0016060:i0086979,7.30893
u0016060:i0088117,7.30893
u0016060:i0096463,7.30893
u0016060:i0097108,7.30893
u0016060:i0100150,7.30893
u0016060:i0103873,7.30893
u0016060:i0111742,7.30893
u0016060:i0113277,7.30893
u0016060:i0113409,7.30893
u0016060:i0189998,7.30893
u0016060:i1205537,7.30893
u0016060:i1560747,7.30893
u0016060:i1872194,7.30893
u0016060:i1971325,7.30893
u0016060:i2024544,7.30893
u0016060:i2039393,7.30893
u0016060:i2084970,7.30893
u0016060:i2103217,7.30893
u0016060:i2557490,7.30893
u0016060:i3235888,7.30893
u0016060:i3395184,7.30893
u0016064:i0098724,7.23738
u0016064:i0453467,7.23738
u0016064:i1340138,7.23738
u0016064:i1655441,7.23738
u0016064:i2084970,7.23738
u0016064:i2322441,7.23738
u0016064:i2582802,7.23738
u0016064:i3197766,7.23738
u0016064:i3594826,7.23738
u0016099:i0086250,4.12041
u0016099:i0111161,4.17432
u0016099:i0169547,5.3996
u0016099:i1748122,6.23594
u0016165:i0758774,7.41959
u0016165:i1588173,7.41959
u0016165:i1638002,7.41959
u0016166:i0021571,7.96385
u0016166:i0068555,7.96385
u0016166:i0069097,7.96385
u0016166:i0073312,7.96385
u0016166:i0076759,7.96385
u0016166:i0078841,7.96385
u0016166:i0079522,7.96385
u0016166:i0080684,7.96385
u0016166:i0088247,7.96385
u0016166:i0089853,7.96385
u0016166:i0091167,7.96385
u0016166:i0097123,7.96385
u0016166:i0103064,7.96385
u0016166:i0109348,7.96385
u0016166:i0113347,7.96385
u0016166:i0115906,7.96385
u0016166:i0119174,7.96385
u0016166:i0119937,7.96385
u0016166:i0126886,7.96385
u0016166:i0146336,7.96385
u0016166:i0166896,7.96385
u0016166:i0167404,7.96385
u0016166:i0172493,7.96385
u0016166:i0180093,7.96385
u0016166:i0181852,7.96385
u0016166:i0217869,7.96385
u0016166:i0257360,7.96385
u0016166:i0258000,7.96385
u0016166:i0375063,7.96385
u0016166:i0378947,7.96385
u0016166:i0399295,7.96385
u0016166:i0416320,7.96385
u0016166:i0438488,7.96385
u0016166:i0457513,7.96385
u0016166:i0470752,7.96385
u0016166:i0497465,7.96385
u0016166:i0762110,7.96385
u0016166:i0900387,7.96385
u0016166:i1020072,7.96385
u0016166:i1033575,7.96385
u0016166:i1109624,7.96385
u0016166:i1126590,7.96385
u0016166:i1136608,7.96385
u0016166:i1282140,7.96385
u0016166:i1323594,7.96385
u0016166:i1340138,7.96385
u0016166:i1392190,7.96385
u0016166:i1567437,7.96385
u0016166:i1605783,7.96385
u0016166:i1655442,7.96385
u0016166:i1661199,7.96385
u0016166:i1772288,7.96385
u0016166:i1791528,7.96385
u0016166:i1791682,7.96385
u0016166:i1823672,7.96385
u0016166:i1881002,7.96385
u0016166:i2096673,7.96385
u0016166:i2170593,7.96385
u0016166:i2305051,7.96385
u0016166:i2322441,7.96385
u0016166:i2334873,7.96385
u0016166:i2381249,7.96385
u0016166:i2404425,7.96385
u0016166:i2555736,7.96385
u0016166:i2614684,7.96385
u0016166:i2639344,7.96385
u0016166:i2714900,7.96385
u0016166:i2802144,7.96385
u0016166:i2822742,7.96385
u0016166:i2872750,7.96385
u0016166:i2911666,7.96385
u0016166:i2937898,7.96385
u0016166:i2980516,7.96385
u0016166:i2980592,7.96385
u0016166:i2991224,7.96385
u0016166:i3074780,7.96385
u0016166:i3205376,7.96385
u0016166:i3235888,7.96385
u0016166:i3335048,7.96385
u0016166:i3416742,7.96385
u0016166:i3505712,7.96385
u0016166:i3713166,7.96385
u0016166:i3715320,7.96385
u0016166:i4044364,7.96385
u0016166:i4084744,7.96385
u0016192:i0057128,0
u0016192:i0086465,6.16653
u0016192:i0830515,5.37476
u0016198:i0478970,7.54734
u0016198:i0884732,7.54734
u0016198:i0959306,7.54734
u0016198:i1392190,7.54734
u0016198:i1638355,7.54734
u0016198:i1698641,7.54734
u0016198:i1781922,7.54734
u0016198:i1798684,7.54734
u0016198:i1850397,7.54734
u0016198:i2179136,7.54734
u0016198:i2273657,7.54734
u0016198:i2304459,7.54734
u0016198:i2381249,7.54734
u0016198:i2393845,7.54734
u0016198:i2395427,7.54734
u0016198:i2402101,7.54734
u0016198:i2582802,7.54734
u0016198:i2679042,7.54734
u0016198:i2802144,7.54734
u0016198:i2917388,7.54734
u0016198:i2948790,7.54734
u0016198:i3203616,7.54734
u0016198:i3247714,7.54734
u0016198:i3687398,7.54734
u0016198:i3849692,7.54734
u0016198:i3863552,7.54734
u0016198:i4178092,7.54734
u0016198:i4629746,7.54734
u0016211:i0385703,7.59476
u0016211:i0470752,7.59476
u0016211:i0478970,7.59476
u0016211:i1126590,7.59476
u0016211:i1441953,7.59476
u0016211:i1600196,7.59476
u0016211:i1798684,7.59476
u0016211:i1872194,7.59476
u0016211:i1951265,7.59476
u0016211:i2182972,7.59476
u0016211:i2381249,7.59476
u0016211:i2562232,7.59476
u0016211:i2582802,7.59476
u0016211:i2820852,7.59476
u0016211:i2965412,7.59476
u0016211:i2980516,7.59476
u0016211:i3007512,7.59476
u0016211:i3316960,7.59476
u0016211:i4178092,7.59476
u0016212:i2273657,5.89621
u0016212:i2637276,5.93456
u0016212:i3079380,6.12252
u0016222:i0082971,7.5222
u0016222:i0083658,7.5222
u0016222:i0087469,7.5222
u0016222:i0089469,7.5222
u0016222:i0096895,7.5222
u0016222:i0096928,7.5222
u0016222:i0097523,7.5222
u0016222:i0097576,7.5222
u0016222:i0099685,7.5222
u0016222:i0099951,7.5222
u0016222:i0106697,7.5222
u0016222:i0106950,7.5222
u0016222:i0107290,7.5222
u0016222:i0112431,7.5222
u0016222:i0113855,7.5222
u0016222:i0114709,7.5222
u0016222:i0117060,7.5222
u0016222:i0117218,7.5222
u0016222:i0117571,7.5222
u0016222:i0117998,7.5222
u0016222:i0119567,7.5222
u0016222:i0120363,7.5222
u0016222:i0120755,7.5222
u0016222:i0145660,7.5222
u0016222:i0163025,7.5222
u0016222:i0175142,7.5222
u0016222:i0227538,7.5222
u0016222:i0292506,7.5222
u0016222:i0298203,7.5222
u0016222:i0317219,7.5222
u0016222:i0317919,7.5222
u0016222:i0328107,7.5222
u0016222:i0367882,7.5222
u0016222:i0369610,7.5222
u0016222:i0419677,7.5222
u0016222:i0420223,7.5222
u0016222:i0457510,7.5222
u0016222:i0470752,7.5222
u0016222:i0478970,7.5222
u0016222:i0787474,7.5222
u0016222:i0816692,7.5222
u0016222:i1029360,7.5222
u0016222:i1093369,7.5222
u0016222:i1100089,7.5222
u0016222:i1109624,7.5222
u0016222:i1170358,7.5222
u0016222:i1226229,7.5222
u0016222:i1392190,7.5222
u0016222:i1567437,7.5222
u0016222:i1661199,7.5222
u0016222:i1823672,7.5222
u0016222:i1951265,7.5222
u0016222:i1988621,7.5222
u0016222:i2088003,7.5222
u0016222:i2145829,7.5222
u0016222:i2179136,7.5222
u0016222:i2180411,7.5222
u0016222:i2199571,7.5222
u0016222:i2224026,7.5222
u0016222:i2231253,7.5222
u0016222:i2245084,7.5222
u0016222:i2261331,7.5222
u0016222:i2279373,7.5222
u0016222:i2309260,7.5222
u0016222:i2310332,7.5222
u0016222:i2381941,7.5222
u0016222:i2395427,7.5222
u0016222:i2446042,7.5222
u0016222:i2515034,7.5222
u0016222:i2562232,7.5222
u0016222:i2577172,7.5222
u0016222:i2582802,7.5222
u0016222:i2637276,7.5222
u0016222:i2793490,7.5222
u0016222:i2799166,7.5222
u0016222:i2802144,7.5222
u0016222:i2937898,7.5222
u0016222:i3086442,7.5222
u0016222:i3195644,7.5222
u0016222:i3235888,7.5222
u0016222:i3316960,7.5222
u0016222:i3411432,7.5222
u0016222:i3416742,7.5222
u0016222:i3713166,7.5222
u0016248:i0384537,7.25181
u0016248:i0450345,7.25181
u0016248:i0758746,7.25181
u0016248:i0837562,7.25181
u0016248:i0993846,7.25181
u0016248:i1181791,7.25181
u0016248:i1213663,7.25181
u0016248:i1336608,7.25181
u0016248:i1362058,7.25181
u0016248:i1465522,7.25181
u0016248:i1596365,7.25181
u0016248:i1663662,7.25181
u0016248:i1843866,7.25181
u0016248:i1922777,7.25181
u0016248:i1939659,7.25181
u0016248:i2015381,7.25181
u0016248:i2234155,7.25181
u0016248:i2294629,7.25181
u0016248:i2404463,7.25181
u0016248:i3177316,7.25181
u0016248:i3322940,7.25181
u0016271:i0108052,5.66184
u0016271:i0110912,4.96323
u0016271:i0113243,4.88098
u0016271:i0134033,0
u0016271:i0340227,0
u0016271:i0458481,6.63149
u0016271:i1194173,5.91426
u0016271:i1606339,0
u0016271:i1945044,6.4579
u0016271:i2436386,6.72611
u0016271:i3090880,0
u0016271:i3397918,5.29784
u0016299:i0088161,7.63478
u0016299:i0343135,7.63478
u0016299:i0425061,7.63478
u0016299:i0448124,7.63478
u0016299:i0452643,7.63478
u0016299:i0816442,7.63478
u0016299:i1193138,7.63478
u0016299:i1449283,7.63478
u0016318:i0381849,4.09159
u0016318:i0416508,2.50303
u0016318:i0462504,4.80184
u0016318:i0816711,5.58072
u0016318:i1014763,6.00812
u0016318:i1291584,4.48185
u0016318:i1601913,4.20631
u0016318:i1637725,5.81758
u0016318:i2395427,6.61975
u0016318:i2726560,5.70428
u0016318:i2848292,6.32657
u0016318:i2975578,5.59659
u0016343:i0095765,7.4972
u0016343:i0243655,7.4972
u0016343:i0878804,7.4972
u0016343:i1020072,7.4972
u0016343:i1424432,7.4972
u0016343:i2278871,7.4972
u0016343:i2350496,7.4972
u0016343:i2581244,7.4972
u0016343:i2788556,7.4972
u0016343:i2870648,7.4972
u0016343:i2936978,7.4972
u0016343:i3235888,7.4972
u0016365:i0051201,7.44634
u0016365:i0075404,7.44634
u0016365:i0081505,7.44634
u0016365:i0093058,7.44634
u0016365:i0107227,7.44634
u0016365:i0206634,7.44634
u0016365:i0372824,7.44634
u0016365:i0414993,7.44634
u0016365:i0947798,7.44634
u0016365:i1063669,7.44634
u0016365:i1065073,7.44634
u0016365:i1193138,7.44634
u0016365:i1235166,7.44634
u0016365:i1392190,7.44634
u0016365:i1550312,7.44634
u0016365:i1823672,7.44634
u0016365:i2070649,7.44634
u0016365:i2652092,7.44634
u0016365:i2737050,7.44634
u0016365:i2785032,7.44634
u0016365:i2802144,7.44634
u0016365:i2969522,7.44634
u0016365:i3042408,7.44634
u0016365:i3153634,7.44634
u0016365:i3461252,7.44634
u0016385:i0097123,7.43282
u0016385:i0101410,7.43282
u0016385:i0104348,7.43282
u0016385:i0106519,7.43282
u0016385:i0114746,7.43282
u0016385:i0117665,7.43282
u0016385:i0120601,7.43282
u0016385:i0258760,7.43282
u0016385:i0407887,7.43282
u0016385:i0425210,7.43282
u0016385:i0433035,7.43282
u0016385:i0485947,7.43282
u0016385:i0896872,7.43282
u0016385:i1020072,7.43282
u0016385:i1065073,7.43282
u0016385:i1100089,7.43282
u0016385:i1126590,7.43282
u0016385:i1204340,7.43282
u0016385:i1219289,7.43282
u0016385:i1392214,7.43282
u0016385:i1631867,7.43282
u0016385:i1670345,7.43282
u0016385:i1931533,7.43282
u0016385:i2084970,7.43282
u0016385:i2562232,7.43282
u0016385:i2567712,7.43282
u0016385:i2582802,7.43282
u0016385:i2872718,7.43282
u0016385:i2937898,7.43282
u0016385:i2975578,7.43282
u0016385:i2980516,7.43282
u0016385:i2980648,7.43282
u0016385:i3011894,7.43282
u0016385:i3169706,7.43282
u0016390:i0063385,4.92249
u0016390:i0090728,6.51029
u0016390:i0105236,5.31522
u0016390:i0106471,0
u0016390:i0107048,5.89445
u0016390:i0107290,5.6368
u0016390:i0110912,5.0488
u0016390:i0115734,2.44507
u0016390:i0116367,5.85309
u0016390:i0120586,4.90632
u0016390:i0137523,5.00273
u0016390:i0246578,5.40537
u0016390:i0362270,4.16845
u0016390:i0369610,6.39096
u0016390:i0384680,3.60468
u0016390:i0449059,5.75047
u0016390:i0468569,4.44633
u0016390:i0469494,5.59777
u0016390:i0804497,4.04209
u0016390:i1029360,6.96375
u0016390:i1204977,7.02078
u0016390:i1311071,5.26322
u0016390:i1440292,5.72229
u0016390:i1638002,5.3337
u0016390:i1727388,7.00202
u0016390:i1790864,6.19276
u0016390:i1798709,5.75385
u0016390:i1853728,4.37907
u0016390:i1922777,5.69769
u0016390:i2126355,6.64517
u0016390:i2179116,6.46295
u0016390:i2395427,6.62692
u0016390:i2396224,4.69774
u0016390:i2726560,5.76133
u0016390:i2848292,6.35902
u0016401:i0080455,5.09013
u0016401:i0209144,5.2027
u0016401:i1065073,6.46326
u0016401:i1204975,6.84764
u0016401:i1306980,5.11198
u0016401:i2322441,6.77572
u0016401:i2562232,6.64947
u0016401:i2788710,6.69385
u0016401:i2980516,6.68657
u0016411:i2084970,6.48644
u0016411:i2911666,6.78333
u0016411:i2980516,6.69549
u0016411:i3316960,6.45556
u0016418:i1726592,7.60697
u0016418:i1850397,7.60697
u0016418:i1872194,7.60697
u0016418:i2084970,7.60697
u0016418:i2322441,7.60697
u0016457:i0790724,7.87037
u0016457:i1059836,7.87037
u0016457:i1413495,7.87037
u0016457:i2120120,7.87037
u0016457:i2172934,7.87037
u0016460:i0118694,6.39376
u0016460:i1100089,6.39376
u0016460:i1865505,6.39376
u0016460:i2935476,6.39376
u0016460:i2937898,6.39376
u0016460:i3011894,6.39376
u0016460:i3316960,6.39376
u0016472:i0299977,7.75862
u0016472:i0478970,7.75862
u0016472:i0756683,7.75862
u0016472:i0970411,7.75862
u0016472:i1528071,7.75862
u0016472:i1971325,7.75862
u0016472:i1981677,7.75862
u0016472:i2084970,7.75862
u0016472:i2179136,7.75862
u0016472:i2180411,7.75862
u0016472:i2395427,7.75862
u0016472:i2692250,7.75862
u0016472:i2713180,7.75862
u0016472:i2802144,7.75862
u0016472:i2820852,7.75862
u0016472:i2848292,7.75862
u0016472:i2908446,7.75862
u0016472:i2911666,7.75862
u0016472:i2965412,7.75862
u0016472:i2980516,7.75862
u0016487:i2275946,6.20673
u0016487:i2493486,5.70675
u0016487:i2784678,6.59196
u0016491:i0063522,6.7785
u0016491:i0110475,6.7785
u0016491:i0360486,6.7785
u0016491:i0371746,6.7785
u0016491:i0443706,6.7785
u0016491:i0454921,6.7785
u0016491:i0485947,6.7785
u0016491:i0490204,6.7785
u0016491:i0802948,6.7785
u0016491:i0926762,6.7785
u0016491:i1078912,6.7785
u0016491:i1126590,6.7785
u0016491:i1187043,6.7785
u0016491:i1306980,6.7785
u0016491:i1313139,6.7785
u0016491:i1397280,6.7785
u0016491:i1528071,6.7785
u0016491:i1587310,6.7785
u0016491:i1590089,6.7785
u0016491:i1655420,6.7785
u0016491:i1780798,6.7785
u0016491:i1790864,6.7785
u0016491:i1800246,6.7785
u0016491:i1838520,6.7785
u0016491:i1839492,6.7785
u0016491:i1850397,6.7785
u0016491:i2082152,6.7785
u0016491:i2140619,6.7785
u0016491:i2179136,6.7785
u0016491:i2180994,6.7785
u0016491:i2203939,6.7785
u0016491:i2231253,6.7785
u0016491:i2244901,6.7785
u0016491:i2245084,6.7785
u0016491:i2309961,6.7785
u0016491:i2322441,6.7785
u0016491:i2377322,6.7785
u0016491:i2446042,6.7785
u0016491:i2562232,6.7785
u0016491:i2582802,6.7785
u0016491:i2692250,6.7785
u0016491:i2797106,6.7785
u0016491:i2872718,6.7785
u0016491:i3045616,6.7785
u0016491:i3106120,6.7785
u0016491:i3179568,6.7785
u0016491:i3181822,6.7785
u0016491:i3442006,6.7785
u0016491:i4005692,6.7785
u0016491:i4315956,6.7785
u0016507:i0099685,5.44792
u0016507:i0105236,5.41551
u0016507:i0110912,5.13585
u0016507:i0111161,4.22585
u0016507:i0112573,5.21669
u0016507:i0114369,4.45986
u0016507:i0114814,4.79319
u0016507:i0117008,0
u0016507:i0120596,0
u0016507:i0120737,4.61265
u0016507:i0139654,6.89092
u0016507:i0167260,4.16499
u0016507:i0167261,3.73567
u0016507:i0320661,6.53067
u0016507:i0325710,6.29609
u0016507:i0332452,6.5213
u0016507:i0369610,6.39791
u0016507:i0372784,5.72011
u0016507:i0401792,5.74046
u0016507:i0421715,4.68231
u0016507:i0455944,6.43155
u0016507:i0482571,4.10406
u0016507:i0499549,5.5146
u0016507:i0829150,6.87686
u0016507:i0848228,5.65867
u0016507:i0903624,4.6985
u0016507:i0993846,5.76008
u0016507:i1010048,4.80687
u0016507:i1119646,4.82677
u0016507:i1170358,5.40876
u0016507:i1232829,5.55425
u0016507:i1285016,5.81452
u0016507:i1298650,5.76743
u0016507:i1343092,4.69376
u0016507:i1345836,4.08351
u0016507:i1392170,4.15044
u0016507:i1392190,6.21529
u0016507:i1535109,4.48938
u0016507:i1637725,5.95947
u0016507:i1670345,5.87373
u0016507:i1951264,5.12143
u0016507:i2267998,6.20079
u0016507:i2294449,6.43752
u0016507:i2310332,6.50489
u0016507:i2562232,6.6565
u0016507:i2788710,6.7221
u0016507:i2820852,6.35522
u0016507:i2911666,6.79847
u0016522:i0455944,6.46091
u0016522:i0898367,7.15586
u0016522:i1840309,6.45166
u0016522:i2170439,6.53115
u0016522:i2310332,6.53587
u0016522:i2345737,6.97042
u0016522:i2908446,6.21415
u0016522:i4229236,6.36075
u0016557:i0076759,4.97441
u0016557:i0079501,6.35168
u0016557:i0082694,6.34144
u0016557:i0086190,4.96446
u0016557:i0089530,6.37907
u0016557:i0120903,6.32761
u0016557:i0120915,4.81979
u0016557:i0121766,4.5127
u0016557:i0285728,0
u0016557:i0290334,5.25781
u0016557:i0369610,6.40487
u0016557:i0371746,5.44676
u0016557:i0376994,6.08292
u0016557:i0458525,6.05217
u0016557:i0848228,5.77656
u0016557:i1228705,5.76918
u0016557:i1270798,5.07017
u0016557:i1300854,6.11239
u0016557:i1392190,6.22054
u0016557:i1430132,5.12987
u0016557:i1877832,5.95677
u0016557:i2395427,6.6341
u0016559:i0421715,4.81238
u0016559:i2084970,6.49317
u0016559:i2980516,6.70441
u0016613:i1837613,6.53537
u0016613:i2573858,4.2619
u0016613:i2802144,6.46469
u0016620:i1951265,7.16851
u0016620:i2245084,7.16851
u0016620:i2315558,7.16851
u0016620:i2908446,7.16851
u0016620:i3089978,7.16851
u0016620:i3140100,7.16851
u0016631:i0018037,4.67427
u0016631:i0052357,5.02854
u0016631:i0068646,4.21924
u0016631:i0070047,5.70186
u0016631:i0076752,5.23868
u0016631:i0082971,6.31984
u0016631:i0094226,5.97891
u0016631:i0109830,5.16804
u0016631:i0120735,3.52426
u0016631:i0206634,5.28309
u0016631:i0268978,4.68676
u0016631:i0365748,6.39211
u0016631:i0409459,4.83917
u0016631:i0434409,5.91082
u0016631:i0479113,0
u0016631:i1087578,5.03281
u0016631:i1130884,4.34746
u0016631:i1270798,5.36842
u0016631:i2179136,6.69547
u0016631:i2381249,6.24658
u0016631:i2829176,0
u0016631:i2870648,6.84745
u0016631:i2899234,0
u0016631:i3205376,5.94319
u0016631:i3440132,0
u0016631:i3756788,5.00426
u0016631:i3797880,0
u0016631:i3867606,0
u0016631:i3887748,0
u0016631:i4186170,0
u0016631:i4536494,3.7363
u0016639:i1924396,5.91942
u0016639:i2084970,6.49989
u0016639:i2267998,6.21607
u0016639:i2379050,0
u0016648:i0407887,4.84207
u0016648:i0816692,6.016
u0016648:i1242422,2.78666
u0016648:i1392190,6.2258
u0016648:i1392214,4.85064
u0016648:i1638002,5.38354
u0016648:i1763303,6.21263
u0016648:i2179121,4.98158
u0016648:i2182972,6.60344
u0016648:i2980516,6.71335
u0016678:i0369610,6.41184
u0016678:i2096673,6.44568
u0016678:i2293640,6.37707
u0016678:i2395427,6.64129
u0016678:i2848292,6.39163
u0016678:i3152624,6.24982
u0016725:i1014763,6.07414
u0016725:i2395427,6.64849
u0016725:i2692904,6.84212
u0016744:i0369610,7.60697
u0016744:i1227378,7.60697
u0016744:i1286537,7.60697
u0016744:i1528734,7.60697
u0016744:i1567233,7.60697
u0016744:i1814930,7.60697
u0016744:i2381335,7.60697
u0016744:i2461034,7.60697
u0016746:i0371746,5.57645
u0016746:i1210819,6.29339
u0016746:i1228705,5.96812
u0016746:i1340138,6.32877
u0016746:i2388715,6.13701
u0016749:i1392190,7.60697
u0016749:i2125653,7.60697
u0016749:i2395427,7.60697
u0016749:i2549138,7.60697
u0016749:i2802144,7.60697
u0016749:i3205376,7.60697
u0016756:i0478970,6.15563
u0016756:i0816692,6.02472
u0016756:i1272878,5.67043
u0016756:i1798709,5.82076
u0016756:i2395427,6.65569
u0016756:i2802144,6.4708
u0016769:i0369610,6.74574
u0016769:i1340138,6.74574
u0016769:i1392190,6.74574
u0016769:i1980929,6.74574
u0016769:i2084970,6.74574
u0016769:i2126355,6.74574
u0016769:i2170593,6.74574
u0016769:i2245084,6.74574
u0016769:i2310332,6.74574
u0016769:i2395427,6.74574
u0016769:i2561572,6.74574
u0016769:i2637276,6.74574
u0016769:i2726560,6.74574
u0016769:i2802144,6.74574
u0016769:i2820852,6.74574
u0016769:i3079380,6.74574
u0016771:i0036126,8.33679
u0016771:i0054215,8.33679
u0016771:i0060196,8.33679
u0016771:i0062622,8.33679
u0016771:i0112384,8.33679
u0016771:i0114369,8.33679
u0016771:i0119177,8.33679
u0016771:i0119256,8.33679
u0016771:i0120889,8.33679
u0016771:i0144084,8.33679
u0016771:i0162222,8.33679
u0016771:i0181875,8.33679
u0016771:i0212720,8.33679
u0016771:i0272338,8.33679
u0016771:i0356721,8.33679
u0016771:i0379786,8.33679
u0016771:i0407887,8.33679
u0016771:i0443706,8.33679
u0016771:i0470752,8.33679
u0016771:i0780571,8.33679
u0016771:i0870984,8.33679
u0016771:i1028528,8.33679
u0016771:i1100089,8.33679
u0016771:i1375666,8.33679
u0016771:i1490017,8.33679
u0016771:i1560747,8.33679
u0016771:i1571222,8.33679
u0016771:i1632635,8.33679
u0016771:i1731141,8.33679
u0016771:i1791528,8.33679
u0016771:i1809398,8.33679
u0016771:i2084970,8.33679
u0016771:i2097298,8.33679
u0016771:i2179136,8.33679
u0016771:i2305051,8.33679
u0016771:i2322441,8.33679
u0016771:i2333804,8.33679
u0016771:i2381941,8.33679
u0016771:i2395427,8.33679
u0016771:i2582802,8.33679
u0016771:i2785032,8.33679
u0016771:i2802144,8.33679
u0016771:i2802154,8.33679
u0016771:i2872718,8.33679
u0016771:i2994190,8.33679
u0016771:i3297330,8.33679
u0016771:i3316960,8.33679
u0016771:i3689498,8.33679
u0016771:i4044364,8.33679
u0016777:i0073486,7.80477
u0016777:i0110116,7.80477
u0016777:i0470752,7.80477
u0016777:i1385956,7.80477
u0016777:i2246565,7.80477
u0016777:i2404425,7.80477
u0016777:i2466830,7.80477
u0016777:i2718492,7.80477
u0016777:i3986532,7.80477
u0016793:i1911644,7.92598
u0016793:i2126355,7.92598
u0016793:i2223990,7.92598
u0016796:i0133093,7.60697
u0016796:i0180093,7.60697
u0016796:i0470752,7.60697
u0016796:i1126590,7.60697
u0016796:i1371111,7.60697
u0016796:i1374992,7.60697
u0016796:i1655441,7.60697
u0016796:i1661199,7.60697
u0016796:i1837562,7.60697
u0016796:i1964418,7.60697
u0016796:i2096673,7.60697
u0016796:i2293640,7.60697
u0016796:i2576852,7.60697
u0016796:i2870756,7.60697
u0016796:i2908446,7.60697
u0016796:i3863552,7.60697
u0016796:i4178092,7.60697
u0016823:i0011541,7.37982
u0016823:i0041546,7.37982
u0016823:i0051808,7.37982
u0016823:i0052893,7.37982
u0016823:i0063678,7.37982
u0016823:i0069995,7.37982
u0016823:i0073076,7.37982
u0016823:i0074102,7.37982
u0016823:i0086879,7.37982
u0016823:i0091251,7.37982
u0016823:i0482901,7.37982
u0016823:i0910559,7.37982
u0016823:i1065073,7.37982
u0016823:i1149361,7.37982
u0016823:i1772925,7.37982
u0016823:i2096673,7.37982
u0016823:i2381249,7.37982
u0016823:i2417540,7.37982
u0016823:i2474024,7.37982
u0016823:i2552394,7.37982
u0016823:i2562232,7.37982
u0016823:i2720680,7.37982
u0016825:i0047945,0
u0016825:i0083944,5.82562
u0016825:i0089880,6.04553
u0016825:i0462499,5.18181
u0016825:i2084970,6.50663
u0016825:i2713180,6.60027
u0016825:i2802144,6.47691
u0016825:i2911666,6.81364
u0016834:i1392190,6.88354
u0016834:i2235108,6.88354
u0016834:i3011894,6.88354
u0016858:i0032455,7.58473
u0016858:i0033467,7.58473
u0016858:i0091149,7.58473
u0016858:i0098635,7.58473
u0016858:i0101414,7.58473
u0016858:i2802144,7.58473
u0016858:i3235888,7.58473
u0016865:i0401792,7.1458
u0016865:i0433035,7.1458
u0016865:i0796366,7.1458
u0016865:i0816692,7.1458
u0016865:i0822854,7.1458
u0016865:i1121096,7.1458
u0016865:i1220719,7.1458
u0016865:i1387252,7.1458
u0016865:i1392190,7.1458
u0016865:i1692190,7.1458
u0016865:i1823672,7.1458
u0016865:i2170439,7.1458
u0016865:i2173244,7.1458
u0016865:i2199571,7.1458
u0016865:i2231253,7.1458
u0016865:i2322441,7.1458
u0016865:i2339741,7.1458
u0016865:i2395427,7.1458
u0016865:i2436386,7.1458
u0016865:i2446042,7.1458
u0016865:i2562232,7.1458
u0016865:i2802144,7.1458
u0016865:i2820852,7.1458
u0016865:i2908446,7.1458
u0016865:i2911666,7.1458
u0016865:i2918436,7.1458
u0016865:i2980516,7.1458
u0016866:i0042876,7.92598
u0016866:i0047478,7.92598
u0016866:i0050613,7.92598
u0016866:i0055630,7.92598
u0016866:i0056443,7.92598
u0016866:i0089881,7.92598
u0016866:i0469494,7.92598
u0016866:i1065073,7.92598
u0016866:i1226271,7.92598
u0016866:i1706620,7.92598
u0016866:i2084970,7.92598
u0016866:i2267998,7.92598
u0016866:i2562232,7.92598
u0016866:i2582802,7.92598
u0016866:i2713180,7.92598
u0016866:i2872718,7.92598
u0016866:i2980516,7.92598
u0016870:i0338751,8.03636
u0016870:i0369610,8.03636
u0016870:i0478970,8.03636
u0016870:i1392190,8.03636
u0016870:i1398426,8.03636
u0016870:i1502712,8.03636
u0016870:i1798684,8.03636
u0016870:i2096673,8.03636
u0016870:i2126355,8.03636
u0016870:i2179136,8.03636
u0016870:i2381249,8.03636
u0016870:i2381941,8.03636
u0016870:i2395427,8.03636
u0016870:i2637276,8.03636
u0016870:i2802144,8.03636
u0016870:i2820852,8.03636
u0016870:i2980516,8.03636
u0016873:i0111127,6.76298
u0016873:i0116313,6.76298
u0016873:i0120586,6.76298
u0016873:i0120777,6.76298
u0016873:i0369610,6.76298
u0016873:i0389860,6.76298
u0016873:i0425061,6.76298
u0016873:i0432289,6.76298
u0016873:i0452623,6.76298
u0016873:i0458413,6.76298
u0016873:i0470752,6.76298
u0016873:i0478970,6.76298
u0016873:i0492956,6.76298
u0016873:i0780521,6.76298
u0016873:i0861689,6.76298
u0016873:i0884732,6.76298
u0016873:i1014763,6.76298
u0016873:i1020072,6.76298
u0016873:i1086772,6.76298
u0016873:i1231587,6.76298
u0016873:i1270798,6.76298
u0016873:i1340138,6.76298
u0016873:i1355630,6.76298
u0016873:i1392190,6.76298
u0016873:i1480656,6.76298
u0016873:i1502712,6.76298
u0016873:i1510686,6.76298
u0016873:i1571249,6.76298
u0016873:i1617661,6.76298
u0016873:i1638355,6.76298
u0016873:i1655441,6.76298
u0016873:i1661199,6.76298
u0016873:i1666335,6.76298
u0016873:i1666801,6.76298
u0016873:i1698648,6.76298
u0016873:i1726592,6.76298
u0016873:i1772288,6.76298
u0016873:i1791528,6.76298
u0016873:i1791682,6.76298
u0016873:i1798684,6.76298
u0016873:i1823672,6.76298
u0016873:i1859522,6.76298
u0016873:i1872818,6.76298
u0016873:i1894476,6.76298
u0016873:i1929449,6.76298
u0016873:i1956620,6.76298
u0016873:i2096673,6.76298
u0016873:i2101569,6.76298
u0016873:i2126355,6.76298
u0016873:i2167266,6.76298
u0016873:i2172934,6.76298
u0016873:i2223990,6.76298
u0016873:i2224026,6.76298
u0016873:i2239832,6.76298
u0016873:i2245084,6.76298
u0016873:i2293640,6.76298
u0016873:i2322441,6.76298
u0016873:i2333804,6.76298
u0016873:i2358925,6.76298
u0016873:i2381249,6.76298
u0016873:i2381941,6.76298
u0016873:i2388715,6.76298
u0016873:i2395427,6.76298
u0016873:i2404425,6.76298
u0016873:i2436386,6.76298
u0016873:i2555736,6.76298
u0016873:i2561572,6.76298
u0016873:i2582802,6.76298
u0016873:i2637276,6.76298
u0016873:i2717822,6.76298
u0016873:i2802144,6.76298
u0016873:i2848292,6.76298
u0016873:i2870648,6.76298
u0016873:i2870756,6.76298
u0016873:i2908446,6.76298
u0016873:i2937898,6.76298
u0016873:i2975578,6.76298
u0016873:i3011894,6.76298
u0016873:i3064298,6.76298
u0016873:i3079380,6.76298
u0016873:i3152624,6.76298
u0016873:i3172532,6.76298
u0016873:i3179568,6.76298
u0016873:i3235888,6.76298
u0016873:i3294200,6.76298
u0016873:i3316960,6.76298
u0016873:i3442006,6.76298
u0016873:i3546114,6.76298
u0016873:i3622592,6.76298
u0016873:i3787590,6.76298
u0016873:i4044364,6.76298
u0016873:i4257858,6.76298
u0016873:i4284010,6.76298
u0016873:i4382552,6.76298
u0016891:i0012349,3.86327
u0016891:i0015864,4.77259
u0016891:i0027977,5.37205
u0016891:i0047478,4.7574
u0016891:i0050083,4.98853
u0016891:i0113277,5.86803
u0016891:i0367959,5.9487
u0016891:i0964517,5.08216
u0016891:i1001526,5.58019
u0016891:i1285016,6.00209
u0016891:i1392190,6.23106
u0016891:i1454468,5.28745
u0016891:i1646926,0
u0016891:i2084970,6.51337
u0016891:i2294629,5.9769
u0016891:i2334873,6.35532
u0016891:i2381249,6.25775
u0016891:i2872732,6.38801
u0016891:i2980516,6.7223
u0016891:i3316960,6.47549
u0016891:i3698408,6.15499
u0016891:i4114744,5.41887
u0016907:i0013442,8.11843
u0016907:i0049833,8.11843
u0016907:i0120866,8.11843
u0016907:i0267913,8.11843
u0016907:i2562232,8.11843
u0016908:i1385826,6.85551
u0016908:i2245084,6.75296
u0016908:i2820852,6.3636
u0016922:i0108394,3.58106
u0016922:i0287467,3.87529
u0016922:i0976051,4.63515
u0016928:i0050083,7.042
u0016928:i0057115,7.042
u0016928:i0072890,7.042
u0016928:i0075314,7.042
u0016928:i0075686,7.042
u0016928:i0078788,7.042
u0016928:i0079522,7.042
u0016928:i0081398,7.042
u0016928:i0086979,7.042
u0016928:i0090756,7.042
u0016928:i0091167,7.042
u0016928:i0093818,7.042
u0016928:i0097123,7.042
u0016928:i0099674,7.042
u0016928:i0099785,7.042
u0016928:i0101540,7.042
u0016928:i0105236,7.042
u0016928:i0105665,7.042
u0016928:i0110912,7.042
u0016928:i0112384,7.042
u0016928:i0112573,7.042
u0016928:i0112641,7.042
u0016928:i0116282,7.042
u0016928:i0119008,7.042
u0016928:i0119822,7.042
u0016928:i0120689,7.042
u0016928:i0137523,7.042
u0016928:i0166924,7.042
u0016928:i0172495,7.042
u0016928:i0223897,7.042
u0016928:i0253474,7.042
u0016928:i0257360,7.042
u0016928:i0268978,7.042
u0016928:i0327056,7.042
u0016928:i0332280,7.042
u0016928:i0358273,7.042
u0016928:i0376541,7.042
u0016928:i0381681,7.042
u0016928:i0405159,7.042
u0016928:i0407887,7.042
u0016928:i0416320,7.042
u0016928:i0449059,7.042
u0016928:i0482571,7.042
u0016928:i0485947,7.042
u0016928:i0499603,7.042
u0016928:i0758758,7.042
u0016928:i0765429,7.042
u0016928:i0816692,7.042
u0016928:i1028532,7.042
u0016928:i1058017,7.042
u0016928:i1178663,7.042
u0016928:i1231583,7.042
u0016928:i1243974,7.042
u0016928:i1375666,7.042
u0016928:i1433811,7.042
u0016928:i1504320,7.042
u0016928:i1545754,7.042
u0016928:i1602620,7.042
u0016928:i1675434,7.042
u0016928:i1748122,7.042
u0016928:i1809398,7.042
u0016928:i1853728,7.042
u0016928:i2042568,7.042
u0016928:i2170439,7.042
u0016928:i2305051,7.042
u0016928:i2310332,7.042
u0016928:i2322441,7.042
u0016928:i2431286,7.042
u0016928:i2561572,7.042
u0016928:i2692904,7.042
u0016928:i2737050,7.042
u0016928:i2758880,7.042
u0016928:i2802144,7.042
u0016928:i2883512,7.042
u0016928:i2884206,7.042
u0016928:i2967006,7.042
u0016928:i3316960,7.042
u0016936:i0114814,6.81247
u0016936:i0196229,6.81247
u0016936:i0369610,6.81247
u0016936:i0425210,6.81247
u0016936:i0465494,6.81247
u0016936:i0470752,6.81247
u0016936:i0481369,6.81247
u0016936:i0884732,6.81247
u0016936:i1126590,6.81247
u0016936:i1198156,6.81247
u0016936:i1392190,6.81247
u0016936:i1413495,6.81247
u0016936:i1617661,6.81247
u0016936:i1661199,6.81247
u0016936:i1725986,6.81247
u0016936:i1731701,6.81247
u0016936:i1823664,6.81247
u0016936:i1823672,6.81247
u0016936:i2097298,6.81247
u0016936:i2183034,6.81247
u0016936:i2224026,6.81247
u0016936:i2293640,6.81247
u0016936:i2358925,6.81247
u0016936:i2395427,6.81247
u0016936:i2402101,6.81247
u0016936:i2493486,6.81247
u0016936:i2494280,6.81247
u0016936:i2555736,6.81247
u0016936:i2637276,6.81247
u0016936:i2726560,6.81247
u0016936:i2758904,6.81247
u0016936:i2802144,6.81247
u0016936:i2820852,6.81247
u0016936:i2848292,6.81247
u0016936:i2908446,6.81247
u0016936:i2967224,6.81247
u0016936:i3045616,6.81247
u0016936:i3079380,6.81247
u0016936:i3125324,6.81247
u0016936:i3181822,6.81247
u0016936:i3247714,6.81247
u0016936:i3717016,6.81247
u0016936:i3793788,6.81247
u0016956:i2267998,7.39575
u0016956:i2395427,7.39575
u0016956:i2582802,7.39575
u0016975:i0051404,7.52442
u0016975:i0051983,7.52442
u0016975:i0056119,7.52442
u0016975:i0070460,7.52442
u0016975:i0071690,7.52442
u0016975:i0079944,7.52442
u0016975:i0082096,7.52442
u0016975:i1204340,7.52442
u0016975:i1242545,7.52442
u0016975:i2582802,7.52442
u0016975:i2675914,7.52442
u0016975:i2802154,7.52442
u0016975:i3391782,7.52442
u0016975:i3612616,7.52442
u0016986:i0478970,7.17367
u0016986:i2096673,7.17367
u0016986:i2179136,7.17367
u0016986:i2582802,7.17367
u0016986:i3316960,7.17367
u0017017:i0790636,7.24576
u0017017:i1153706,7.24576
u0017017:i1335975,7.24576
u0017017:i1392190,7.24576
u0017017:i1502712,7.24576
u0017017:i1542344,7.24576
u0017017:i1872194,7.24576
u0017017:i2096673,7.24576
u0017017:i2126355,7.24576
u0017017:i2179136,7.24576
u0017017:i2293640,7.24576
u0017017:i2381249,7.24576
u0017017:i2446042,7.24576
u0017017:i2717822,7.24576
u0017017:i2802144,7.24576
u0017017:i2872750,7.24576
u0017031:i1126590,6.89727
u0017031:i2084970,6.89727
u0017031:i2820852,6.89727
u0017042:i0369610,8.07071
u0017042:i1100089,8.07071
u0017042:i2179136,8.07071
u0017042:i2395427,8.07071
u0017042:i2582802,8.07071
u0017042:i2802144,8.07071
u0017053:i0082694,6.82096
u0017053:i0470752,6.82096
u0017053:i0478970,6.82096
u0017053:i1065073,6.82096
u0017053:i1392190,6.82096
u0017053:i1399103,6.82096
u0017053:i1568346,6.82096
u0017053:i1655441,6.82096
u0017053:i1790864,6.82096
u0017053:i1964418,6.82096
u0017053:i2096673,6.82096
u0017053:i2179136,6.82096
u0017053:i2267998,6.82096
u0017053:i2278388,6.82096
u0017053:i2293640,6.82096
u0017053:i2395427,6.82096
u0017053:i2562232,6.82096
u0017053:i2582802,6.82096
u0017053:i2820852,6.82096
u0017053:i2908446,6.82096
u0017053:i2980516,6.82096
u0017053:i3011894,6.82096
u0017053:i3819668,6.82096
u0017081:i0375912,7.25923
u0017081:i0470752,7.25923
u0017081:i0483631,7.25923
u0017081:i0884732,7.25923
u0017081:i0896872,7.25923
u0017081:i1100089,7.25923
u0017081:i1151309,7.25923
u0017081:i1355630,7.25923
u0017081:i1371150,7.25923
u0017081:i1386703,7.25923
u0017081:i1614989,7.25923
u0017081:i1617661,7.25923
u0017081:i1645155,7.25923
u0017081:i1655441,7.25923
u0017081:i1674771,7.25923
u0017081:i1726592,7.25923
u0017081:i1791528,7.25923
u0017081:i1823672,7.25923
u0017081:i1872194,7.25923
u0017081:i1907668,7.25923
u0017081:i1937390,7.25923
u0017081:i2039393,7.25923
u0017081:i2101441,7.25923
u0017081:i2170439,7.25923
u0017081:i2172584,7.25923
u0017081:i2179136,7.25923
u0017081:i2278388,7.25923
u0017081:i2322441,7.25923
u0017081:i2381249,7.25923
u0017081:i2382009,7.25923
u0017081:i2387559,7.25923
u0017081:i2446042,7.25923
u0017081:i2452200,7.25923
u0017081:i2557490,7.25923
u0017081:i2562232,7.25923
u0017081:i2582802,7.25923
u0017081:i2637276,7.25923
u0017081:i2717860,7.25923
u0017081:i2802144,7.25923
u0017081:i2820852,7.25923
u0017081:i2872718,7.25923
u0017081:i2908856,7.25923
u0017081:i2911666,7.25923
u0017084:i0050083,5.07923
u0017084:i0119488,5.37336
u0017084:i0209144,5.27702
u0017084:i1791528,6.58544
u0017084:i2106476,5.66878
u0017093:i0119174,7.63478
u0017093:i0120735,7.63478
u0017093:i0816692,7.63478
u0017093:i2084970,7.63478
u0017093:i2224026,7.63478
u0017093:i2562232,7.63478
u0017093:i2802144,7.63478
u0017093:i2820852,7.63478
u0017093:i2908446,7.63478
u0017093:i2980516,7.63478
u0017124:i0215750,7.60697
u0017124:i0268978,7.60697
u0017124:i0274558,7.60697
u0017124:i1244754,7.60697
u0017124:i1375666,7.60697
u0017124:i1454029,7.60697
u0017124:i1504320,7.60697
u0017124:i1655441,7.60697
u0017124:i1980929,7.60697
u0017124:i2013293,7.60697
u0017124:i2338151,7.60697
u0017124:i2726560,7.60697
u0017124:i3007512,7.60697
u0017128:i0369610,7.42793
u0017128:i1109624,7.42793
u0017128:i1194417,7.42793
u0017128:i1584016,7.42793
u0017128:i2084970,7.42793
u0017181:i0102216,7.45591
u0017181:i0365907,7.45591
u0017181:i0425061,7.45591
u0017181:i0455944,7.45591
u0017181:i0455960,7.45591
u0017181:i1340138,7.45591
u0017181:i1430612,7.45591
u0017181:i1956620,7.45591
u0017181:i2024469,7.45591
u0017181:i2103281,7.45591
u0017181:i2245084,7.45591
u0017181:i2713180,7.45591
u0017181:i2975578,7.45591
u0017181:i3079380,7.45591
u0017181:i3450650,7.45591
u0017218:i0268978,4.75999
u0017218:i0482571,4.15473
u0017218:i1130884,4.41333
u0017218:i1315981,6.65745
u0017218:i1655441,6.09902
u0017218:i2404425,6.39594
u0017235:i2556936,7.18896
u0017235:i3776592,7.18896
u0017235:i3780338,7.18896
u0017235:i4180576,7.18896
u0017242:i0816692,7.55195
u0017242:i0829150,7.55195
u0017242:i1014763,7.55195
u0017242:i1100089,7.55195
u0017242:i1392190,7.55195
u0017242:i1600196,7.55195
u0017242:i1629374,7.55195
u0017242:i1778338,7.55195
u0017242:i1791528,7.55195
u0017242:i1823672,7.55195
u0017242:i1937390,7.55195
u0017242:i1951265,7.55195
u0017242:i1971325,7.55195
u0017242:i2084970,7.55195
u0017242:i2167266,7.55195
u0017242:i2310332,7.55195
u0017242:i2397535,7.55195
u0017242:i2535470,7.55195
u0017242:i2562232,7.55195
u0017242:i2582802,7.55195
u0017242:i2713180,7.55195
u0017242:i2802144,7.55195
u0017242:i2832470,7.55195
u0017242:i2872718,7.55195
u0017242:i2911666,7.55195
u0017242:i2937898,7.55195
u0017242:i3099498,7.55195
u0017242:i3169706,7.55195
u0017242:i3845960,7.55195
u0017242:i4257858,7.55195
u0017242:i4382552,7.55195
u0017255:i0071315,7.50908
u0017255:i0071562,7.50908
u0017255:i0099685,7.50908
u0017255:i0108052,7.50908
u0017255:i0112573,7.50908
u0017255:i0120586,7.50908
u0017255:i0154506,7.50908
u0017255:i0183649,7.50908
u0017255:i0208092,7.50908
u0017255:i0311113,7.50908
u0017255:i0325980,7.50908
u0017255:i0369610,7.50908
u0017255:i0371746,7.50908
u0017255:i0372784,7.50908
u0017255:i0408236,7.50908
u0017255:i0469494,7.50908
u0017255:i0470752,7.50908
u0017255:i0473705,7.50908
u0017255:i0477348,7.50908
u0017255:i0478970,7.50908
u0017255:i0780536,7.50908
u0017255:i0816692,7.50908
u0017255:i0848228,7.50908
u0017255:i0898367,7.50908
u0017255:i0936501,7.50908
u0017255:i1010048,7.50908
u0017255:i1045658,7.50908
u0017255:i1255953,7.50908
u0017255:i1392190,7.50908
u0017255:i1655441,7.50908
u0017255:i1661199,7.50908
u0017255:i1707386,7.50908
u0017255:i1772288,7.50908
u0017255:i1853728,7.50908
u0017255:i2024469,7.50908
u0017255:i2106476,7.50908
u0017255:i2140373,7.50908
u0017255:i2199571,7.50908
u0017255:i2293640,7.50908
u0017255:i2304771,7.50908
u0017255:i2395427,7.50908
u0017255:i2404425,7.50908
u0017255:i2802144,7.50908
u0017255:i2820852,7.50908
u0017255:i3042408,7.50908
u0017255:i3063516,7.50908
u0017255:i3205376,7.50908
u0017261:i0467200,6.62995
u0017261:i1638002,6.62995
u0017261:i2084970,6.62995
u0017261:i2293640,6.62995
u0017261:i2322441,6.62995
u0017261:i2726560,6.62995
u0017261:i2848292,6.62995
u0017285:i0045679,6.64375
u0017285:i0059825,6.64375
u0017285:i0066921,6.64375
u0017285:i0070735,6.64375
u0017285:i0071455,6.64375
u0017285:i0072926,6.64375
u0017285:i0075648,6.64375
u0017285:i0114660,6.64375
u0017285:i0218967,6.64375
u0017285:i0221218,6.64375
u0017285:i0245674,6.64375
u0017285:i0292963,6.64375
u0017285:i0308644,6.64375
u0017285:i0313542,6.64375
u0017285:i0331468,6.64375
u0017285:i0406816,6.64375
u0017285:i0420294,6.64375
u0017285:i0427470,6.64375
u0017285:i0428251,6.64375
u0017285:i0431021,6.64375
u0017285:i0443559,6.64375
u0017285:i0458481,6.64375
u0017285:i0479997,6.64375
u0017285:i0842926,6.64375
u0017285:i0889573,6.64375
u0017285:i1017460,6.64375
u0017285:i1131734,6.64375
u0017285:i1155076,6.64375
u0017285:i1172991,6.64375
u0017285:i1178663,6.64375
u0017285:i1179034,6.64375
u0017285:i1189340,6.64375
u0017285:i1226236,6.64375
u0017285:i1285016,6.64375
u0017285:i1300854,6.64375
u0017285:i1325723,6.64375
u0017285:i1327773,6.64375
u0017285:i1375670,6.64375
u0017285:i1441951,6.64375
u0017285:i1582248,6.64375
u0017285:i1656190,6.64375
u0017285:i1709122,6.64375
u0017285:i1723811,6.64375
u0017285:i1742334,6.64375
u0017285:i1748179,6.64375
u0017285:i1764234,6.64375
u0017285:i1800241,6.64375
u0017285:i1921064,6.64375
u0017285:i1922777,6.64375
u0017285:i2023587,6.64375
u0017285:i2024544,6.64375
u0017285:i2184339,6.64375
u0017285:i2713180,6.64375
u0017285:i2911666,6.64375
u0017307:i0092879,7.8923
u0017307:i0831387,7.8923
u0017307:i1132620,7.8923
u0017307:i1300854,7.8923
u0017307:i1392190,7.8923
u0017307:i1872181,7.8923
u0017307:i2096673,7.8923
u0017307:i2209764,7.8923
u0017307:i2267998,7.8923
u0017307:i2294449,7.8923
u0017307:i2582802,7.8923
u0017307:i3029476,7.8923
u0017323:i2562232,6.66353
u0017323:i2872718,6.65596
u0017323:i3850214,6.34247
u0017351:i0369610,8.33679
u0017351:i1715336,8.33679
u0017351:i1772264,8.33679
u0017351:i2321549,8.33679
u0017352:i0478970,6.16585
u0017352:i1433813,5.03608
u0017352:i3819668,6.0347
u0017361:i0470752,6.60163
u0017361:i1398426,6.46839
u0017361:i2267998,6.23138
u0017361:i3079380,6.13724
u0017368:i0369610,8.12598
u0017368:i0470752,8.12598
u0017368:i1340138,8.12598
u0017368:i1392190,8.12598
u0017368:i1823672,8.12598
u0017368:i2084970,8.12598
u0017368:i2096673,8.12598
u0017368:i2278388,8.12598
u0017368:i2562232,8.12598
u0017407:i0013427,7.68196
u0017407:i0016332,7.68196
u0017407:i0018742,7.68196
u0017407:i0023634,7.68196
u0017407:i0043511,7.68196
u0017407:i0049366,7.68196
u0017407:i0051792,7.68196
u0017407:i0055310,7.68196
u0017407:i0057643,7.68196
u0017407:i0060050,7.68196
u0017407:i0063794,7.68196
u0017407:i0063823,7.68196
u0017407:i0071502,7.68196
u0017407:i0071615,7.68196
u0017407:i0073629,7.68196
u0017407:i0073650,7.68196
u0017407:i0074486,7.68196
u0017407:i0075404,7.68196
u0017407:i0076452,7.68196
u0017407:i0079470,7.68196
u0017407:i0084805,7.68196
u0017407:i0087332,7.68196
u0017407:i0087433,7.68196
u0017407:i0087995,7.68196
u0017407:i0091406,7.68196
u0017407:i0096257,7.68196
u0017407:i0106438,7.68196
u0017407:i0112471,7.68196
u0017407:i0113568,7.68196
u0017407:i0117151,7.68196
u0017407:i0119349,7.68196
u0017407:i0140352,7.68196
u0017407:i0166896,7.68196
u0017407:i0166924,7.68196
u0017407:i0168629,7.68196
u0017407:i0183828,7.68196
u0017407:i0216625,7.68196
u0017407:i0235198,7.68196
u0017407:i0240419,7.68196
u0017407:i0254686,7.68196
u0017407:i0298597,7.68196
u0017407:i0353969,7.68196
u0017407:i0369610,7.68196
u0017407:i0381681,7.68196
u0017407:i0478970,7.68196
u0017407:i1126590,7.68196
u0017407:i1316540,7.68196
u0017407:i1340138,7.68196
u0017407:i1392190,7.68196
u0017407:i1502712,7.68196
u0017407:i1556190,7.68196
u0017407:i1638002,7.68196
u0017407:i1661199,7.68196
u0017407:i1964418,7.68196
u0017407:i2096673,7.68196
u0017407:i2126355,7.68196
u0017407:i2322441,7.68196
u0017407:i2381249,7.68196
u0017407:i2381941,7.68196
u0017407:i2395427,7.68196
u0017407:i2402101,7.68196
u0017407:i2800240,7.68196
u0017407:i2802144,7.68196
u0017407:i2820852,7.68196
u0017407:i2908446,7.68196
u0017407:i3062880,7.68196
u0017407:i3365778,7.68196
u0017407:i3547740,7.68196
u0017429:i1119646,4.96873
u0017429:i1655441,6.12454
u0017429:i2024432,6.14955
u0017429:i2652092,6.71947
u0017429:i2872732,6.41887
u0017429:i2883434,5.96313
u0017429:i3060492,6.01847
u0017440:i0088847,4.75899
u0017440:i0369610,6.41882
u0017440:i0478970,6.17609
u0017440:i1029360,7.02763
u0017440:i1198156,5.13606
u0017440:i1340138,6.34395
u0017440:i1392190,6.23633
u0017440:i1661199,6.48052
u0017440:i1964418,6.33606
u0017440:i2084970,6.52012
u0017440:i2126355,6.666
u0017440:i2278388,6.2682
u0017440:i2279373,6.61313
u0017440:i2281587,5.657
u0017440:i2381249,6.26895
u0017440:i2381941,6.56623
u0017440:i2562232,6.67058
u0017440:i2582802,6.63339
u0017440:i2637276,5.95801
u0017440:i2802144,6.48302
u0017440:i2820852,6.37198
u0017440:i2909116,5.23508
u0017440:i3079380,6.15199
u0017440:i3278330,5.4555
u0017440:i3312830,4.56116
u0017440:i3916378,0
u0017440:i4007502,7.10532
u0017440:i4114456,4.87524
u0017440:i4776556,0
u0017450:i1361318,8.15242
u0017450:i1371150,8.15242
u0017450:i2084970,8.15242
u0017450:i2446042,8.15242
u0017474:i0114369,8.13494
u0017474:i0264616,8.13494
u0017474:i0289765,8.13494
u0017474:i0325980,8.13494
u0017474:i0470752,8.13494
u0017474:i0478970,8.13494
u0017474:i0816692,8.13494
u0017474:i1392190,8.13494
u0017474:i2170593,8.13494
u0017474:i2179136,8.13494
u0017474:i2231253,8.13494
u0017474:i2245084,8.13494
u0017474:i2381249,8.13494
u0017474:i2582802,8.13494
u0017474:i2582846,8.13494
u0017474:i2820852,8.13494
u0017474:i2872718,8.13494
u0017474:i2872750,8.13494
u0017478:i0448011,2.1799
u0017478:i1872194,6.79904
u0017478:i2084970,6.52688
u0017478:i2582802,6.64072
u0017478:i2726560,5.81894
u0017478:i2884206,6.21902
u0017482:i0463034,6.69195
u0017482:i0816692,6.69195
u0017482:i0884732,6.69195
u0017482:i1398426,6.69195
u0017482:i1798684,6.69195
u0017482:i2011159,6.69195
u0017482:i2179136,6.69195
u0017482:i2322441,6.69195
u0017482:i2820852,6.69195
u0017482:i2967224,6.69195
u0017497:i0274497,0
u0017497:i0352343,3.53046
u0017497:i0429898,0
u0017497:i0816692,6.03345
u0017497:i0890885,0
u0017497:i1405810,0
u0017497:i3425034,0
u0017515:i0098635,6.66976
u0017515:i0289879,6.66285
u0017515:i0352248,4.85006
u0017515:i0358273,5.50837
u0017515:i1638002,5.43386
u0017515:i2170593,6.73523
u0017515:i2245084,6.76735
u0017515:i2322441,6.79838
u0017515:i2381941,6.57817
u0017515:i2562232,6.67763
u0017515:i2980516,6.73127
u0017515:i3205376,6.03059
u0017531:i2245084,6.78178
u0017531:i2407380,0
u0017531:i2924590,0
u0017536:i0365907,6.98231
u0017536:i0455944,6.98231
u0017536:i0829150,6.98231
u0017536:i1267297,6.98231
u0017536:i1528071,6.98231
u0017536:i1790864,6.98231
u0017536:i2015381,6.98231
u0017536:i2103281,6.98231
u0017536:i2402157,6.98231
u0017536:i2872732,6.98231
u0017540:i0100405,6.22838
u0017540:i0369610,6.42581
u0017540:i0470752,6.61303
u0017540:i0478970,6.18635
u0017540:i1638002,5.48464
u0017540:i2179136,6.70267
u0017540:i2726560,5.87713
u0017540:i2870756,7.21886
u0017540:i2883512,6.47506
u0017547:i0092099,7.78409
u0017547:i0093936,7.78409
u0017547:i0369610,7.78409
u0017547:i0470752,7.78409
u0017547:i0478970,7.78409
u0017547:i1340138,7.78409
u0017547:i1392190,7.78409
u0017547:i1398426,7.78409
u0017547:i1502712,7.78409
u0017547:i1638355,7.78409
u0017547:i1666801,7.78409
u0017547:i1823672,7.78409
u0017547:i1840309,7.78409
u0017547:i2096673,7.78409
u0017547:i2322441,7.78409
u0017547:i2395427,7.78409
u0017547:i2397535,7.78409
u0017547:i2436386,7.78409
u0017547:i2637294,7.78409
u0017547:i2802144,7.78409
u0017547:i2820852,7.78409
u0017547:i3079380,7.78409
u0017552:i0056172,7.67
u0017552:i0099077,7.67
u0017552:i0104797,7.67
u0017552:i0105695,7.67
u0017552:i0108550,7.67
u0017552:i0109830,7.67
u0017552:i0112442,7.67
u0017552:i0112740,7.67
u0017552:i0118571,7.67
u0017552:i0118883,7.67
u0017552:i0120689,7.67
u0017552:i0145681,7.67
u0017552:i0166924,7.67
u0017552:i0175880,7.67
u0017552:i0181316,7.67
u0017552:i0190138,7.67
u0017552:i0195714,7.67
u0017552:i0206634,7.67
u0017552:i0251160,7.67
u0017552:i0264464,7.67
u0017552:i0274558,7.67
u0017552:i0277941,7.67
u0017552:i0289992,7.67
u0017552:i0309593,7.67
u0017552:i0320691,7.67
u0017552:i0338013,7.67
u0017552:i0338751,7.67
u0017552:i0360201,7.67
u0017552:i0365907,7.67
u0017552:i0387131,7.67
u0017552:i0388795,7.67
u0017552:i0414982,7.67
u0017552:i0429493,7.67
u0017552:i0433035,7.67
u0017552:i0452623,7.67
u0017552:i0453467,7.67
u0017552:i0454921,7.67
u0017552:i0455944,7.67
u0017552:i0463854,7.67
u0017552:i0470752,7.67
u0017552:i0482572,7.67
u0017552:i0493464,7.67
u0017552:i0758758,7.67
u0017552:i0758774,7.67
u0017552:i0770828,7.67
u0017552:i0790636,7.67
u0017552:i0814314,7.67
u0017552:i0816692,7.67
u0017552:i0825232,7.67
u0017552:i0848228,7.67
u0017552:i0884732,7.67
u0017552:i0948470,7.67
u0017552:i0964517,7.67
u0017552:i1014763,7.67
u0017552:i1023111,7.67
u0017552:i1037705,7.67
u0017552:i1084950,7.67
u0017552:i1111422,7.67
u0017552:i1210166,7.67
u0017552:i1219289,7.67
u0017552:i1282140,7.67
u0017552:i1392190,7.67
u0017552:i1392214,7.67
u0017552:i1454029,7.67
u0017552:i1454468,7.67
u0017552:i1535108,7.67
u0017552:i1599348,7.67
u0017552:i1615147,7.67
u0017552:i1631867,7.67
u0017552:i1655441,7.67
u0017552:i1726592,7.67
u0017552:i1726669,7.67
u0017552:i1747958,7.67
u0017552:i1809398,7.67
u0017552:i1840309,7.67
u0017552:i1853728,7.67
u0017552:i1872181,7.67
u0017552:i1935179,7.67
u0017552:i1951265,7.67
u0017552:i2004420,7.67
u0017552:i2084970,7.67
u0017552:i2106476,7.67
u0017552:i2170593,7.67
u0017552:i2179136,7.67
u0017552:i2199571,7.67
u0017552:i2336960,7.67
u0017552:i2381941,7.67
u0017552:i2397535,7.67
u0017552:i2446042,7.67
u0017552:i2493486,7.67
u0017552:i2562232,7.67
u0017552:i2582802,7.67
u0017552:i2802144,7.67
u0017552:i2820852,7.67
u0017552:i2908446,7.67
u0017552:i2911666,7.67
u0017552:i2980516,7.67
u0017552:i3316960,7.67
u0017578:i0062622,7.50179
u0017578:i0101507,7.50179
u0017578:i0111161,7.50179
u0017578:i0113277,7.50179
u0017578:i0268978,7.50179
u0017578:i0816692,7.50179
u0017578:i1748122,7.50179
u0017578:i2582802,7.50179
u0017578:i2713180,7.50179
u0017578:i2820852,7.50179
u0017590:i0758758,5.39745
u0017590:i1045658,5.99895
u0017590:i1392190,6.2416
u0017590:i1877832,6.03217
u0017590:i2015381,6.17271
u0017590:i2322441,6.82112
u0017590:i2381249,6.28016
u0017590:i2980516,6.74024
u0017606:i1850397,7.70696
u0017606:i2231253,7.70696
u0017606:i2381941,7.70696
u0017606:i2452200,7.70696
u0017606:i2561572,7.70696
u0017606:i2717822,7.70696
u0017606:i3045616,7.70696
u0017606:i4178092,7.70696
u0017615:i0066921,8.15242
u0017615:i0082971,8.15242
u0017615:i0087469,8.15242
u0017615:i0088763,8.15242
u0017615:i0109830,8.15242
u0017615:i0110475,8.15242
u0017615:i0114369,8.15242
u0017615:i0114814,8.15242
u0017615:i0120755,8.15242
u0017615:i0120903,8.15242
u0017615:i0198781,8.15242
u0017615:i0209144,8.15242
u0017615:i0369610,8.15242
u0017615:i0405159,8.15242
u0017615:i0413300,8.15242
u0017615:i0421715,8.15242
u0017615:i0432348,8.15242
u0017615:i0450259,8.15242
u0017615:i0458481,8.15242
u0017615:i0482571,8.15242
u0017615:i0816692,8.15242
u0017615:i1010048,8.15242
u0017615:i1375666,8.15242
u0017615:i1392190,8.15242
u0017615:i1397280,8.15242
u0017615:i1408101,8.15242
u0017615:i1411697,8.15242
u0017615:i1483013,8.15242
u0017615:i1528100,8.15242
u0017615:i1535109,8.15242
u0017615:i1631867,8.15242
u0017615:i1778931,8.15242
u0017615:i1823672,8.15242
u0017615:i1843866,8.15242
u0017615:i1964418,8.15242
u0017615:i1981115,8.15242
u0017615:i2015381,8.15242
u0017615:i2039393,8.15242
u0017615:i2084970,8.15242
u0017615:i2096673,8.15242
u0017615:i2103281,8.15242
u0017615:i2179136,8.15242
u0017615:i2278388,8.15242
u0017615:i2293640,8.15242
u0017615:i2310332,8.15242
u0017615:i2381249,8.15242
u0017615:i2381941,8.15242
u0017615:i2395427,8.15242
u0017615:i2446042,8.15242
u0017615:i2562232,8.15242
u0017615:i2582802,8.15242
u0017615:i2637276,8.15242
u0017615:i2713180,8.15242
u0017615:i2802144,8.15242
u0017615:i3079380,8.15242
u0017620:i0485947,4.93902
u0017620:i1392190,6.24688
u0017620:i1661199,6.50452
u0017620:i2126355,6.6869
u0017620:i2395427,6.6629
u0017620:i2713180,6.61669
u0017620:i2848292,6.42441
u0017620:i2908446,6.23141
u0017620:i3442006,6.86683
u0017620:i3713166,6.10927
u0017621:i0369610,7.75889
u0017621:i1392190,7.75889
u0017621:i2802144,7.75889
u0017628:i1502712,6.24039
u0017628:i1524930,5.94556
u0017628:i1626146,6.63368
u0017628:i1638002,5.5359
u0017628:i1638355,6.27387
u0017628:i1674771,6.4244
u0017628:i1727770,5.37131
u0017628:i1798684,6.0779
u0017628:i2120120,5.82177
u0017628:i2381249,6.29139
u0017628:i2637276,5.98156
u0017628:i2752772,6.38811
u0017628:i2967224,5.86801
u0017628:i3152624,6.30105
u0017628:i3605418,6.29072
u0017628:i3622592,5.76768
u0017628:i3787590,3.88042
u0017628:i4178092,6.06359
u0017635:i1065073,7.2163
u0017635:i1911658,7.2163
u0017635:i2084970,7.2163
u0017635:i2179136,7.2163
u0017635:i2194499,7.2163
u0017635:i2267998,7.2163
u0017635:i2395427,7.2163
u0017637:i0478970,7.89127
u0017637:i1340138,7.89127
u0017637:i1524930,7.89127
u0017637:i1617661,7.89127
u0017637:i1638355,7.89127
u0017637:i1655441,7.89127
u0017637:i1798684,7.89127
u0017637:i2088003,7.89127
u0017637:i2096673,7.89127
u0017637:i2199571,7.89127
u0017637:i2224026,7.89127
u0017637:i2293640,7.89127
u0017637:i2381249,7.89127
u0017637:i2637276,7.89127
u0017637:i2802144,7.89127
u0017637:i2820852,7.89127
u0017637:i3079380,7.89127
u0017637:i3203616,7.89127
u0017637:i3450650,7.89127
u0017637:i3622592,7.89127
u0017637:i3863552,7.89127
u0017637:i4178092,7.89127
u0017666:i0050933,7.42053
u0017666:i0050986,7.42053
u0017666:i0075314,7.42053
u0017666:i0078718,7.42053
u0017666:i0120663,7.42053
u0017666:i0167190,7.42053
u0017666:i0320691,7.42053
u0017666:i0369610,7.42053
u0017666:i0411477,7.42053
u0017666:i1120985,7.42053
u0017666:i1125849,7.42053
u0017666:i1285016,7.42053
u0017666:i1291652,7.42053
u0017666:i1340138,7.42053
u0017666:i1399683,7.42053
u0017666:i1437366,7.42053
u0017666:i1488555,7.42053
u0017666:i1674771,7.42053
u0017666:i1798684,7.42053
u0017666:i1859650,7.42053
u0017666:i1881002,7.42053
u0017666:i2140379,7.42053
u0017666:i2381249,7.42053
u0017666:i2402101,7.42053
u0017666:i2446042,7.42053
u0017666:i2637276,7.42053
u0017666:i3079380,7.42053
u0017672:i0333766,7.04659
u0017672:i0478970,7.04659
u0017672:i1340138,7.04659
u0017672:i2381249,7.04659
u0017672:i2562232,7.04659
u0017677:i0070047,7.20331
u0017677:i0095953,7.20331
u0017677:i0106918,7.20331
u0017677:i0107048,7.20331
u0017677:i0110148,7.20331
u0017677:i0116695,7.20331
u0017677:i0120663,7.20331
u0017677:i0120755,7.20331
u0017677:i0317919,7.20331
u0017677:i0325710,7.20331
u0017677:i0816692,7.20331
u0017677:i1013743,7.20331
u0017677:i1109624,7.20331
u0017677:i1267297,7.20331
u0017677:i1462041,7.20331
u0017677:i1647668,7.20331
u0017677:i1712170,7.20331
u0017677:i2084970,7.20331
u0017677:i2339741,7.20331
u0017677:i2937898,7.20331
u0017688:i0369610,6.55276
u0017688:i1392190,6.55276
u0017688:i2170439,6.55276
u0017688:i2267998,6.55276
u0017688:i2395427,6.55276
u0017688:i2802144,6.55276
u0017688:i2908446,6.55276
u0017706:i0090605,7.92235
u0017706:i1029360,7.92235
u0017706:i1190536,7.92235
u0017706:i1392190,7.92235
u0017706:i1790864,7.92235
u0017706:i2126355,7.92235
u0017706:i2179136,7.92235
u0017706:i2395427,7.92235
u0017706:i2446042,7.92235
u0017706:i2561546,7.92235
u0017706:i2820852,7.92235
u0017706:i2980516,7.92235
u0017706:i3079380,7.92235
u0017720:i0097322,7.67
u0017720:i0483741,7.67
u0017720:i1731141,7.67
u0017720:i3336658,7.67
u0017720:i3344928,7.67
u0017722:i0052311,5.96332
u0017722:i1663662,6.60184
u0017722:i2113681,4.32811
u0017722:i2293640,6.40001
u0017722:i2396224,5.63728
u0017722:i2692250,6.93961
u0017722:i3152624,6.35269
u0017723:i0055892,7.60697
u0017723:i0061512,7.60697
u0017723:i0064115,7.60697
u0017723:i0071562,7.60697
u0017723:i0075314,7.60697
u0017723:i0075686,7.60697
u0017723:i0077405,7.60697
u0017723:i0081398,7.60697
u0017723:i0082432,7.60697
u0017723:i0089755,7.60697
u0017723:i0095647,7.60697
u0017723:i0109707,7.60697
u0017723:i0109830,7.60697
u0017723:i0110413,7.60697
u0017723:i0114814,7.60697
u0017723:i0119217,7.60697
u0017723:i0119488,7.60697
u0017723:i0120601,7.60697
u0017723:i0120663,7.60697
u0017723:i0358273,7.60697
u0017723:i0470752,7.60697
u0017723:i0765443,7.60697
u0017723:i0816692,7.60697
u0017723:i0907657,7.60697
u0017723:i0993846,7.60697
u0017723:i1020072,7.60697
u0017723:i1065073,7.60697
u0017723:i1120985,7.60697
u0017723:i1255953,7.60697
u0017723:i1291150,7.60697
u0017723:i1392190,7.60697
u0017723:i1440292,7.60697
u0017723:i1661199,7.60697
u0017723:i1809398,7.60697
u0017723:i1972571,7.60697
u0017723:i2084970,7.60697
u0017723:i2097298,7.60697
u0017723:i2305051,7.60697
u0017723:i2516610,7.60697
u0017723:i2562232,7.60697
u0017723:i2567712,7.60697
u0017723:i2582802,7.60697
u0017723:i2726560,7.60697
u0017723:i2802144,7.60697
u0017723:i2820852,7.60697
u0017723:i2872718,7.60697
u0017723:i2884206,7.60697
u0017723:i2980516,7.60697
u0017723:i2994190,7.60697
u0017723:i3235888,7.60697
u0017723:i3316960,7.60697
u0017723:i3630276,7.60697
u0017742:i1763303,7.01876
u0017742:i2267998,7.01876
u0017742:i2582802,7.01876
u0017742:i2872732,7.01876
u0017744:i0076759,7.88455
u0017744:i0128332,7.88455
u0017744:i0875595,7.88455
u0017744:i2084970,7.88455
u0017744:i2562232,7.88455
u0017744:i3007512,7.88455
u0017760:i0787474,7.41959
u0017760:i1213663,7.41959
u0017760:i1661199,7.41959
u0017760:i1661382,7.41959
u0017760:i1821694,7.41959
u0017760:i1911658,7.41959
u0017760:i2179136,7.41959
u0017760:i2281587,7.41959
u0017760:i2431286,7.41959
u0017760:i2509850,7.41959
u0017760:i2802144,7.41959
u0017760:i3045616,7.41959
u0017760:i3079380,7.41959
u0017760:i4007502,7.41959
u0017768:i0055254,7.92598
u0017768:i0057115,7.92598
u0017768:i0068646,7.92598
u0017768:i0101414,7.92598
u0017768:i0119174,7.92598
u0017768:i0120737,7.92598
u0017768:i0162222,7.92598
u0017768:i0171804,7.92598
u0017768:i0251160,7.92598
u0017768:i0257360,7.92598
u0017768:i0266543,7.92598
u0017768:i0301199,7.92598
u0017768:i0309698,7.92598
u0017768:i0372784,7.92598
u0017768:i0388795,7.92598
u0017768:i0449059,7.92598
u0017768:i0452702,7.92598
u0017768:i0467406,7.92598
u0017768:i0468569,7.92598
u0017768:i0918927,7.92598
u0017768:i1345836,7.92598
u0017768:i1702014,7.92598
u0017768:i1823672,7.92598
u0017768:i1865505,7.92598
u0017768:i1872194,7.92598
u0017768:i1964418,7.92598
u0017768:i1966604,7.92598
u0017768:i2096673,7.92598
u0017768:i2224026,7.92598
u0017768:i2279373,7.92598
u0017768:i2322441,7.92598
u0017768:i2381941,7.92598
u0017768:i2561572,7.92598
u0017768:i2562232,7.92598
u0017768:i2582802,7.92598
u0017768:i2582846,7.92598
u0017768:i2713180,7.92598
u0017768:i2788710,7.92598
u0017768:i2802144,7.92598
u0017768:i2980516,7.92598
u0017768:i3235888,7.92598
u0017778:i0119683,6.10192
u0017778:i0369610,6.4328
u0017778:i0478970,6.19663
u0017778:i1454468,5.38914
u0017778:i1798709,5.88844
u0017778:i2084970,6.53364
u0017778:i2179136,6.70989
u0017778:i2267998,6.24673
u0017778:i2381249,6.30265
u0017778:i2802144,6.48915
u0017778:i3316960,6.49548
u0017801:i0816692,6.99718
u0017801:i1462758,6.99718
u0017801:i1840309,6.99718
u0017801:i2179136,6.99718
u0017801:i2322441,6.99718
u0017801:i2510434,6.99718
u0017801:i2911666,6.99718
u0017801:i3177316,6.99718
u0017801:i3480796,6.99718
u0017810:i0031473,7.66579
u0017810:i0041735,7.66579
u0017810:i0042376,7.66579
u0017810:i0047094,7.66579
u0017810:i0047811,7.66579
u0017810:i0057071,7.66579
u0017810:i0061162,7.66579
u0017810:i0062455,7.66579
u0017810:i0062456,7.66579
u0017810:i0064177,7.66579
u0017810:i0064638,7.66579
u0017810:i0069687,7.66579
u0017810:i0073879,7.66579
u0017810:i0078721,7.66579
u0017810:i0103925,7.66579
u0017810:i0104874,7.66579
u0017810:i0227858,7.66579
u0017810:i0284815,7.66579
u0017810:i0325743,7.66579
u0017810:i0377042,7.66579
u0017810:i0395169,7.66579
u0017810:i0398045,7.66579
u0017810:i0435638,7.66579
u0017810:i0831387,7.66579
u0017810:i1462667,7.66579
u0017810:i1765867,7.66579
u0017810:i2334796,7.66579
u0017810:i2992146,7.66579
u0017810:i3614922,7.66579
u0017810:i3697626,7.66579
u0017831:i0369610,7.37565
u0017831:i0470752,7.37565
u0017831:i0478970,7.37565
u0017831:i1343727,7.37565
u0017831:i1567437,7.37565
u0017831:i1823672,7.37565
u0017831:i2039393,7.37565
u0017831:i2179136,7.37565
u0017831:i2582802,7.37565
u0017831:i2872718,7.37565
u0017831:i2980592,7.37565
u0017831:i3235888,7.37565
u0017839:i0099818,8.10228
u0017839:i1440266,8.10228
u0017839:i2371824,8.10228
u0017839:i2980516,8.10228
u0017839:i3630276,8.10228
u0017844:i0085995,7.61124
u0017844:i0097579,7.61124
u0017844:i0101371,7.61124
u0017844:i0108000,7.61124
u0017844:i0138563,7.61124
u0017844:i0139809,7.61124
u0017844:i0175145,7.61124
u0017844:i0185937,7.61124
u0017844:i0212742,7.61124
u0017844:i0242193,7.61124
u0017844:i0246544,7.61124
u0017844:i0282891,7.61124
u0017844:i0307901,7.61124
u0017844:i0317198,7.61124
u0017844:i0342172,7.61124
u0017844:i0402022,7.61124
u0017844:i0404032,7.61124
u0017844:i0443632,7.61124
u0017844:i0455944,7.61124
u0017844:i0470752,7.61124
u0017844:i0475944,7.61124
u0017844:i0758766,7.61124
u0017844:i0815241,7.61124
u0017844:i0963194,7.61124
u0017844:i0990407,7.61124
u0017844:i1016268,7.61124
u0017844:i1020072,7.61124
u0017844:i1065073,7.61124
u0017844:i1067765,7.61124
u0017844:i1086772,7.61124
u0017844:i1100089,7.61124
u0017844:i1126590,7.61124
u0017844:i1179031,7.61124
u0017844:i1204975,7.61124
u0017844:i1205537,7.61124
u0017844:i1206543,7.61124
u0017844:i1216491,7.61124
u0017844:i1221208,7.61124
u0017844:i1321511,7.61124
u0017844:i1327194,7.61124
u0017844:i1355630,7.61124
u0017844:i1371150,7.61124
u0017844:i1528071,7.61124
u0017844:i1571249,7.61124
u0017844:i1600196,7.61124
u0017844:i1600656,7.61124
u0017844:i1631867,7.61124
u0017844:i1647668,7.61124
u0017844:i1661820,7.61124
u0017844:i1674784,7.61124
u0017844:i1700845,7.61124
u0017844:i1703199,7.61124
u0017844:i1708537,7.61124
u0017844:i1710417,7.61124
u0017844:i1714206,7.61124
u0017844:i1791614,7.61124
u0017844:i1802529,7.61124
u0017844:i1840309,7.61124
u0017844:i1872181,7.61124
u0017844:i1872194,7.61124
u0017844:i1877832,7.61124
u0017844:i1885299,7.61124
u0017844:i1924435,7.61124
u0017844:i1932718,7.61124
u0017844:i1951264,7.61124
u0017844:i1971352,7.61124
u0017844:i1972571,7.61124
u0017844:i1980929,7.61124
u0017844:i2004420,7.61124
u0017844:i2042568,7.61124
u0017844:i2048770,7.61124
u0017844:i2084970,7.61124
u0017844:i2104994,7.61124
u0017844:i2106739,7.61124
u0017844:i2124926,7.61124
u0017844:i2140619,7.61124
u0017844:i2170299,7.61124
u0017844:i2170439,7.61124
u0017844:i2182972,7.61124
u0017844:i2184398,7.61124
u0017844:i2191701,7.61124
u0017844:i2199571,7.61124
u0017844:i2203939,7.61124
u0017844:i2209764,7.61124
u0017844:i2223990,7.61124
u0017844:i2234003,7.61124
u0017844:i2261331,7.61124
u0017844:i2267998,7.61124
u0017844:i2294449,7.61124
u0017844:i2312718,7.61124
u0017844:i2318092,7.61124
u0017844:i2322441,7.61124
u0017844:i2326612,7.61124
u0017844:i2345737,7.61124
u0017844:i2346046,7.61124
u0017844:i2347569,7.61124
u0017844:i2357129,7.61124
u0017844:i2366450,7.61124
u0017844:i2369135,7.61124
u0017844:i2404181,7.61124
u0017844:i2404425,7.61124
u0017844:i2463288,7.61124
u0017844:i2463512,7.61124
u0017844:i2473602,7.61124
u0017844:i2479800,7.61124
u0017844:i2515030,7.61124
u0017844:i2562232,7.61124
u0017844:i2582802,7.61124
u0017844:i2582846,7.61124
u0017844:i2652092,7.61124
u0017844:i2667918,7.61124
u0017844:i2717822,7.61124
u0017844:i2752688,7.61124
u0017844:i2872718,7.61124
u0017844:i2872732,7.61124
u0017844:i2920808,7.61124
u0017844:i2978462,7.61124
u0017844:i2980516,7.61124
u0017844:i3042800,7.61124
u0017844:i3122764,7.61124
u0017844:i3442006,7.61124
u0017844:i3449252,7.61124
u0017844:i3657420,7.61124
u0017844:i4044364,7.61124
u0017844:i4229236,7.61124
u0017844:i4257858,7.61124
u0017844:i4503900,7.61124
u0017877:i0048750,7.67
u0017877:i0079417,7.67
u0017877:i0081398,7.67
u0017877:i0169547,7.67
u0017877:i0320661,7.67
u0017877:i0816692,7.67
u0017877:i1100089,7.67
u0017877:i1126590,7.67
u0017877:i1198156,7.67
u0017877:i1567437,7.67
u0017877:i1638002,7.67
u0017877:i1809398,7.67
u0017877:i2015381,7.67
u0017877:i2084970,7.67
u0017877:i2096672,7.67
u0017877:i2170593,7.67
u0017877:i2310332,7.67
u0017877:i2355495,7.67
u0017877:i2562232,7.67
u0017877:i2582802,7.67
u0017877:i2614684,7.67
u0017877:i2713180,7.67
u0017877:i2872718,7.67
u0017877:i2884206,7.67
u0017877:i2935476,7.67
u0017877:i2937898,7.67
u0017877:i2980516,7.67
u0017877:i3442006,7.67
u0017930:i0273822,7.81236
u0017930:i0320691,7.81236
u0017930:i0356618,7.81236
u0017930:i0401855,7.81236
u0017930:i0409379,7.81236
u0017930:i0834001,7.81236
u0017930:i0844025,7.81236
u0017930:i1198138,7.81236
u0017930:i1258197,7.81236
u0017930:i1323973,7.81236
u0017930:i1496025,7.81236
u0017930:i1587310,7.81236
u0017930:i1956620,7.81236
u0017930:i2103267,7.81236
u0017930:i2203939,7.81236
u0017930:i2273673,7.81236
u0017930:i2388715,7.81236
u0017930:i2404181,7.81236
u0017930:i2870612,7.81236
u0017930:i2872732,7.81236
u0017930:i2975578,7.81236
u0017930:i3346986,7.81236
u0017940:i0042546,7.1769
u0017940:i0081398,7.1769
u0017940:i1210166,7.1769
u0017940:i1270262,7.1769
u0017940:i1780798,7.1769
u0017940:i2179116,7.1769
u0017940:i2179136,7.1769
u0017976:i2126355,6.70786
u0017976:i2170439,6.56589
u0017976:i2820852,6.38037
u0017976:i2908446,6.24872
u0017978:i0092099,7.64811
u0017978:i0099371,7.64811
u0017978:i0116277,7.64811
u0017978:i0120660,7.64811
u0017978:i0209144,7.64811
u0017978:i0238380,7.64811
u0017978:i0266987,7.64811
u0017978:i0278504,7.64811
u0017978:i0369610,7.64811
u0017978:i0381061,7.64811
u0017978:i0433387,7.64811
u0017978:i0470752,7.64811
u0017978:i0478970,7.64811
u0017978:i0482571,7.64811
u0017978:i0482572,7.64811
u0017978:i0758774,7.64811
u0017978:i0814314,7.64811
u0017978:i1014763,7.64811
u0017978:i1033575,7.64811
u0017978:i1343727,7.64811
u0017978:i1392190,7.64811
u0017978:i1403241,7.64811
u0017978:i1528100,7.64811
u0017978:i1601913,7.64811
u0017978:i1649419,7.64811
u0017978:i1684233,7.64811
u0017978:i1706598,7.64811
u0017978:i1726592,7.64811
u0017978:i1791528,7.64811
u0017978:i1798684,7.64811
u0017978:i1855199,7.64811
u0017978:i1869716,7.64811
u0017978:i1872194,7.64811
u0017978:i2005374,7.64811
u0017978:i2039393,7.64811
u0017978:i2199571,7.64811
u0017978:i2209764,7.64811
u0017978:i2231253,7.64811
u0017978:i2261331,7.64811
u0017978:i2273657,7.64811
u0017978:i2325977,7.64811
u0017978:i2381941,7.64811
u0017978:i2395427,7.64811
u0017978:i2402101,7.64811
u0017978:i2446042,7.64811
u0017978:i2493486,7.64811
u0017978:i2515030,7.64811
u0017978:i2515034,7.64811
u0017978:i2785032,7.64811
u0017978:i2820852,7.64811
u0017978:i2911666,7.64811
u0017978:i2911668,7.64811
u0017978:i2918436,7.64811
u0017978:i2980516,7.64811
u0017978:i3007512,7.64811
u0017978:i3268458,7.64811
u0017978:i3297330,7.64811
u0017978:i3369806,7.64811
u0018087:i0804461,7.3865
u0018087:i0816692,7.3865
u0018087:i1065073,7.3865
u0018087:i1392190,7.3865
u0018087:i1502712,7.3865
u0018087:i1937149,7.3865
u0018087:i2084970,7.3865
u0018087:i2338151,7.3865
u0018087:i2381249,7.3865
u0018087:i2395427,7.3865
u0018087:i2582802,7.3865
u0018087:i2785032,7.3865
u0018087:i2872718,7.3865
u0018102:i0478970,7.4105
u0018102:i1392190,7.4105
u0018102:i1502712,7.4105
u0018102:i2199571,7.4105
u0018102:i2381249,7.4105
u0018102:i2395427,7.4105
u0018102:i2446042,7.4105
u0018102:i2788710,7.4105
u0018129:i0369610,7.52442
u0018129:i0478970,7.52442
u0018129:i1591095,7.52442
u0018129:i2140465,7.52442
u0018129:i2226417,7.52442
u0018129:i2267998,7.52442
u0018129:i2562232,7.52442
u0018129:i2726560,7.52442
u0018129:i2802144,7.52442
u0018129:i3195644,7.52442
u0018129:i3678782,7.52442
u0018129:i3767372,7.52442
u0018129:i3863552,7.52442
u0018129:i4080386,7.52442
u0018129:i4110568,7.52442
u0018150:i1210166,7.60697
u0018150:i2446042,7.60697
u0018150:i2980516,7.60697
u0018162:i2668150,0
u0018162:i2707848,6.12392
u0018162:i3205376,6.11927
u0018162:i3264102,5.83815
u0018162:i3339674,5.1381
u0018162:i3510452,0
u0018195:i0327056,7.72229
u0018195:i0362225,7.72229
u0018195:i0765443,7.72229
u0018195:i1726592,7.72229
u0018195:i1924429,7.72229
u0018195:i2084970,7.72229
u0018195:i2911666,7.72229
u0018205:i1392190,7.60697
u0018205:i2381249,7.60697
u0018205:i2446042,7.60697
u0018205:i2872718,7.60697
u0018205:i3042408,7.60697
u0018205:i3863552,7.60697
u0018215:i1937149,7.29028
u0018215:i2170593,7.29028
u0018215:i2381249,7.29028
u0018215:i2582802,7.29028
u0018215:i3011894,7.29028
u0018215:i3042408,7.29028
u0018239:i0369610,7.93725
u0018239:i0816692,7.93725
u0018239:i1655441,7.93725
u0018239:i1661199,7.93725
u0018239:i2381249,7.93725
u0018239:i2402101,7.93725
u0018239:i2980794,7.93725
u0018239:i3322420,7.93725
u0018261:i2084970,7.14061
u0018261:i2582802,7.14061
u0018261:i3765326,7.14061
u0018268:i0097050,7.67
u0018268:i0131325,7.67
u0018268:i1605783,7.67
u0018268:i1609479,7.67
u0018268:i1854580,7.67
u0018268:i2085752,7.67
u0018317:i0870984,7.51432
u0018317:i1015471,7.51432
u0018317:i1221208,7.51432
u0018317:i1462041,7.51432
u0018317:i1527186,7.51432
u0018317:i1617661,7.51432
u0018317:i1723811,7.51432
u0018317:i1937390,7.51432
u0018317:i2027231,7.51432
u0018317:i2267998,7.51432
u0018317:i2345567,7.51432
u0018317:i2382009,7.51432
u0018337:i0053270,7.50908
u0018337:i0053472,7.50908
u0018337:i0060827,7.50908
u0018337:i0066921,7.50908
u0018337:i0086637,7.50908
u0018337:i0120586,7.50908
u0018337:i0265666,7.50908
u0018337:i0372784,7.50908
u0018337:i0477348,7.50908
u0018337:i0478970,7.50908
u0018337:i1038988,7.50908
u0018337:i1156398,7.50908
u0018337:i1375666,7.50908
u0018337:i1392190,7.50908
u0018337:i1524930,7.50908
u0018337:i1798684,7.50908
u0018337:i2084970,7.50908
u0018337:i2170593,7.50908
u0018337:i2172584,7.50908
u0018337:i2245084,7.50908
u0018337:i2310332,7.50908
u0018337:i2374902,7.50908
u0018337:i2562232,7.50908
u0018337:i2718492,7.50908
u0018337:i2788710,7.50908
u0018337:i2802144,7.50908
u0018337:i2884206,7.50908
u0018337:i2980516,7.50908
u0018337:i3060492,7.50908
u0018337:i3169706,7.50908
u0018337:i3205376,7.50908
u0018337:i3316960,7.50908
u0018344:i0111161,4.27802
u0018344:i1211956,5.83763
u0018344:i1790864,6.22835
u0018344:i2369135,6.17835
u0018344:i2802144,6.49527
u0018344:i2911666,6.82885
u0018371:i0078841,7.55195
u0018371:i0395169,7.55195
u0018371:i2170593,7.55195
u0018381:i1790864,7.92598
u0018381:i2180411,7.92598
u0018381:i2338151,7.92598
u0018401:i2084970,7.92598
u0018401:i2179136,7.92598
u0018401:i2245084,7.92598
u0018401:i2302966,7.92598
u0018401:i2582802,7.92598
u0018422:i0309698,7.60697
u0018422:i0936501,7.60697
u0018422:i3848892,7.60697
u0018425:i0458413,7.75088
u0018425:i1392190,7.75088
u0018425:i1791682,7.75088
u0018425:i1823672,7.75088
u0018425:i2381249,7.75088
u0018425:i2582802,7.75088
u0018425:i2802154,7.75088
u0018425:i2980648,7.75088
u0018425:i3011894,7.75088
u0018425:i4084744,7.75088
u0018427:i1924396,6.0311
u0018427:i2084970,6.54041
u0018427:i2245084,6.79624
u0018427:i2872718,6.66691
u0018427:i2911666,6.8441
u0018433:i0816692,7.06282
u0018433:i2179136,7.06282
u0018433:i2267998,7.06282
u0018433:i2614684,7.06282
u0018433:i2713180,7.06282
u0018493:i1666287,6.23198
u0018493:i2802144,6.50141
u0018493:i3079380,6.16678
u0018493:i3813310,5.19155
u0018507:i1100089,6.95423
u0018507:i1809398,6.95423
u0018507:i2084970,6.95423
u0018507:i2179136,6.95423
u0018507:i2305051,6.95423
u0018507:i2515034,6.95423
u0018507:i2562232,6.95423
u0018507:i2802154,6.95423
u0018507:i2908446,6.95423
u0018507:i2980516,6.95423
u0018507:i3045616,6.95423
u0018508:i0478970,6.20692
u0018508:i1823672,6.65857
u0018508:i2096673,6.45975
u0018508:i2120120,5.87329
u0018508:i2224026,6.6425
u0018523:i0095341,7.92598
u0018523:i0308971,7.92598
u0018523:i2205543,7.92598
u0018565:i0993846,6.96429
u0018565:i1816518,6.96429
u0018565:i3316960,6.96429
u0018565:i3409392,6.96429
u0018567:i0038057,6.46187
u0018567:i0066516,6.46187
u0018567:i0775489,6.46187
u0018567:i0983213,6.46187
u0018567:i1126590,6.46187
u0018567:i1570989,6.46187
u0018567:i2027140,6.46187
u0018567:i2338151,6.46187
u0018567:i2737050,6.46187
u0018567:i3263614,6.46187
u0018567:i3346824,6.46187
u0018583:i2395427,7.69446
u0018583:i2582802,7.69446
u0018583:i2802154,7.69446
u0018626:i1980209,6.10766
u0018626:i2515034,6.2467
u0018626:i3242756,5.02352
u0018635:i0137523,7.72229
u0018635:i1232829,7.72229
u0018635:i1392190,7.72229
u0018635:i1637725,7.72229
u0018635:i1809398,7.72229
u0018635:i2179136,7.72229
u0018635:i2294449,7.72229
u0018635:i2338151,7.72229
u0018635:i2381941,7.72229
u0018635:i2446042,7.72229
u0018635:i2820852,7.72229
u0018635:i2848292,7.72229
u0018635:i3538766,7.72229
u0018641:i0048028,5.54096
u0018641:i0054215,5.05814
u0018641:i0114369,4.51172
u0018641:i0120255,3.10626
u0018641:i0144084,4.88266
u0018641:i0470752,6.62446
u0018641:i0765010,4.25506
u0018641:i0816692,6.04219
u0018641:i1255953,4.89783
u0018641:i1334260,3.44866
u0018641:i1360860,4.28168
u0018641:i1392190,6.25216
u0018641:i1638002,5.58764
u0018641:i1655441,6.15017
u0018641:i1702439,5.36964
u0018641:i1823672,6.67299
u0018641:i1951265,6.79154
u0018641:i2096673,6.47386
u0018641:i2182972,6.83928
u0018641:i2402101,5.9784
u0018641:i2562232,6.68469
u0018641:i2582802,6.64805
u0018641:i2802144,6.50755
u0018641:i2908446,6.26608
u0018641:i2967224,5.93957
u0018641:i3007512,6.4016
u0018641:i3316960,6.51552
u0018645:i0172495,7.98752
u0018645:i0416449,7.98752
u0018645:i1253863,7.98752
u0018645:i1790864,7.98752
u0018645:i2179136,7.98752
u0018645:i2493486,7.98752
u0018648:i0169547,5.49433
u0018648:i0335266,5.09469
u0018648:i1837562,5.60938
u0018648:i3369806,5.47043
u0018648:i3622592,5.83717
u0018649:i0119345,7.60697
u0018649:i0120157,7.60697
u0018649:i0249478,7.60697
u0018649:i0298130,7.60697
u0018649:i0790686,7.60697
u0018649:i1015474,7.60697
u0018649:i1127180,7.60697
u0018649:i1289451,7.60697
u0018649:i1748227,7.60697
u0018649:i1848832,7.60697
u0018672:i0804522,4.68153
u0018672:i0907657,6.53201
u0018672:i1291584,4.55912
u0018706:i0113497,6.12529
u0018706:i0817177,5.09663
u0018706:i1243957,5.21121
u0018724:i2084970,7.72229
u0018724:i2179136,7.72229
u0018724:i2802144,7.72229
u0018724:i3387648,7.72229
u0018726:i0061619,0
u0018726:i0215750,3.90388
u0018726:i0948470,5.19291
u0018726:i2015381,6.21058
u0018735:i1392190,6.25744
u0018735:i1839522,0
u0018735:i2788710,6.75046
u0018735:i2802144,6.51369
u0018735:i3480796,5.49994
u0018735:i4114744,6.09623
u0018737:i1809398,7.60697
u0018737:i2245084,7.60697
u0018737:i2326612,7.60697
u0018737:i2446042,7.60697
u0018737:i2545118,7.60697
u0018737:i2582802,7.60697
u0018737:i2980516,7.60697
u0018737:i3622592,7.60697
u0018746:i0369610,6.4398
u0018746:i0816692,6.05095
u0018746:i1109624,6.59204
u0018746:i1392190,6.26273
u0018746:i1408253,5.85751
u0018746:i2103281,7.05959
u0018746:i2170439,6.60081
u0018746:i2267998,6.26211
u0018746:i2381941,6.59013
u0018746:i2446042,6.70815
u0018746:i2561572,6.46754
u0018746:i2637276,6.0052
u0018746:i2802144,6.51984
u0018746:i2820852,6.38878
u0018746:i2848292,6.45735
u0018746:i2872718,6.67787
u0018746:i2872732,6.44988
u0018746:i2908446,6.28348
u0018746:i3079380,6.1816
u0018746:i3203616,6.21878
u0018770:i0075686,8.10631
u0018770:i0470752,8.10631
u0018770:i1020072,8.10631
u0018770:i1392190,8.10631
u0018770:i2395427,8.10631
u0018770:i3152624,8.10631
u0018801:i0032910,7.34963
u0018801:i0044314,7.34963
u0018801:i0056592,7.34963
u0018801:i0057323,7.34963
u0018801:i0073312,7.34963
u0018801:i0077288,7.34963
u0018801:i0088763,7.34963
u0018801:i0094625,7.34963
u0018801:i0107290,7.34963
u0018801:i0110357,7.34963
u0018801:i0117060,7.34963
u0018801:i0120755,7.34963
u0018801:i0209144,7.34963
u0018801:i0286244,7.34963
u0018801:i0295297,7.34963
u0018801:i0317919,7.34963
u0018801:i0359013,7.34963
u0018801:i0359950,7.34963
u0018801:i0445922,7.34963
u0018801:i0485601,7.34963
u0018801:i0795421,7.34963
u0018801:i0816442,7.34963
u0018801:i1754656,7.34963
u0018801:i1790864,7.34963
u0018801:i1821549,7.34963
u0018801:i1823672,7.34963
u0018801:i1840309,7.34963
u0018801:i1865505,7.34963
u0018801:i2084970,7.34963
u0018801:i2096673,7.34963
u0018801:i2245084,7.34963
u0018801:i2267998,7.34963
u0018801:i2278388,7.34963
u0018801:i2562232,7.34963
u0018801:i2980516,7.34963
u0018801:i3148834,7.34963
u0018801:i3235888,7.34963
u0018801:i3713166,7.34963
u0018805:i0187512,7.46243
u0018805:i1780798,7.46243
u0018805:i2980592,7.46243
u0018805:i3235888,7.46243
u0018812:i0118688,5.96638
u0018812:i0405422,4.52085
u0018812:i0831387,6.29894
u0018812:i1872818,6.06531
u0018812:i2322441,6.84393
u0018812:i2561572,6.49616
u0018817:i1392190,6.26802
u0018817:i1600196,6.79014
u0018817:i2126355,6.72889
u0018817:i2199571,6.10354
u0018817:i2582802,6.65538
u0018835:i0470752,7.50908
u0018835:i2096673,7.50908
u0018835:i3622592,7.50908
u0018835:i4178092,7.50908
u0018837:i0369610,6.4468
u0018837:i1392190,6.27332
u0018837:i2395427,6.67012
u0018848:i1790864,7.41959
u0018848:i1838544,7.41959
u0018848:i1872194,7.41959
u0018848:i2179136,7.41959
u0018848:i2267998,7.41959
u0018848:i2381941,7.41959
u0018848:i2562232,7.41959
u0018848:i2582802,7.41959
u0018848:i2713180,7.41959
u0018848:i2788710,7.41959
u0018848:i2872718,7.41959
u0018848:i2980516,7.41959
u0018856:i0369610,7.30194
u0018856:i0478970,7.30194
u0018856:i1340138,7.30194
u0018856:i1392214,7.30194
u0018856:i1524930,7.30194
u0018856:i1798684,7.30194
u0018856:i2120120,7.30194
u0018868:i0458352,5.14161
u0018868:i0864835,6.28906
u0018868:i1392190,6.27863
u0018868:i1617661,6.85597
u0018868:i2064968,5.99968
u0018868:i2183034,6.14845
u0018868:i2788716,6.264
u0018868:i3203616,6.278
u0018868:i3484800,5.4803
u0018870:i0080120,7.60697
u0018870:i0093058,7.60697
u0018870:i0253474,7.60697
u0018870:i0361862,7.60697
u0018870:i0396555,7.60697
u0018870:i0407887,7.60697
u0018870:i0411302,7.60697
u0018870:i0482571,7.60697
u0018870:i0808417,7.60697
u0018870:i0838221,7.60697
u0018870:i1130884,7.60697
u0018870:i1318514,7.60697
u0018870:i1345836,7.60697
u0018870:i1392190,7.60697
u0018870:i1453405,7.60697
u0018870:i1515091,7.60697
u0018870:i1637725,7.60697
u0018870:i1692486,7.60697
u0018870:i1790864,7.60697
u0018870:i1798684,7.60697
u0018870:i2279373,7.60697
u0018870:i2370248,7.60697
u0018870:i2388725,7.60697
u0018870:i2582802,7.60697
u0018870:i2802144,7.60697
u0018870:i2848292,7.60697
u0018870:i2911666,7.60697
u0018870:i3079380,7.60697
u0018870:i3293158,7.60697
u0018870:i3689498,7.60697
u0018876:i0088247,7.67
u0018876:i0103064,7.67
u0018876:i0107290,7.67
u0018876:i0119567,7.67
u0018876:i0163025,7.67
u0018876:i0181852,7.67
u0018876:i0369610,7.67
u0018876:i0371746,7.67
u0018876:i0438488,7.67
u0018876:i0458339,7.67
u0018876:i0478970,7.67
u0018876:i0800080,7.67
u0018876:i0800369,7.67
u0018876:i1228705,7.67
u0018876:i1300854,7.67
u0018876:i1340138,7.67
u0018876:i1392190,7.67
u0018876:i1502712,7.67
u0018876:i1617661,7.67
u0018876:i1843866,7.67
u0018876:i1951265,7.67
u0018876:i1964418,7.67
u0018876:i1981115,7.67
u0018876:i2015381,7.67
u0018876:i2126355,7.67
u0018876:i2381249,7.67
u0018876:i2395427,7.67
u0018876:i2436386,7.67
u0019041:i0350261,6.05853
u0019041:i1855199,5.0544
u0019041:i1872194,6.82029
u0019049:i0050212,6.06295
u0019049:i0054821,6.06295
u0019049:i0054953,6.06295
u0019049:i0060305,6.06295
u0019049:i0062138,6.06295
u0019049:i0062229,6.06295
u0019049:i0064040,6.06295
u0019049:i0070511,6.06295
u0019049:i0071691,6.06295
u0019049:i0084390,6.06295
u0019049:i0093342,6.06295
u0019049:i0098532,6.06295
u0019049:i0206634,6.06295
u0019049:i0369610,6.06295
u0019049:i0756683,6.06295
u0019049:i1182345,6.06295
u0019049:i1392190,6.06295
u0019049:i1798684,6.06295
u0019049:i1800338,6.06295
u0019049:i1823672,6.06295
u0019049:i2170439,6.06295
u0019049:i2224026,6.06295
u0019049:i2293640,6.06295
u0019049:i2562232,6.06295
u0019049:i2764784,6.06295
u0019049:i2820852,6.06295
u0019049:i2980516,6.06295
u0019049:i3007512,6.06295
u0019049:i3079380,6.06295
u0019049:i3541262,6.06295
u0019049:i3612616,6.06295
u0019103:i0083944,7.3552
u0019103:i0092005,7.3552
u0019103:i0092099,7.3552
u0019103:i0100802,7.3552
u0019103:i0118749,7.3552
u0019103:i0369610,7.3552
u0019103:i0450259,7.3552
u0019103:i0478970,7.3552
u0019103:i0816692,7.3552
u0019103:i1077258,7.3552
u0019103:i1371150,7.3552
u0019103:i1392190,7.3552
u0019103:i1535108,7.3552
u0019103:i2802144,7.3552
u0019103:i2911666,7.3552
u0019104:i0058150,7.72229
u0019104:i0069113,7.72229
u0019104:i0072890,7.72229
u0019104:i0081283,7.72229
u0019104:i0083131,7.72229
u0019104:i0083987,7.72229
u0019104:i0084516,7.72229
u0019104:i0086465,7.72229
u0019104:i0088011,7.72229
u0019104:i0089218,7.72229
u0019104:i0089370,7.72229
u0019104:i0090859,7.72229
u0019104:i0093936,7.72229
u0019104:i0094721,7.72229
u0019104:i0098439,7.72229
u0019104:i0098536,7.72229
u0019104:i0098621,7.72229
u0019104:i0100502,7.72229
u0019104:i0102266,7.72229
u0019104:i0106582,7.72229
u0019104:i0106697,7.72229
u0019104:i0107048,7.72229
u0019104:i0112442,7.72229
u0019104:i0115798,7.72229
u0019104:i0116040,7.72229
u0019104:i0116225,7.72229
u0019104:i0116365,7.72229
u0019104:i0116908,7.72229
u0019104:i0116996,7.72229
u0019104:i0118928,7.72229
u0019104:i0119116,7.72229
u0019104:i0119396,7.72229
u0019104:i0119643,7.72229
u0019104:i0119683,7.72229
u0019104:i0120632,7.72229
u0019104:i0120694,7.72229
u0019104:i0120738,7.72229
u0019104:i0120768,7.72229
u0019104:i0120902,7.72229
u0019104:i0125454,7.72229
u0019104:i0137523,7.72229
u0019104:i0146675,7.72229
u0019104:i0159273,7.72229
u0019104:i0205000,7.72229
u0019104:i0206314,7.72229
u0019104:i0215129,7.72229
u0019104:i0251075,7.72229
u0019104:i0280609,7.72229
u0019104:i0285823,7.72229
u0019104:i0286112,7.72229
u0019104:i0302640,7.72229
u0019104:i0309698,7.72229
u0019104:i0322802,7.72229
u0019104:i0324216,7.72229
u0019104:i0350028,7.72229
u0019104:i0356634,7.72229
u0019104:i0367652,7.72229
u0019104:i0368578,7.72229
u0019104:i0373883,7.72229
u0019104:i0377471,7.72229
u0019104:i0381707,7.72229
u0019104:i0385752,7.72229
u0019104:i0393162,7.72229
u0019104:i0398808,7.72229
u0019104:i0401729,7.72229
u0019104:i0409182,7.72229
u0019104:i0416236,7.72229
u0019104:i0425210,7.72229
u0019104:i0426592,7.72229
u0019104:i0443649,7.72229
u0019104:i0450259,7.72229
u0019104:i0453467,7.72229
u0019104:i0465538,7.72229
u0019104:i0477080,7.72229
u0019104:i0790636,7.72229
u0019104:i0790724,7.72229
u0019104:i0805570,7.72229
u0019104:i0814255,7.72229
u0019104:i0816692,7.72229
u0019104:i0889583,7.72229
u0019104:i0901476,7.72229
u0019104:i0989757,7.72229
u0019104:i1037705,7.72229
u0019104:i1111422,7.72229
u0019104:i1132626,7.72229
u0019104:i1144884,7.72229
u0019104:i1152398,7.72229
u0019104:i1210166,7.72229
u0019104:i1243957,7.72229
u0019104:i1272878,7.72229
u0019104:i1282140,7.72229
u0019104:i1355630,7.72229
u0019104:i1396218,7.72229
u0019104:i1411238,7.72229
u0019104:i1424381,7.72229
u0019104:i1440129,7.72229
u0019104:i1486185,7.72229
u0019104:i1538403,7.72229
u0019104:i1605630,7.72229
u0019104:i1632708,7.72229
u0019104:i1645170,7.72229
u0019104:i1646987,7.72229
u0019104:i1706593,7.72229
u0019104:i1907668,7.72229
u0019104:i1951265,7.72229
u0019104:i1980209,7.72229
u0019104:i2004420,7.72229
u0019104:i2084970,7.72229
u0019104:i2109184,7.72229
u0019104:i2179136,7.72229
u0019104:i2267998,7.72229
u0019104:i2278388,7.72229
u0019104:i2294449,7.72229
u0019104:i2302755,7.72229
u0019104:i2334879,7.72229
u0019104:i2395427,7.72229
u0019104:i2562232,7.72229
u0019104:i2582846,7.72229
u0019104:i2692250,7.72229
u0019104:i2872732,7.72229
u0019104:i2911666,7.72229
u0019151:i0056592,7.09196
u0019151:i0103074,7.09196
u0019151:i0241527,7.09196
u0019151:i0295297,7.09196
u0019151:i0304141,7.09196
u0019151:i0330373,7.09196
u0019151:i0365748,7.09196
u0019151:i0369610,7.09196
u0019151:i0373889,7.09196
u0019151:i0381849,7.09196
u0019151:i0831387,7.09196
u0019151:i0870111,7.09196
u0019151:i1204975,7.09196
u0019151:i1204977,7.09196
u0019151:i1408253,7.09196
u0019151:i1571249,7.09196
u0019151:i1587310,7.09196
u0019151:i1670345,7.09196
u0019151:i1698641,7.09196
u0019151:i1742044,7.09196
u0019151:i1823672,7.09196
u0019151:i1837613,7.09196
u0019151:i1843866,7.09196
u0019151:i1877832,7.09196
u0019151:i1956620,7.09196
u0019151:i1959490,7.09196
u0019151:i2004420,7.09196
u0019151:i2179136,7.09196
u0019151:i2209764,7.09196
u0019151:i2334879,7.09196
u0019151:i2357291,7.09196
u0019151:i2431286,7.09196
u0019151:i2446600,7.09196
u0019151:i2557490,7.09196
u0019151:i2752758,7.09196
u0019151:i2975578,7.09196
u0019161:i0470752,7.69718
u0019161:i0802948,7.69718
u0019161:i0816692,7.69718
u0019161:i1020072,7.69718
u0019161:i1126590,7.69718
u0019161:i1392190,7.69718
u0019161:i1872194,7.69718
u0019161:i1951265,7.69718
u0019161:i2179136,7.69718
u0019161:i2802144,7.69718
u0019166:i2096673,6.488
u0019166:i2293640,6.42303
u0019166:i2381249,6.31392
u0019176:i0084390,4.68349
u0019176:i2370248,6.31308
u0019176:i3538766,6.19109
u0019184:i0412019,7.61714
u0019184:i1691917,7.61714
u0019184:i2245084,7.61714
u0019184:i2872732,7.61714
u0019193:i0470752,7.24142
u0019193:i1065073,7.24142
u0019193:i1100089,7.24142
u0019193:i1126590,7.24142
u0019193:i1605717,7.24142
u0019193:i1791682,7.24142
u0019193:i2084970,7.24142
u0019193:i2172584,7.24142
u0019193:i2305051,7.24142
u0019193:i2381941,7.24142
u0019193:i2397535,7.24142
u0019193:i2465578,7.24142
u0019193:i2473794,7.24142
u0019193:i2802144,7.24142
u0019193:i2802154,7.24142
u0019193:i2872718,7.24142
u0019193:i2911666,7.24142
u0019193:i2937898,7.24142
u0019193:i2980516,7.24142
u0019193:i3316960,7.24142
u0019193:i3409392,7.24142
u0019193:i3630276,7.24142
u0019193:i3729920,7.24142
u0019193:i4284010,7.24142
u0019221:i0114388,6.91892
u0019221:i0482571,6.91892
u0019221:i1758830,6.91892
u0019221:i1800241,6.91892
u0019230:i0106677,4.37645
u0019230:i0458481,6.73675
u0019230:i1065073,6.4821
u0019230:i1454029,4.94348
u0019230:i2179136,6.71711
u0019231:i0114746,7.77827
u0019231:i0758758,7.77827
u0019231:i1392190,7.77827
u0019231:i1972571,7.77827
u0019231:i2278388,7.77827
u0019231:i2562232,7.77827
u0019231:i2713180,7.77827
u0019245:i0369610,6.45382
u0019245:i1243974,5.90844
u0019245:i2096673,6.50216
u0019245:i2582496,5.94568
u0019245:i3079380,6.19646
u0019245:i3152624,6.40477
u0019245:i3715320,7.04075
u0019256:i0075213,7.60697
u0019256:i2398231,7.60697
u0019256:i2713180,7.60697
u0019256:i2911666,7.60697
u0019274:i0478970,7.95195
u0019274:i0829150,7.95195
u0019274:i1392190,7.95195
u0019274:i2170593,7.95195
u0019274:i3079380,7.95195
u0019279:i1392190,7.60697
u0019279:i1767372,7.60697
u0019279:i2096673,7.60697
u0019279:i2381249,7.60697
u0019279:i2737050,7.60697
u0019279:i3235888,7.60697
u0019308:i1398426,7.41959
u0019308:i1694020,7.41959
u0019308:i2582802,7.41959
u0019308:i2637276,7.41959
u0019308:i2802144,7.41959
u0019308:i2820852,7.41959
u0019328:i2245084,6.65571
u0019328:i2802144,6.65571
u0019328:i2820852,6.65571
u0019335:i2126355,7.60697
u0019335:i2231253,7.60697
u0019335:i2820852,7.60697
u0019352:i0038192,8.17143
u0019352:i0061770,8.17143
u0019352:i0070119,8.17143
u0019352:i0098621,8.17143
u0019352:i0332280,8.17143
u0019352:i0477348,8.17143
u0019352:i2090629,8.17143
u0019352:i2561572,8.17143
u0019352:i2872732,8.17143
u0019352:i4547120,8.17143
u0019352:i4625336,8.17143
u0019368:i0089374,7.73367
u0019368:i0145660,7.73367
u0019368:i0455944,7.73367
u0019368:i1408101,7.73367
u0019386:i0362227,5.76762
u0019386:i0765010,4.53873
u0019386:i1152836,4.46452
u0019386:i1411697,5.47213
u0019386:i2084970,6.54719
u0019386:i2582802,6.66273
u0019387:i0443706,7.50181
u0019387:i0478970,7.50181
u0019387:i0482571,7.50181
u0019387:i1392190,7.50181
u0019387:i1638355,7.50181
u0019387:i1655441,7.50181
u0019387:i1727770,7.50181
u0019387:i1798684,7.50181
u0019387:i1837562,7.50181
u0019387:i1964418,7.50181
u0019387:i2126355,7.50181
u0019387:i2179136,7.50181
u0019387:i2381249,7.50181
u0019387:i2395427,7.50181
u0019387:i2679042,7.50181
u0019387:i2820852,7.50181
u0019387:i2980516,7.50181
u0019387:i3045616,7.50181
u0019387:i3622592,7.50181
u0019387:i3687398,7.50181
u0019394:i0065207,7.11652
u0019394:i0065938,7.11652
u0019394:i0087544,7.11652
u0019394:i0096283,7.11652
u0019394:i0102803,7.11652
u0019394:i0105112,7.11652
u0019394:i0109686,7.11652
u0019394:i0110475,7.11652
u0019394:i0139809,7.11652
u0019394:i0145660,7.11652
u0019394:i0175880,7.11652
u0019394:i0272152,7.11652
u0019394:i0369610,7.11652
u0019394:i0470752,7.11652
u0019394:i0478970,7.11652
u0019394:i0829482,7.11652
u0019394:i0830515,7.11652
u0019394:i0884732,7.11652
u0019394:i1097643,7.11652
u0019394:i1109624,7.11652
u0019394:i1340138,7.11652
u0019394:i1392190,7.11652
u0019394:i1504320,7.11652
u0019394:i1519461,7.11652
u0019394:i1524930,7.11652
u0019394:i1568921,7.11652
u0019394:i1591095,7.11652
u0019394:i1614989,7.11652
u0019394:i1662293,7.11652
u0019394:i1716772,7.11652
u0019394:i1727388,7.11652
u0019394:i1727770,7.11652
u0019394:i1791528,7.11652
u0019394:i1823672,7.11652
u0019394:i1920945,7.11652
u0019394:i1931388,7.11652
u0019394:i1964418,7.11652
u0019394:i2088003,7.11652
u0019394:i2096672,7.11652
u0019394:i2120120,7.11652
u0019394:i2125435,7.11652
u0019394:i2126355,7.11652
u0019394:i2179136,7.11652
u0019394:i2209764,7.11652
u0019394:i2245084,7.11652
u0019394:i2261331,7.11652
u0019394:i2321549,7.11652
u0019394:i2339741,7.11652
u0019394:i2359024,7.11652
u0019394:i2381249,7.11652
u0019394:i2388715,7.11652
u0019394:i2395427,7.11652
u0019394:i2436386,7.11652
u0019394:i2561572,7.11652
u0019394:i2637276,7.11652
u0019394:i2637294,7.11652
u0019394:i2692250,7.11652
u0019394:i2713180,7.11652
u0019394:i2753778,7.11652
u0019394:i2788710,7.11652
u0019394:i2802144,7.11652
u0019394:i2820852,7.11652
u0019394:i2870612,7.11652
u0019394:i2911666,7.11652
u0019394:i2937898,7.11652
u0019394:i2980516,7.11652
u0019394:i2980592,7.11652
u0019394:i3079380,7.11652
u0019394:i3152624,7.11652
u0019394:i3235888,7.11652
u0019394:i3322940,7.11652
u0019394:i3605418,7.11652
u0019394:i3704538,7.11652
u0019394:i4178092,7.11652
u0019394:i4660980,7.11652
u0019402:i1392190,7.67
u0019402:i1617661,7.67
u0019402:i2326554,7.67
u0019402:i2908446,7.67
u0019402:i3504048,7.67
u0019414:i0114369,8.11235
u0019414:i0327056,8.11235
u0019414:i1029360,8.11235
u0019414:i1100089,8.11235
u0019414:i1392190,8.11235
u0019414:i1661820,8.11235
u0019414:i1791528,8.11235
u0019414:i1853728,8.11235
u0019414:i1872194,8.11235
u0019414:i2326612,8.11235
u0019414:i2381249,8.11235
u0019414:i2395427,8.11235
u0019414:i2717822,8.11235
u0019414:i2802144,8.11235
u0019414:i2820852,8.11235
u0019415:i0058461,7.645
u0019415:i0075005,7.645
u0019415:i0091064,7.645
u0019415:i0093894,7.645
u0019415:i0099165,7.645
u0019415:i0105695,7.645
u0019415:i0264472,7.645
u0019415:i0357413,7.645
u0019415:i0369610,7.645
u0019415:i0470752,7.645
u0019415:i0478970,7.645
u0019415:i1340138,7.645
u0019415:i1392190,7.645
u0019415:i1590089,7.645
u0019415:i1617661,7.645
u0019415:i1872194,7.645
u0019415:i1899353,7.645
u0019415:i1964418,7.645
u0019415:i2096673,7.645
u0019415:i2125501,7.645
u0019415:i2245084,7.645
u0019415:i2322441,7.645
u0019415:i2381249,7.645
u0019415:i2381941,7.645
u0019415:i2395427,7.645
u0019415:i2562232,7.645
u0019415:i2582802,7.645
u0019415:i2713180,7.645
u0019415:i2717822,7.645
u0019415:i2800240,7.645
u0019415:i2802144,7.645
u0019415:i2911666,7.645
u0019415:i3321428,7.645
u0019415:i3819668,7.645
u0019444:i2273657,6.55856
u0019444:i2561572,6.55856
u0019444:i2848292,6.55856
u0019444:i2967224,6.55856
u0019454:i1020072,6.83384
u0019454:i1567437,6.83384
u0019454:i1823672,6.83384
u0019454:i2199571,6.83384
u0019454:i2358925,6.83384
u0019454:i2381941,6.83384
u0019454:i2582802,6.83384
u0019454:i2802144,6.83384
u0019454:i3316960,6.83384
u0019454:i3538766,6.83384
u0019468:i0371257,5.14431
u0019468:i1297919,5.60312
u0019468:i2381249,6.32522
u0019482:i0076759,7.92598
u0019482:i0080684,7.92598
u0019482:i0086190,7.92598
u0019482:i0088847,7.92598
u0019482:i0096895,7.92598
u0019482:i0102926,7.92598
u0019482:i0103776,7.92598
u0019482:i0114369,7.92598
u0019482:i0117060,7.92598
u0019482:i0120363,7.92598
u0019482:i0120382,7.92598
u0019482:i0120660,7.92598
u0019482:i0120755,7.92598
u0019482:i0120915,7.92598
u0019482:i0121765,7.92598
u0019482:i0121766,7.92598
u0019482:i0133093,7.92598
u0019482:i0212985,7.92598
u0019482:i0234215,7.92598
u0019482:i0242653,7.92598
u0019482:i0268397,7.92598
u0019482:i0289765,7.92598
u0019482:i0317919,7.92598
u0019482:i0328832,7.92598
u0019482:i0345950,7.92598
u0019482:i0359950,7.92598
u0019482:i0360486,7.92598
u0019482:i0361748,7.92598
u0019482:i0369610,7.92598
u0019482:i0383574,7.92598
u0019482:i0388795,7.92598
u0019482:i0435761,7.92598
u0019482:i0449088,7.92598
u0019482:i0463998,7.92598
u0019482:i0477347,7.92598
u0019482:i1010048,7.92598
u0019482:i1192628,7.92598
u0019482:i1386932,7.92598
u0019482:i1392190,7.92598
u0019482:i1490017,7.92598
u0019482:i1645170,7.92598
u0019482:i1911658,7.92598
u0019482:i2245084,7.92598
u0019482:i2310332,7.92598
u0019482:i2395427,7.92598
u0019482:i2802144,7.92598
u0019482:i2820852,7.92598
u0019482:i3331846,7.92598
u0019492:i0470752,7.05103
u0019492:i1392190,7.05103
u0019492:i1791528,7.05103
u0019492:i1798709,7.05103
u0019492:i2245084,7.05103
u0019492:i2911666,7.05103
u0019508:i0092099,6.83384
u0019508:i0095953,6.83384
u0019508:i0110475,6.83384
u0019508:i0435625,6.83384
u0019508:i2334879,6.83384
u0019538:i0378194,7.50908
u0019538:i2084970,7.50908
u0019538:i2096672,7.50908
u0019538:i2338151,7.50908
u0019538:i4927574,7.50908
u0019551:i2084970,6.55398
u0019551:i2446042,6.72658
u0019551:i2872718,6.68886
u0019552:i0470752,6.6359
u0019552:i2170593,6.77349
u0019552:i2872718,6.69986
u0019552:i2935476,6.20971
u0019558:i0061512,7.93641
u0019558:i0079501,7.93641
u0019558:i0082694,7.93641
u0019558:i0089530,7.93641
u0019558:i0455944,7.93641
u0019558:i0462200,7.93641
u0019558:i0816692,7.93641
u0019558:i1436045,7.93641
u0019558:i1631867,7.93641
u0019558:i1666335,7.93641
u0019558:i1714833,7.93641
u0019558:i1872194,7.93641
u0019558:i2179136,7.93641
u0019558:i2184339,7.93641
u0019558:i2267998,7.93641
u0019558:i2446600,7.93641
u0019558:i2713180,7.93641
u0019558:i2975578,7.93641
u0019558:i3322940,7.93641
u0019577:i1937149,7.24473
u0019577:i1981115,7.24473
u0019577:i2015381,7.24473
u0019577:i3253930,7.24473
u0019580:i0073486,7.60697
u0019580:i0096283,7.60697
u0019580:i0109830,7.60697
u0019580:i0245429,7.60697
u0019580:i0338013,7.60697
u0019580:i0756683,7.60697
u0019580:i1606389,7.60697
u0019580:i1798709,7.60697
u0019580:i2096673,7.60697
u0019580:i2224026,7.60697
u0019580:i2245084,7.60697
u0019580:i2262227,7.60697
u0019580:i2980648,7.60697
u0019580:i3183630,7.60697
u0019582:i0050986,7.60697
u0019582:i0056592,7.60697
u0019582:i0071230,7.60697
u0019582:i0074486,7.60697
u0019582:i0074958,7.60697
u0019582:i0077651,7.60697
u0019582:i0082495,7.60697
u0019582:i0085636,7.60697
u0019582:i0088680,7.60697
u0019582:i0090728,7.60697
u0019582:i0093058,7.60697
u0019582:i0094721,7.60697
u0019582:i0094737,7.60697
u0019582:i0095271,7.60697
u0019582:i0103776,7.60697
u0019582:i0106697,7.60697
u0019582:i0109707,7.60697
u0019582:i0111503,7.60697
u0019582:i0115738,7.60697
u0019582:i0118715,7.60697
u0019582:i0143145,7.60697
u0019582:i0146838,7.60697
u0019582:i0246460,7.60697
u0019582:i0248667,7.60697
u0019582:i0319061,7.60697
u0019582:i0369339,7.60697
u0019582:i0381061,7.60697
u0019582:i0787474,7.60697
u0019582:i0830515,7.60697
u0019582:i0884328,7.60697
u0019582:i1074638,7.60697
u0019582:i1100089,7.60697
u0019582:i1638364,7.60697
u0019582:i1706620,7.60697
u0019582:i1823672,7.60697
u0019582:i1899353,7.60697
u0019582:i1931533,7.60697
u0019582:i2170299,7.60697
u0019582:i2179136,7.60697
u0019582:i2180411,7.60697
u0019582:i2265171,7.60697
u0019582:i2305051,7.60697
u0019582:i2316411,7.60697
u0019582:i2321549,7.60697
u0019582:i2322441,7.60697
u0019582:i2381941,7.60697
u0019582:i2771372,7.60697
u0019582:i2802144,7.60697
u0019582:i2937898,7.60697
u0019582:i2980516,7.60697
u0019582:i3316960,7.60697
u0019582:i3495030,7.60697
u0019582:i3742284,7.60697
u0019582:i3848892,7.60697
u0019582:i4430212,7.60697
u0019589:i0369610,6.46084
u0019589:i0455944,6.49042
u0019589:i1291150,6.92
u0019589:i1631867,6.47063
u0019589:i1634003,5.14036
u0019589:i1790864,6.26414
u0019589:i2245084,6.81074
u0019589:i2872732,6.48104
u0019592:i0369610,7.60697
u0019592:i1872194,7.60697
u0019592:i2084970,7.60697
u0019592:i2395427,7.60697
u0019592:i2446042,7.60697
u0019592:i2637276,7.60697
u0019592:i2802144,7.60697
u0019592:i3079380,7.60697
u0019592:i3622592,7.60697
u0019596:i0377471,7.02231
u0019596:i0816692,7.02231
u0019596:i2505294,7.02231
u0019596:i2562232,7.02231
u0019596:i2582802,7.02231
u0019596:i2582846,7.02231
u0019596:i2713180,7.02231
u0019613:i1392190,6.28393
u0019613:i2395427,6.67735
u0019613:i2980516,6.74923
u0019633:i0063350,6.48479
u0019633:i0090605,6.48479
u0019633:i0116282,6.48479
u0019633:i0118715,6.48479
u0019633:i0162346,6.48479
u0019633:i0206634,6.48479
u0019633:i0265666,6.48479
u0019633:i0338013,6.48479
u0019633:i0473692,6.48479
u0019633:i0790636,6.48479
u0019633:i0884328,6.48479
u0019633:i1588334,6.48479
u0019633:i1659337,6.48479
u0019633:i1791528,6.48479
u0019633:i1935179,6.48479
u0019633:i2170439,6.48479
u0019633:i2370248,6.48479
u0019633:i2562232,6.48479
u0019633:i2582802,6.48479
u0019633:i2820852,6.48479
u0019633:i2866360,6.48479
u0019633:i2910814,6.48479
u0019633:i3177316,6.48479
u0019633:i3235888,6.48479
u0019633:i3692768,6.48479
u0019633:i3713166,6.48479
u0019657:i0435651,7.50908
u0019657:i1109624,7.50908
u0019657:i2084970,7.50908
u0019657:i2872718,7.50908
u0019709:i0369610,7.98308
u0019709:i0840361,7.98308
u0019709:i0975645,7.98308
u0019709:i1109624,7.98308
u0019709:i1658837,7.98308
u0019709:i1791682,7.98308
u0019709:i1843866,7.98308
u0019709:i1877832,7.98308
u0019709:i2004432,7.98308
u0019709:i2333784,7.98308
u0019709:i2359024,7.98308
u0019709:i2377322,7.98308
u0019709:i2395427,7.98308
u0019709:i2980592,7.98308
u0019722:i0317676,7.46187
u0019722:i0369610,7.46187
u0019722:i1029360,7.46187
u0019722:i1197624,7.46187
u0019722:i1340138,7.46187
u0019722:i1430612,7.46187
u0019722:i1486185,7.46187
u0019722:i1591095,7.46187
u0019722:i1798684,7.46187
u0019722:i2199571,7.46187
u0019722:i2226417,7.46187
u0019722:i2293640,7.46187
u0019722:i2309260,7.46187
u0019722:i2911666,7.46187
u0019722:i2938956,7.46187
u0019722:i2975578,7.46187
u0019722:i3138376,7.46187
u0019722:i3195644,7.46187
u0019722:i3713166,7.46187
u0019722:i4178092,7.46187
u0019742:i0082782,7.56484
u0019742:i1242432,7.56484
u0019742:i1640711,7.56484
u0019742:i1726592,7.56484
u0019742:i2321549,7.56484
u0019742:i2562232,7.56484
u0019742:i2784512,7.56484
u0019742:i2980592,7.56484
u0019742:i3203616,7.56484
u0019742:i3235888,7.56484
u0019742:i3479316,7.56484
u0019742:i3576038,7.56484
u0019742:i3713166,7.56484
u0019750:i0107290,7.08961
u0019750:i0816692,7.08961
u0019750:i2180411,7.08961
u0019750:i2305051,7.08961
u0019761:i1340138,7.73103
u0019761:i1979320,7.73103
u0019761:i2042568,7.73103
u0019761:i2713180,7.73103
u0019761:i2820852,7.73103
u0019781:i0060196,5.07288
u0019781:i0102926,5.05095
u0019781:i1212450,4.77213
u0019781:i1291584,4.63773
u0019781:i1340138,6.35916
u0019781:i1392190,6.28925
u0019781:i1600196,6.84007
u0019781:i1675434,4.71896
u0019781:i1772288,6.37024
u0019781:i2872718,6.71088
u0019812:i0209144,5.35241
u0019812:i0443465,5.8607
u0019812:i0816692,6.05972
u0019812:i1392214,4.91896
u0019812:i2245084,6.82526
u0019812:i2397535,6.63046
u0019812:i2726560,5.9359
u0019812:i2802144,6.526
u0019856:i1398426,7.60697
u0019856:i1674771,7.60697
u0019856:i1798684,7.60697
u0019856:i4178092,7.60697
u0019865:i0123209,7.92598
u0019865:i2034031,7.92598
u0019865:i2140619,7.92598
u0019865:i2272918,7.92598
u0019900:i0067959,7.90167
u0019900:i0068205,7.90167
u0019900:i0072962,7.90167
u0019900:i1198130,7.90167
u0019900:i2125653,7.90167
u0019900:i2382298,7.90167
u0019948:i0085407,7.45989
u0019948:i0090605,7.45989
u0019948:i0103919,7.45989
u0019948:i0109830,7.45989
u0019948:i0118531,7.45989
u0019948:i0118884,7.45989
u0019948:i0470752,7.45989
u0019948:i1204977,7.45989
u0019948:i2784512,7.45989
u0019948:i2980516,7.45989
u0019981:i1091191,5.76955
u0019981:i1267297,5.88691
u0019981:i2103281,7.13019
u0019981:i2245084,6.83981
u0019981:i2820852,6.3972
u0019981:i2980592,6.52209
u0019994:i0114814,7.41278
u0019994:i0362478,7.41278
u0019994:i0376136,7.41278
u0019994:i0478087,7.41278
u0019994:i0482571,7.41278
u0019994:i1189340,7.41278
u0020012:i0369610,6.37331
u0020012:i1014763,6.37331
u0020012:i1100089,6.37331
u0020012:i1655441,6.37331
u0020012:i1872194,6.37331
u0020012:i2096673,6.37331
u0020012:i2126355,6.37331
u0020012:i2199571,6.37331
u0020012:i2224026,6.37331
u0020012:i2245084,6.37331
u0020012:i2293640,6.37331
u0020012:i2381249,6.37331
u0020012:i2395427,6.37331
u0020012:i2446042,6.37331
u0020012:i3247714,6.37331
u0020012:i3713166,6.37331
u0020013:i1638355,7.85614
u0020013:i2103281,7.85614
u0020013:i2381249,7.85614
u0020013:i2395427,7.85614
u0020016:i0107290,5.72352
u0020016:i0109686,5.65569
u0020016:i0111161,4.33084
u0020016:i0119567,6.26894
u0020016:i0119654,5.74684
u0020016:i0120912,5.31177
u0020016:i0125439,6.17354
u0020016:i0126029,6.00182
u0020016:i0163025,5.78332
u0020016:i0163978,5.80286
u0020016:i0175142,4.34431
u0020016:i0198781,5.61477
u0020016:i0212346,5.01745
u0020016:i0257106,0
u0020016:i0259324,5.92572
u0020016:i0266543,6.16312
u0020016:i0277027,5.29228
u0020016:i0306047,0
u0020016:i0317219,5.21616
u0020016:i0317705,6.35765
u0020016:i0330793,6.63356
u0020016:i0332280,5.32252
u0020016:i0343660,5.70555
u0020016:i0359950,6.92847
u0020016:i0362120,3.88129
u0020016:i0365748,6.6478
u0020016:i0369610,6.46787
u0020016:i0382932,5.97031
u0020016:i0384537,3.79763
u0020016:i0389860,4.96948
u0020016:i0395699,4.78351
u0020016:i0398286,7.11667
u0020016:i0398808,3.94474
u0020016:i0409847,0
u0020016:i0433035,6.04054
u0020016:i0446029,6.63657
u0020016:i0451079,3.6583
u0020016:i0454921,4.1726
u0020016:i0454945,6.10677
u0020016:i0467406,6.09986
u0020016:i0473075,6.07451
u0020016:i0480249,5.85867
u0020016:i0486576,3.65291
u0020016:i0489099,6.02492
u0020016:i0499549,5.77719
u0020016:i0790636,6.5174
u0020016:i0790736,5.85732
u0020016:i0795461,5.68358
u0020016:i0808510,3.96299
u0020016:i0810913,4.42784
u0020016:i0816711,5.72023
u0020016:i0837562,5.117
u0020016:i0848228,5.89691
u0020016:i0884328,4.93221
u0020016:i0884732,6.44102
u0020016:i0892769,5.91738
u0020016:i0938330,4.9483
u0020016:i0942385,6.36869
u0020016:i0963966,6.17471
u0020016:i0974661,5.25027
u0020016:i0983193,5.3445
u0020016:i0988045,6.53102
u0020016:i1014759,4.05734
u0020016:i1024648,4.73284
u0020016:i1045658,6.13846
u0020016:i1049413,4.71539
u0020016:i1071875,5.68138
u0020016:i1103153,4.98553
u0020016:i1104001,1.8554
u0020016:i1109624,6.63782
u0020016:i1119646,5.11487
u0020016:i1135503,5.41458
u0020016:i1155076,6.16995
u0020016:i1156398,6.32024
u0020016:i1187043,5.05039
u0020016:i1192628,4.22543
u0020016:i1216475,5.56971
u0020016:i1217209,4.65731
u0020016:i1232829,5.74578
u0020016:i1245492,5.55622
u0020016:i1250777,5.54314
u0020016:i1259521,3.99594
u0020016:i1323594,6.31306
u0020016:i1375670,5.53477
u0020016:i1386703,6.72343
u0020016:i1392190,6.29456
u0020016:i1397514,5.18083
u0020016:i1399683,6.77968
u0020016:i1402488,4.1684
u0020016:i1408101,6.34729
u0020016:i1436562,4.73285
u0020016:i1440129,6.75588
u0020016:i1446714,6.10313
u0020016:i1464540,6.16436
u0020016:i1515091,5.02133
u0020016:i1542344,5.57732
u0020016:i1564367,6.59132
u0020016:i1588173,6.14575
u0020016:i1598822,5.54396
u0020016:i1598828,3.72993
u0020016:i1621039,3.40889
u0020016:i1623205,5.6881
u0020016:i1636826,5.78789
u0020016:i1637725,6.10483
u0020016:i1638002,5.63986
u0020016:i1650062,4.73618
u0020016:i1650554,6.30307
u0020016:i1661199,6.52861
u0020016:i1666186,5.03868
u0020016:i1670345,6.01358
u0020016:i1690953,5.71959
u0020016:i1702443,0
u0020016:i1706620,6.3107
u0020016:i1711425,4.77108
u0020016:i1758795,6.01441
u0020016:i1772341,5.52982
u0020016:i1854564,4.57617
u0020016:i1860353,3.78891
u0020016:i1877832,6.10853
u0020016:i1915581,6.31246
u0020016:i1922777,5.84763
u0020016:i1964418,6.36325
u0020016:i1981677,5.54082
u0020016:i2229499,6.07479
u0020016:i2334873,6.59975
u0020016:i2404311,6.72351
u0020016:i2717860,7.29836
u0020016:i2848292,6.49047
u0020016:i3079380,6.21136
u0020016:i3277552,4.23267
u0020017:i0332280,5.47037
u0020017:i0332379,6.06528
u0020017:i0478311,5.92358
u0020017:i1411697,5.6748
u0020017:i1478338,5.10327
u0020017:i1541160,5.024
u0020017:i1661199,6.55279
u0020017:i1723121,5.58181
u0020017:i1951261,4.85241
u0020017:i1981677,5.65871
u0020017:i2170439,6.63592
u0020017:i2848292,6.52375
u0020028:i0478970,8.1944
u0020028:i1563738,8.1944
u0020028:i2084970,8.1944
u0020028:i2381249,8.1944
u0020028:i3079380,8.1944
u0020030:i0112471,7.85396
u0020030:i0381681,7.85396
u0020030:i1431181,7.85396
u0020030:i1798684,7.85396
u0020036:i0020698,8.17557
u0020036:i0025373,8.17557
u0020036:i0026614,8.17557
u0020036:i0027876,8.17557
u0020036:i0031762,8.17557
u0020036:i0046876,8.17557
u0020036:i0050825,8.17557
u0020036:i0053849,8.17557
u0020036:i0056101,8.17557
u0020036:i0056255,8.17557
u0020036:i0058930,8.17557
u0020036:i0059706,8.17557
u0020036:i0060232,8.17557
u0020036:i0067458,8.17557
u0020036:i0070509,8.17557
u0020036:i0073692,8.17557
u0020036:i0074777,8.17557
u0020036:i0077280,8.17557
u0020036:i0085811,8.17557
u0020036:i0089265,8.17557
u0020036:i0105813,8.17557
u0020036:i0118780,8.17557
u0020036:i0371853,8.17557
u0020036:i0396171,8.17557
u0020036:i0451033,8.17557
u0020036:i1031241,8.17557
u0020036:i1376213,8.17557
u0020036:i1424310,8.17557
u0020036:i1528071,8.17557
u0020036:i1559547,8.17557
u0020036:i1772264,8.17557
u0020036:i1847750,8.17557
u0020036:i2355495,8.17557
u0020036:i2465146,8.17557
u0020036:i2996684,8.17557
u0020036:i3144266,8.17557
u0020036:i4145350,8.17557
u0020059:i0096895,5.66937
u0020059:i0884328,5.66937
u0020059:i1340138,5.66937
u0020059:i1392190,5.66937
u0020059:i1628055,5.66937
u0020059:i1674771,5.66937
u0020059:i1726592,5.66937
u0020059:i2084970,5.66937
u0020059:i2322441,5.66937
u0020059:i2381249,5.66937
u0020059:i2713180,5.66937
u0020059:i3045616,5.66937
u0020059:i3698408,5.66937
u0020075:i0478970,7.60697
u0020075:i0903624,7.60697
u0020075:i1172991,7.60697
u0020075:i1386703,7.60697
u0020075:i2562232,7.60697
u0020075:i4635548,7.60697
u0020081:i0369610,7.67
u0020081:i1638355,7.67
u0020081:i1790864,7.67
u0020081:i1877832,7.67
u0020081:i2245084,7.67
u0020081:i2322441,7.67
u0020081:i2395427,7.67
u0020081:i2436386,7.67
u0020081:i2785032,7.67
u0020081:i2802144,7.67
u0020081:i2911666,7.67
u0020088:i1198156,7.60697
u0020088:i1235522,7.60697
u0020088:i1322269,7.60697
u0020088:i1638002,7.60697
u0020088:i1939659,7.60697
u0020088:i2205697,7.60697
u0020088:i2267998,7.60697
u0020088:i2322441,7.60697
u0020088:i2582802,7.60697
u0020088:i3179568,7.60697
u0020091:i0369610,7.67
u0020091:i0470752,7.67
u0020091:i0478970,7.67
u0020091:i1392190,7.67
u0020091:i1638355,7.67
u0020091:i1674771,7.67
u0020091:i1798684,7.67
u0020091:i1798709,7.67
u0020091:i2126355,7.67
u0020091:i3713166,7.67
u0020106:i0183649,5.61733
u0020106:i1219289,5.99147
u0020106:i1258197,3.9958
u0020106:i1911644,5.05867
u0020108:i0369610,6.47491
u0020108:i0478970,6.21723
u0020108:i2096673,6.51636
u0020108:i2120120,5.92527
u0020108:i2126355,6.74998
u0020108:i2293640,6.44614
u0020108:i2820852,6.40563
u0020132:i1196948,7.92598
u0020132:i2096673,7.92598
u0020132:i2582802,7.92598
u0020132:i2802144,7.92598
u0020132:i2870708,7.92598
u0020138:i1014763,7.70696
u0020138:i1524930,7.70696
u0020138:i2802144,7.70696
u0020138:i2911666,7.70696
u0020154:i0026714,7.0418
u0020154:i0026983,7.0418
u0020154:i0034646,7.0418
u0020154:i0034694,7.0418
u0020154:i0036218,7.0418
u0020154:i0036384,7.0418
u0020154:i0037954,7.0418
u0020154:i0040525,7.0418
u0020154:i0041163,7.0418
u0020154:i0045919,7.0418
u0020154:i0047086,7.0418
u0020154:i0054390,7.0418
u0020154:i0055073,7.0418
u0020154:i0056592,7.0418
u0020154:i0057193,7.0418
u0020154:i0057918,7.0418
u0020154:i0058085,7.0418
u0020154:i0058946,7.0418
u0020154:i0059274,7.0418
u0020154:i0060955,7.0418
u0020154:i0066026,7.0418
u0020154:i0068909,7.0418
u0020154:i0074812,7.0418
u0020154:i0075213,7.0418
u0020154:i0075860,7.0418
u0020154:i0079550,7.0418
u0020154:i0081268,7.0418
u0020154:i0082497,7.0418
u0020154:i0082771,7.0418
u0020154:i0084750,7.0418
u0020154:i0088758,7.0418
u0020154:i0090728,7.0418
u0020154:i0092859,7.0418
u0020154:i0093894,7.0418
u0020154:i0099939,7.0418
u0020154:i0107290,7.0418
u0020154:i0107824,7.0418
u0020154:i0119738,7.0418
u0020154:i0164522,7.0418
u0020154:i0266308,7.0418
u0020154:i0443272,7.0418
u0020154:i0472043,7.0418
u0020154:i1190080,7.0418
u0020154:i1217613,7.0418
u0020154:i1343092,7.0418
u0020154:i1823672,7.0418
u0020154:i2103281,7.0418
u0020154:i2713180,7.0418
u0020198:i0062765,7.89127
u0020198:i0144084,7.89127
u0020198:i0412536,7.89127
u0020198:i0800099,7.89127
u0020198:i0816692,7.89127
u0020198:i1255953,7.89127
u0020198:i1786751,7.89127
u0020198:i1872194,7.89127
u0020198:i2278388,7.89127
u0020198:i2562232,7.89127
u0020198:i2582802,7.89127
u0020198:i2717860,7.89127
u0020198:i3316960,7.89127
u0020198:i4229236,7.89127
u0020203:i1790864,7.60697
u0020203:i2179136,7.60697
u0020203:i2294449,7.60697
u0020203:i2788710,7.60697
u0020203:i2911666,7.60697
u0020203:i3297330,7.60697
u0020214:i0369610,7.08008
u0020214:i0478970,7.08008
u0020214:i1661199,7.08008
u0020214:i1809398,7.08008
u0020214:i2096673,7.08008
u0020214:i2395427,7.08008
u0020214:i3210686,7.08008
u0020215:i1078588,3.89862
u0020215:i2103217,4.82964
u0020215:i2797106,3.01267
u0020222:i1392190,6.29988
u0020222:i2404463,6.72014
u0020222:i3079380,6.22629
u0020226:i0103905,7.41959
u0020226:i0470752,7.41959
u0020226:i2436386,7.41959
u0020228:i2180411,7.62259
u0020228:i2802144,7.62259
u0020228:i3316960,7.62259
u0020228:i3442006,7.62259
u0020286:i0070511,6.84545
u0020286:i0077269,6.84545
u0020286:i0106918,6.84545
u0020286:i0120102,6.84545
u0020286:i0260866,6.84545
u0020286:i0355295,6.84545
u0020286:i0364045,6.84545
u0020286:i0365737,6.84545
u0020286:i0382077,6.84545
u0020286:i1971325,6.84545
u0020286:i2051879,6.84545
u0020286:i2084970,6.84545
u0020286:i2106361,6.84545
u0020286:i2194499,6.84545
u0020286:i2317225,6.84545
u0020286:i2322441,6.84545
u0020286:i2402157,6.84545
u0020286:i2630916,6.84545
u0020286:i2908446,6.84545
u0020286:i4019426,6.84545
u0020295:i0137523,7.3559
u0020295:i0816692,7.3559
u0020295:i2015381,7.3559
u0020295:i2084970,7.3559
u0020295:i2562232,7.3559
u0020295:i2582802,7.3559
u0020295:i2713180,7.3559
u0020295:i2872718,7.3559
u0020306:i0369610,6.48196
u0020306:i0993846,5.816
u0020306:i1853728,4.43669
u0020310:i0111161,7.55393
u0020310:i0112792,7.55393
u0020310:i0120586,7.55393
u0020310:i1216491,7.55393
u0020310:i1809398,7.55393
u0020310:i2326612,7.55393
u0020317:i1817273,7.99091
u0020317:i2267998,7.99091
u0020317:i2582802,7.99091
u0020324:i0465602,7.45667
u0020324:i0468569,7.45667
u0020324:i0816692,7.45667
u0020324:i1296898,7.45667
u0020324:i1631867,7.45667
u0020324:i1872194,7.45667
u0020324:i2245084,7.45667
u0020354:i0119822,6.80353
u0020354:i0221799,3.96299
u0020354:i3672840,5.77305
u0020363:i0056869,7.60697
u0020363:i0093493,7.60697
u0020363:i0099141,7.60697
u0020363:i0100802,7.60697
u0020363:i0107120,7.60697
u0020363:i0109446,7.60697
u0020363:i0109484,7.60697
u0020363:i0117918,7.60697
u0020363:i0118928,7.60697
u0020363:i0120591,7.60697
u0020363:i0159273,7.60697
u0020363:i0162222,7.60697
u0020363:i0163978,7.60697
u0020363:i0183649,7.60697
u0020363:i0206634,7.60697
u0020363:i0218967,7.60697
u0020363:i0282209,7.60697
u0020363:i0337741,7.60697
u0020363:i0362227,7.60697
u0020363:i0372237,7.60697
u0020363:i0378109,7.60697
u0020363:i0387564,7.60697
u0020363:i0450259,7.60697
u0020363:i0478970,7.60697
u0020363:i0499549,7.60697
u0020363:i0816692,7.60697
u0020363:i0822832,7.60697
u0020363:i1029360,7.60697
u0020363:i1033575,7.60697
u0020363:i1060277,7.60697
u0020363:i1086772,7.60697
u0020363:i1205537,7.60697
u0020363:i1243974,7.60697
u0020363:i1322269,7.60697
u0020363:i1323973,7.60697
u0020363:i1340138,7.60697
u0020363:i1355630,7.60697
u0020363:i1389137,7.60697
u0020363:i1438254,7.60697
u0020363:i1502712,7.60697
u0020363:i1621045,7.60697
u0020363:i1674771,7.60697
u0020363:i1706593,7.60697
u0020363:i1772264,7.60697
u0020363:i1790864,7.60697
u0020363:i1823672,7.60697
u0020363:i1840309,7.60697
u0020363:i1931602,7.60697
u0020363:i1964418,7.60697
u0020363:i2084970,7.60697
u0020363:i2120120,7.60697
u0020363:i2126355,7.60697
u0020363:i2179136,7.60697
u0020363:i2194499,7.60697
u0020363:i2239832,7.60697
u0020363:i2245084,7.60697
u0020363:i2293640,7.60697
u0020363:i2305051,7.60697
u0020363:i2318092,7.60697
u0020363:i2355495,7.60697
u0020363:i2381249,7.60697
u0020363:i2381941,7.60697
u0020363:i2395427,7.60697
u0020363:i2436386,7.60697
u0020363:i2446042,7.60697
u0020363:i2555736,7.60697
u0020363:i2562232,7.60697
u0020363:i2582802,7.60697
u0020363:i2582846,7.60697
u0020363:i2614684,7.60697
u0020363:i2637276,7.60697
u0020363:i2652092,7.60697
u0020363:i2725962,7.60697
u0020363:i2726560,7.60697
u0020363:i2771372,7.60697
u0020363:i2820852,7.60697
u0020363:i2848292,7.60697
u0020363:i2866360,7.60697
u0020363:i2935476,7.60697
u0020363:i2980472,7.60697
u0020363:i2980516,7.60697
u0020363:i2980648,7.60697
u0020363:i3007512,7.60697
u0020363:i3152624,7.60697
u0020363:i3195644,7.60697
u0020363:i3316960,7.60697
u0020373:i0236027,7.80333
u0020373:i0369610,7.80333
u0020373:i0470752,7.80333
u0020373:i0816692,7.80333
u0020373:i1020072,7.80333
u0020373:i1179031,7.80333
u0020373:i1216491,7.80333
u0020373:i1340138,7.80333
u0020373:i1361318,7.80333
u0020373:i1392190,7.80333
u0020373:i1528100,7.80333
u0020373:i1661199,7.80333
u0020373:i1809398,7.80333
u0020373:i1810683,7.80333
u0020373:i1823672,7.80333
u0020373:i1872194,7.80333
u0020373:i1924396,7.80333
u0020373:i1951265,7.80333
u0020373:i1964418,7.80333
u0020373:i2039393,7.80333
u0020373:i2058107,7.80333
u0020373:i2084970,7.80333
u0020373:i2113809,7.80333
u0020373:i2126355,7.80333
u0020373:i2130270,7.80333
u0020373:i2194826,7.80333
u0020373:i2199571,7.80333
u0020373:i2234003,7.80333
u0020373:i2294629,7.80333
u0020373:i2316411,7.80333
u0020373:i2404425,7.80333
u0020373:i2431286,7.80333
u0020373:i2446042,7.80333
u0020373:i2452200,7.80333
u0020373:i2544766,7.80333
u0020373:i2562232,7.80333
u0020373:i2614684,7.80333
u0020373:i2649128,7.80333
u0020373:i2675914,7.80333
u0020373:i2717822,7.80333
u0020373:i2802144,7.80333
u0020373:i2820852,7.80333
u0020373:i2908446,7.80333
u0020373:i2911666,7.80333
u0020373:i2911668,7.80333
u0020373:i2935564,7.80333
u0020373:i2937898,7.80333
u0020373:i2972362,7.80333
u0020373:i2980516,7.80333
u0020373:i2980592,7.80333
u0020373:i3079380,7.80333
u0020373:i3140100,7.80333
u0020373:i3205376,7.80333
u0020373:i3253930,7.80333
u0020373:i3297330,7.80333
u0020373:i3420108,7.80333
u0020373:i3547740,7.80333
u0020373:i3746298,7.80333
u0020373:i3813310,7.80333
u0020393:i1340138,7.92598
u0020393:i1392190,7.92598
u0020393:i1655441,7.92598
u0020393:i2126355,7.92598
u0020393:i2180411,7.92598
u0020393:i2245084,7.92598
u0020393:i2381249,7.92598
u0020393:i2395427,7.92598
u0020398:i0104797,5.02247
u0020398:i0107207,6.19604
u0020398:i0110413,4.22279
u0020398:i0113277,6.00449
u0020398:i0114814,4.85025
u0020398:i0117913,5.12029
u0020398:i0159273,5.0579
u0020398:i0172495,4.89777
u0020398:i0200465,6.62306
u0020398:i0268978,4.83436
u0020398:i0327056,6.13204
u0020398:i0401997,3.485
u0020398:i0408790,6.28216
u0020398:i0443706,6.02994
u0020398:i0472399,5.22524
u0020398:i0480249,6.18415
u0020398:i0482571,4.20602
u0020398:i0758774,5.33966
u0020398:i0816692,6.0685
u0020398:i0865556,3.92807
u0020398:i1024648,4.84291
u0020398:i1197624,4.49173
u0020398:i1226753,5.61743
u0020398:i1267297,6.00955
u0020398:i1392214,4.98824
u0020398:i1437358,2.8855
u0020398:i1448755,4.73012
u0020398:i1853728,4.49507
u0020398:i1937149,4.4966
u0020398:i2179136,6.72434
u0020398:i2261331,5.95415
u0020398:i2267998,6.27754
u0020398:i2438644,5.18018
u0020398:i2713180,6.63315
u0020398:i3140100,6.73146
u0020412:i1212450,7.67
u0020412:i1809398,7.67
u0020412:i2305051,7.67
u0020412:i2562232,7.67
u0020422:i2179136,7.41288
u0020422:i2180411,7.41288
u0020422:i2562232,7.41288
u0020422:i2788710,7.41288
u0020432:i0055526,0
u0020432:i0056801,0
u0020432:i0096257,5.09631
u0020432:i0100024,3.47289
u0020432:i0133093,6.17422
u0020432:i0147004,4.78328
u0020432:i1185616,0
u0020432:i1234548,5.38013
u0020432:i1528071,7.11092
u0020432:i1605717,6.41227
u0020432:i2172584,6.25557
u0020432:i2215221,0
u0020432:i2321549,7.02205
u0020432:i3206616,0
u0020487:i0120663,7.39366
u0020487:i0816442,7.39366
u0020487:i1193138,7.39366
u0020487:i1392190,7.39366
u0020487:i1403865,7.39366
u0020487:i1631867,7.39366
u0020487:i2209764,7.39366
u0020487:i2267998,7.39366
u0020490:i0347048,6.61667
u0020490:i0470752,6.61667
u0020490:i0816692,6.61667
u0020490:i1100089,6.61667
u0020490:i1126590,6.61667
u0020490:i1191111,6.61667
u0020490:i1429392,6.61667
u0020490:i1535109,6.61667
u0020490:i1798684,6.61667
u0020490:i1821593,6.61667
u0020490:i2017038,6.61667
u0020490:i2039393,6.61667
u0020490:i2042583,6.61667
u0020490:i2130321,6.61667
u0020490:i2316411,6.61667
u0020490:i2366608,6.61667
u0020490:i2381941,6.61667
u0020490:i2582802,6.61667
u0020490:i2911666,6.61667
u0020490:i2937898,6.61667
u0020490:i3235888,6.61667
u0020490:i3316960,6.61667
u0020490:i3416742,6.61667
u0020530:i0369610,8.10228
u0020530:i0458481,8.10228
u0020530:i0477348,8.10228
u0020530:i0478970,8.10228
u0020530:i1392190,8.10228
u0020530:i1726749,8.10228
u0020530:i1964418,8.10228
u0020530:i2013293,8.10228
u0020530:i2084970,8.10228
u0020530:i2096673,8.10228
u0020530:i2179136,8.10228
u0020530:i2322441,8.10228
u0020530:i2338151,8.10228
u0020530:i2395427,8.10228
u0020530:i2562232,8.10228
u0020530:i2652092,8.10228
u0020530:i2802144,8.10228
u0020530:i2820852,8.10228
u0020530:i2872718,8.10228
u0020530:i2980516,8.10228
u0020530:i3011894,8.10228
u0020530:i3079380,8.10228
u0020530:i3247714,8.10228
u0020530:i3316960,8.10228
u0020530:i3398268,8.10228
u0020545:i0473753,0
u0020545:i0816692,6.0773
u0020545:i2326554,6.07946
u0020552:i0408306,7.43261
u0020552:i0470752,7.43261
u0020552:i0857190,7.43261
u0020552:i1020072,7.43261
u0020552:i1033575,7.43261
u0020552:i1605717,7.43261
u0020552:i1623288,7.43261
u0020552:i1659337,7.43261
u0020552:i1714210,7.43261
u0020552:i1764234,7.43261
u0020552:i1790885,7.43261
u0020552:i1862079,7.43261
u0020552:i2084970,7.43261
u0020552:i2179136,7.43261
u0020552:i2234003,7.43261
u0020552:i2347569,7.43261
u0020552:i2355540,7.43261
u0020552:i2364975,7.43261
u0020552:i2382298,7.43261
u0020552:i2382396,7.43261
u0020552:i2397535,7.43261
u0020552:i2582802,7.43261
u0020552:i2756032,7.43261
u0020552:i2872718,7.43261
u0020552:i2883512,7.43261
u0020552:i2980516,7.43261
u0020552:i3263996,7.43261
u0020552:i3268458,7.43261
u0020553:i2381249,6.37309
u0020553:i2395427,6.37309
u0020553:i2802144,6.37309
u0020557:i1823672,7.35973
u0020557:i2802144,7.35973
u0020557:i2980472,7.35973
u0020559:i0083658,7.29197
u0020559:i0362270,7.29197
u0020559:i0369610,7.29197
u0020559:i0470752,7.29197
u0020559:i0790636,7.29197
u0020559:i0816692,7.29197
u0020559:i1065073,7.29197
u0020559:i1392190,7.29197
u0020559:i1490017,7.29197
u0020559:i1798709,7.29197
u0020559:i1800241,7.29197
u0020559:i2024544,7.29197
u0020559:i2042568,7.29197
u0020559:i2278871,7.29197
u0020559:i2321549,7.29197
u0020559:i2397535,7.29197
u0020559:i2562232,7.29197
u0020559:i2719848,7.29197
u0020559:i2872718,7.29197
u0020559:i3235888,7.29197
u0020559:i4569240,7.29197
u0020567:i0015864,6.11546
u0020567:i0032553,6.11546
u0020567:i0036775,6.11546
u0020567:i0063350,6.11546
u0020567:i0066921,6.11546
u0020567:i0072431,6.11546
u0020567:i0074486,6.11546
u0020567:i0075148,6.11546
u0020567:i0078504,6.11546
u0020567:i0079817,6.11546
u0020567:i0083944,6.11546
u0020567:i0084602,6.11546
u0020567:i0087469,6.11546
u0020567:i0088247,6.11546
u0020567:i0089880,6.11546
u0020567:i0089927,6.11546
u0020567:i0090859,6.11546
u0020567:i0093058,6.11546
u0020567:i0093692,6.11546
u0020567:i0095956,6.11546
u0020567:i0097428,6.11546
u0020567:i0097778,6.11546
u0020567:i0098439,6.11546
u0020567:i0099423,6.11546
u0020567:i0100050,6.11546
u0020567:i0100507,6.11546
u0020567:i0101452,6.11546
u0020567:i0101761,6.11546
u0020567:i0104670,6.11546
u0020567:i0106582,6.11546
u0020567:i0106697,6.11546
u0020567:i0109369,6.11546
u0020567:i0109445,6.11546
u0020567:i0110538,6.11546
u0020567:i0112864,6.11546
u0020567:i0112896,6.11546
u0020567:i0113492,6.11546
u0020567:i0114746,6.11546
u0020567:i0116000,6.11546
u0020567:i0118842,6.11546
u0020567:i0120382,6.11546
u0020567:i0120693,6.11546
u0020567:i0120770,6.11546
u0020567:i0120866,6.11546
u0020567:i0121766,6.11546
u0020567:i0167404,6.11546
u0020567:i0212985,6.11546
u0020567:i0215129,6.11546
u0020567:i0215545,6.11546
u0020567:i0261392,6.11546
u0020567:i0283003,6.11546
u0020567:i0289765,6.11546
u0020567:i0293662,6.11546
u0020567:i0310281,6.11546
u0020567:i0310793,6.11546
u0020567:i0337978,6.11546
u0020567:i0367959,6.11546
u0020567:i0372784,6.11546
u0020567:i0373883,6.11546
u0020567:i0381061,6.11546
u0020567:i0383574,6.11546
u0020567:i0387564,6.11546
u0020567:i0388482,6.11546
u0020567:i0395584,6.11546
u0020567:i0413300,6.11546
u0020567:i0424345,6.11546
u0020567:i0434409,6.11546
u0020567:i0449088,6.11546
u0020567:i0454876,6.11546
u0020567:i0462499,6.11546
u0020567:i0470752,6.11546
u0020567:i0472399,6.11546
u0020567:i0479143,6.11546
u0020567:i0800080,6.11546
u0020567:i0800369,6.11546
u0020567:i0985694,6.11546
u0020567:i1028528,6.11546
u0020567:i1033575,6.11546
u0020567:i1077258,6.11546
u0020567:i1121931,6.11546
u0020567:i1130884,6.11546
u0020567:i1135525,6.11546
u0020567:i1205489,6.11546
u0020567:i1229340,6.11546
u0020567:i1247640,6.11546
u0020567:i1320253,6.11546
u0020567:i1343727,6.11546
u0020567:i1392190,6.11546
u0020567:i1411238,6.11546
u0020567:i1650554,6.11546
u0020567:i1843866,6.11546
u0020567:i1904996,6.11546
u0020567:i1951261,6.11546
u0020567:i2103281,6.11546
u0020567:i2170593,6.11546
u0020567:i2229499,6.11546
u0020567:i2802144,6.11546
u0020567:i3099498,6.11546
u0020570:i0078748,7.53882
u0020570:i0087332,7.53882
u0020570:i0112471,7.53882
u0020570:i0117998,7.53882
u0020570:i0118928,7.53882
u0020570:i0120749,7.53882
u0020570:i0139654,7.53882
u0020570:i0177971,7.53882
u0020570:i0181852,7.53882
u0020570:i0190865,7.53882
u0020570:i0196229,7.53882
u0020570:i0198781,7.53882
u0020570:i0289879,7.53882
u0020570:i0314331,7.53882
u0020570:i0333766,7.53882
u0020570:i0335266,7.53882
u0020570:i0338013,7.53882
u0020570:i0351283,7.53882
u0020570:i0358273,7.53882
u0020570:i0359950,7.53882
u0020570:i0364517,7.53882
u0020570:i0369610,7.53882
u0020570:i0795368,7.53882
u0020570:i1045772,7.53882
u0020570:i1120985,7.53882
u0020570:i1294688,7.53882
u0020570:i1392190,7.53882
u0020570:i1440292,7.53882
u0020570:i1477715,7.53882
u0020570:i1637688,7.53882
u0020570:i1649444,7.53882
u0020570:i1727388,7.53882
u0020570:i1731141,7.53882
u0020570:i1872194,7.53882
u0020570:i2084970,7.53882
u0020570:i2179116,7.53882
u0020570:i2179136,7.53882
u0020570:i2199571,7.53882
u0020570:i2209418,7.53882
u0020570:i2215719,7.53882
u0020570:i2515034,7.53882
u0020570:i2545118,7.53882
u0020570:i2582802,7.53882
u0020570:i2713180,7.53882
u0020570:i2802144,7.53882
u0020570:i2937898,7.53882
u0020570:i2980516,7.53882
u0020570:i3007512,7.53882
u0020570:i3169706,7.53882
u0020570:i3316960,7.53882
u0020570:i3399024,7.53882
u0020570:i3472226,7.53882
u0020570:i4229236,7.53882
u0020576:i0369610,7.41959
u0020576:i1502712,7.41959
u0020576:i2126355,7.41959
u0020576:i3140100,7.41959
u0020579:i0034583,7.92598
u0020579:i0077405,7.92598
u0020579:i0097441,7.92598
u0020579:i0099685,7.92598
u0020579:i0105695,7.92598
u0020579:i0190590,7.92598
u0020579:i0268978,7.92598
u0020579:i0327056,7.92598
u0020579:i0468569,7.92598
u0020579:i1020072,7.92598
u0020579:i1038988,7.92598
u0020579:i1535109,7.92598
u0020579:i2261331,7.92598
u0020579:i2980516,7.92598
u0020594:i0369610,6.71877
u0020594:i1980929,6.71877
u0020594:i2184339,6.71877
u0020595:i1306980,5.32498
u0020595:i1648216,5.17131
u0020595:i2245084,6.85439
u0020595:i2582802,6.67008
u0020595:i2582846,5.45907
u0020595:i2911666,6.85937
u0020595:i2950052,2.12444
u0020595:i2994190,6.13693
u0020595:i3316960,6.53563
u0020631:i0056663,5.99152
u0020631:i0101765,6.28674
u0020631:i0108394,3.83685
u0020631:i0401711,4.78939
u0020631:i2752200,5.25965
u0020631:i2884206,6.27128
u0020636:i0338564,7.5814
u0020636:i0369060,7.5814
u0020636:i0421715,7.5814
u0020636:i1213663,7.5814
u0020636:i2072230,7.5814
u0020636:i2084970,7.5814
u0020636:i2096673,7.5814
u0020636:i2310332,7.5814
u0020636:i2381249,7.5814
u0020636:i2446042,7.5814
u0020636:i2562232,7.5814
u0020636:i2820852,7.5814
u0020636:i2908446,7.5814
u0020639:i0059592,7.71768
u0020639:i0071315,7.71768
u0020639:i0077402,7.71768
u0020639:i0095765,7.71768
u0020639:i0105236,7.71768
u0020639:i0114369,7.71768
u0020639:i0137523,7.71768
u0020639:i0263488,7.71768
u0020639:i0266697,7.71768
u0020639:i0315733,7.71768
u0020639:i0361748,7.71768
u0020639:i0380510,7.71768
u0020639:i0405094,7.71768
u0020639:i0449467,7.71768
u0020639:i1156398,7.71768
u0020639:i1276419,7.71768
u0020639:i1278340,7.71768
u0020639:i1631867,7.71768
u0020639:i2015381,7.71768
u0020639:i2024519,7.71768
u0020639:i2084970,7.71768
u0020639:i2170439,7.71768
u0020639:i2275946,7.71768
u0020639:i2377322,7.71768
u0020639:i2383068,7.71768
u0020639:i2395427,7.71768
u0020639:i2562232,7.71768
u0020639:i2582802,7.71768
u0020639:i2832470,7.71768
u0020639:i2872718,7.71768
u0020639:i3169706,7.71768
u0020639:i3737988,7.71768
u0020644:i0478970,7.30194
u0020644:i1121096,7.30194
u0020644:i1617661,7.30194
u0020644:i1872194,7.30194
u0020644:i1964418,7.30194
u0020644:i2179136,7.30194
u0020644:i2717822,7.30194
u0020644:i2802144,7.30194
u0020650:i0052575,8.03572
u0020650:i0055913,8.03572
u0020650:i0056389,8.03572
u0020650:i0084422,8.03572
u0020650:i0085750,8.03572
u0020650:i0095687,8.03572
u0020650:i0107958,8.03572
u0020650:i0115479,8.03572
u0020650:i0286112,8.03572
u0020650:i0323807,8.03572
u0020650:i0416236,8.03572
u0020650:i0455944,8.03572
u0020650:i0470752,8.03572
u0020650:i0482527,8.03572
u0020650:i0787474,8.03572
u0020650:i0816692,8.03572
u0020650:i0892318,8.03572
u0020650:i0929632,8.03572
u0020650:i0993846,8.03572
u0020650:i1020072,8.03572
u0020650:i1109624,8.03572
u0020650:i1126590,8.03572
u0020650:i1322269,8.03572
u0020650:i1440180,8.03572
u0020650:i1528100,8.03572
u0020650:i1549572,8.03572
u0020650:i1617661,8.03572
u0020650:i1651951,8.03572
u0020650:i1661199,8.03572
u0020650:i1690953,8.03572
u0020650:i1691917,8.03572
u0020650:i1809398,8.03572
u0020650:i1840309,8.03572
u0020650:i1877832,8.03572
u0020650:i1924435,8.03572
u0020650:i1959490,8.03572
u0020650:i1971325,8.03572
u0020650:i2084970,8.03572
u0020650:i2096672,8.03572
u0020650:i2170593,8.03572
u0020650:i2179136,8.03572
u0020650:i2245084,8.03572
u0020650:i2293640,8.03572
u0020650:i2294449,8.03572
u0020650:i2305051,8.03572
u0020650:i2310332,8.03572
u0020650:i2319018,8.03572
u0020650:i2378281,8.03572
u0020650:i2381941,8.03572
u0020650:i2387559,8.03572
u0020650:i2442670,8.03572
u0020650:i2473794,8.03572
u0020650:i2554722,8.03572
u0020650:i2562232,8.03572
u0020650:i2582802,8.03572
u0020650:i2637276,8.03572
u0020650:i2639254,8.03572
u0020650:i2669336,8.03572
u0020650:i2692250,8.03572
u0020650:i2788710,8.03572
u0020650:i2802144,8.03572
u0020650:i2870756,8.03572
u0020650:i2872732,8.03572
u0020650:i2884206,8.03572
u0020650:i2967006,8.03572
u0020650:i2980516,8.03572
u0020650:i3013610,8.03572
u0020650:i3078296,8.03572
u0020650:i3152602,8.03572
u0020650:i3169706,8.03572
u0020650:i3173524,8.03572
u0020650:i3203616,8.03572
u0020650:i3210686,8.03572
u0020650:i3278330,8.03572
u0020650:i3284618,8.03572
u0020650:i3296776,8.03572
u0020650:i3344922,8.03572
u0020650:i3442006,8.03572
u0020650:i3596952,8.03572
u0020650:i3623376,8.03572
u0020650:i3674026,8.03572
u0020650:i3705388,8.03572
u0020650:i3735602,8.03572
u0020650:i3809308,8.03572
u0020650:i3894190,8.03572
u0020650:i3916354,8.03572
u0020650:i3985572,8.03572
u0020650:i4050660,8.03572
u0020650:i4129900,8.03572
u0020650:i4571838,8.03572
u0020650:i4643844,8.03572
u0020651:i0052905,7.4309
u0020651:i0077631,7.4309
u0020651:i0079501,7.4309
u0020651:i0080745,7.4309
u0020651:i0082694,7.4309
u0020651:i0088128,7.4309
u0020651:i0089218,7.4309
u0020651:i0098258,7.4309
u0020651:i0098635,7.4309
u0020651:i0146882,7.4309
u0020651:i0373074,7.4309
u0020651:i0401729,7.4309
u0020651:i1282140,7.4309
u0020651:i1340138,7.4309
u0020651:i1386703,7.4309
u0020651:i1483013,7.4309
u0020651:i1528100,7.4309
u0020651:i1605783,7.4309
u0020651:i1630036,7.4309
u0020651:i1951264,7.4309
u0020651:i2016940,7.4309
u0020651:i2096673,7.4309
u0020651:i2222394,7.4309
u0020651:i2224026,7.4309
u0020651:i2279373,7.4309
u0020651:i2293640,7.4309
u0020651:i2310332,7.4309
u0020651:i2820852,7.4309
u0020651:i2911666,7.4309
u0020651:i2972482,7.4309
u0020651:i3485166,7.4309
u0020651:i4019426,7.4309
u0020652:i2562232,7.50248
u0020652:i2692904,7.50248
u0020652:i2802154,7.50248
u0020652:i4084744,7.50248
u0020660:i0113247,7.1207
u0020660:i0816692,7.1207
u0020660:i2562232,7.1207
u0020660:i4458206,7.1207
u0020673:i0470752,8.52381
u0020673:i2322441,8.52381
u0020673:i2395427,8.52381
u0020739:i1772288,6.86382
u0020739:i2582802,6.86382
u0020739:i3140100,6.86382
u0020739:i3409440,6.86382
u0020799:i0369610,6.08757
u0020799:i0470752,6.08757
u0020799:i0478970,6.08757
u0020799:i1502712,6.08757
u0020799:i1638355,6.08757
u0020799:i2179136,6.08757
u0020799:i2395427,6.08757
u0020799:i2561572,6.08757
u0020799:i2802144,6.08757
u0020799:i2908446,6.08757
u0020805:i0816692,6.0861
u0020805:i1020072,7.0463
u0020805:i1065073,6.501
u0020805:i1446714,6.31359
u0020805:i1666801,5.68874
u0020805:i2015381,6.24868
u0020805:i2267998,6.293
u0020805:i2788710,6.77894
u0020838:i0107563,7.67
u0020838:i0369610,7.67
u0020838:i0424934,7.67
u0020838:i0470752,7.67
u0020838:i0478970,7.67
u0020838:i0884732,7.67
u0020838:i1392190,7.67
u0020838:i1430612,7.67
u0020838:i1528100,7.67
u0020838:i1798684,7.67
u0020838:i1823664,7.67
u0020838:i1937390,7.67
u0020838:i1945084,7.67
u0020838:i2091325,7.67
u0020838:i2096673,7.67
u0020838:i2126355,7.67
u0020838:i2179936,7.67
u0020838:i2224026,7.67
u0020838:i2245084,7.67
u0020838:i2265171,7.67
u0020838:i2279373,7.67
u0020838:i2322441,7.67
u0020838:i2343793,7.67
u0020838:i2381941,7.67
u0020838:i2395427,7.67
u0020838:i2451550,7.67
u0020838:i2561572,7.67
u0020838:i2637276,7.67
u0020838:i2637294,7.67
u0020838:i2788710,7.67
u0020838:i2802144,7.67
u0020838:i2820852,7.67
u0020838:i2992524,7.67
u0020838:i3079380,7.67
u0020838:i3442990,7.67
u0020840:i0057163,3.75454
u0020840:i0060827,4.41644
u0020840:i0067185,4.94618
u0020840:i0087884,6.71073
u0020840:i0093822,3.5523
u0020840:i0100150,6.04811
u0020840:i0128445,5.37271
u0020840:i0171804,2.85192
u0020840:i0265666,5.3428
u0020840:i0335266,5.39437
u0020840:i0362270,4.63161
u0020840:i0432283,4.64888
u0020840:i0838221,6.09067
u0020840:i0887883,5.49157
u0020840:i1019452,6.6
u0020840:i1178663,4.39423
u0020840:i1605783,5.49147
u0020840:i1748122,6.43081
u0020840:i2582802,6.67745
u0020892:i1398426,7.33626
u0020892:i2582802,7.33626
u0020892:i3152624,7.33626
u0020892:i4229236,7.33626
u0020897:i0047478,7.24473
u0020897:i0443680,7.24473
u0020897:i0470752,7.24473
u0020897:i0816692,7.24473
u0020897:i1392190,7.24473
u0020897:i1457767,7.24473
u0020897:i2023690,7.24473
u0020897:i2562232,7.24473
u0020897:i2614684,7.24473
u0020897:i2693664,7.24473
u0020897:i2802144,7.24473
u0020897:i2910814,7.24473
u0020897:i2911666,7.24473
u0020897:i3090670,7.24473
u0020897:i3472226,7.24473
u0020912:i0073486,4.91484
u0020912:i0081505,4.79253
u0020912:i0086250,4.22342
u0020912:i0109830,5.24755
u0020912:i0118799,5.17357
u0020912:i0253474,4.62487
u0020912:i0359950,7.09343
u0020912:i0364569,4.61818
u0020912:i0367110,0
u0020912:i0428870,5.34475
u0020912:i0454876,4.73874
u0020912:i0758758,5.52596
u0020912:i0816692,6.09492
u0020912:i0993846,5.87246
u0020912:i1148204,4.61562
u0020912:i1190539,3.86387
u0020912:i1255953,4.98688
u0020912:i1396226,5.13419
u0020912:i1424797,4.77356
u0020912:i1638002,5.69257
u0020912:i1798709,5.95691
u0020912:i1972779,6.72547
u0020912:i2070649,4.8217
u0020912:i2082180,0
u0020912:i2170593,6.81198
u0020912:i2278388,6.29108
u0020912:i2290840,0
u0020912:i2338151,6.4094
u0020912:i2350496,6.93509
u0020912:i2515030,6.60239
u0020912:i2562232,6.69175
u0020912:i2802144,6.53216
u0020912:i2980516,6.75823
u0020912:i3142688,3.60664
u0020912:i3153634,3.30949
u0020912:i3812366,3.835
u0020942:i0076578,7.60697
u0020942:i0111161,7.60697
u0020942:i0114746,7.60697
u0020942:i0770828,7.60697
u0020942:i0790636,7.60697
u0020942:i0816692,7.60697
u0020942:i1392190,7.60697
u0020942:i1731141,7.60697
u0020942:i1791528,7.60697
u0020942:i1798709,7.60697
u0020942:i1823672,7.60697
u0020942:i1951181,7.60697
u0020942:i1985966,7.60697
u0020942:i2015381,7.60697
u0020942:i2084970,7.60697
u0020942:i2109248,7.60697
u0020942:i2395427,7.60697
u0020942:i2562232,7.60697
u0020942:i2692904,7.60697
u0020942:i2820852,7.60697
u0020942:i3146360,7.60697
u0020942:i3235888,7.60697
u0020980:i0369339,6.95423
u0020980:i1980929,6.95423
u0020980:i2319580,6.95423
u0021005:i0369610,7.59476
u0021005:i1398426,7.59476
u0021005:i2179136,7.59476
u0021005:i2395427,7.59476
u0021005:i2820852,7.59476
u0021005:i3195644,7.59476
u0021039:i0113277,7.67
u0021039:i0119654,7.67
u0021039:i1228705,7.67
u0021039:i1411697,7.67
u0021039:i1488555,7.67
u0021039:i1632708,7.67
u0021039:i2004420,7.67
u0021039:i2381941,7.67
u0021039:i2463288,7.67
u0021039:i2820852,7.67
u0021042:i1065073,7.75617
u0021042:i1126590,7.75617
u0021042:i1531924,7.75617
u0021042:i2170439,7.75617
u0021042:i2305051,7.75617
u0021042:i2562232,7.75617
u0021042:i2872718,7.75617
u0021042:i2884206,7.75617
u0021042:i3720788,7.75617
u0021106:i0289043,8.18986
u0021106:i1020072,8.18986
u0021106:i1100089,8.18986
u0021106:i1126590,8.18986
u0021106:i1798684,8.18986
u0021106:i1810683,8.18986
u0021106:i1964418,8.18986
u0021106:i2084970,8.18986
u0021106:i2126355,8.18986
u0021106:i2395427,8.18986
u0021106:i2582802,8.18986
u0021106:i2713180,8.18986
u0021106:i2820852,8.18986
u0021106:i2908446,8.18986
u0021106:i3007512,8.18986
u0021106:i3316960,8.18986
u0021106:i3622592,8.18986
u0021109:i0066769,7.875
u0021109:i0102685,7.875
u0021109:i0109707,7.875
u0021109:i0116996,7.875
u0021109:i0118956,7.875
u0021109:i0338526,7.875
u0021109:i0469021,7.875
u0021109:i1236472,7.875
u0021109:i1335975,7.875
u0021109:i1535109,7.875
u0021109:i1637725,7.875
u0021109:i2035670,7.875
u0021109:i2126355,7.875
u0021109:i2555736,7.875
u0021136:i0379786,3.25572
u0021136:i0800241,4.80347
u0021136:i1320244,2.53485
u0021136:i1392190,6.30521
u0021136:i1483013,5.35284
u0021136:i1530983,0
u0021136:i2330322,3.67482
u0021136:i2626964,3.80348
u0021136:i2866360,6.33479
u0021139:i2245084,7.42237
u0021139:i2381249,7.42237
u0021139:i2395427,7.42237
u0021139:i3205376,7.42237
u0021139:i3442006,7.42237
u0021158:i0455944,7.41643
u0021158:i0458481,7.41643
u0021158:i0816692,7.41643
u0021158:i0829150,7.41643
u0021158:i1091191,7.41643
u0021158:i1267297,7.41643
u0021158:i1291150,7.41643
u0021158:i1528100,7.41643
u0021158:i1617661,7.41643
u0021158:i1631867,7.41643
u0021158:i1646971,7.41643
u0021158:i1650554,7.41643
u0021158:i1706620,7.41643
u0021158:i1798709,7.41643
u0021158:i1800241,7.41643
u0021158:i2170439,7.41643
u0021158:i2179136,7.41643
u0021158:i2209764,7.41643
u0021158:i2239832,7.41643
u0021158:i2267998,7.41643
u0021158:i2310332,7.41643
u0021158:i2562232,7.41643
u0021158:i2713180,7.41643
u0021158:i2872732,7.41643
u0021158:i3322940,7.41643
u0021169:i1823672,7.10271
u0021169:i2199571,7.10271
u0021169:i3450650,7.10271
u0021171:i0369610,7.1402
u0021171:i0470752,7.1402
u0021171:i0831387,7.1402
u0021171:i0993846,7.1402
u0021171:i1100089,7.1402
u0021171:i1253863,7.1402
u0021171:i1638355,7.1402
u0021171:i1772925,7.1402
u0021171:i1964418,7.1402
u0021171:i1972571,7.1402
u0021171:i2084970,7.1402
u0021171:i2088003,7.1402
u0021171:i2096673,7.1402
u0021171:i2179136,7.1402
u0021171:i2199571,7.1402
u0021171:i2333784,7.1402
u0021171:i2370248,7.1402
u0021171:i2515034,7.1402
u0021171:i2582802,7.1402
u0021171:i2713180,7.1402
u0021171:i2802144,7.1402
u0021171:i2872750,7.1402
u0021171:i2937898,7.1402
u0021171:i2980516,7.1402
u0021171:i3316960,7.1402
u0021181:i0172495,4.99196
u0021181:i0393162,4.56142
u0021181:i0896798,4.96571
u0021189:i0111161,4.38431
u0021189:i0119008,5.25947
u0021189:i0163978,6.38314
u0021189:i0219653,5.26071
u0021189:i0375912,5.69549
u0021189:i0470752,6.64736
u0021189:i1245492,5.762
u0021189:i1340138,6.37441
u0021189:i1483013,5.4692
u0021189:i1528100,6.70872
u0021189:i1815862,6.35331
u0021189:i2381941,6.60211
u0021189:i2561572,6.52491
u0021189:i2637294,6.84739
u0021189:i2802144,6.53833
u0021189:i2820852,6.41407
u0021189:i2908446,6.30094
u0021189:i2911666,6.87468
u0021192:i0369610,6.48901
u0021192:i1650062,5.26242
u0021192:i2381335,6.84061
u0021192:i2788710,6.80755
u0021192:i3152624,6.45726
u0021192:i3416742,6.76694
u0021192:i3539664,2.96863
u0021236:i0088847,4.89896
u0021236:i1392214,5.0585
u0021236:i1809398,6.51589
u0021238:i0367085,7.342
u0021238:i0410097,7.342
u0021238:i1321509,7.342
u0021238:i1778338,7.342
u0021238:i2170439,7.342
u0021238:i2179136,7.342
u0021238:i2381941,7.342
u0021240:i0133093,8.33386
u0021240:i0234215,8.33386
u0021240:i0242653,8.33386
u0021240:i0468569,8.33386
u0021240:i1392190,8.33386
u0021240:i1617661,8.33386
u0021240:i2381249,8.33386
u0021240:i2395427,8.33386
u0021240:i2802144,8.33386
u0021240:i2820852,8.33386
u0021241:i0024216,7.76308
u0021241:i0025862,7.76308
u0021241:i0029843,7.76308
u0021241:i0032007,7.76308
u0021241:i0032976,7.76308
u0021241:i0042546,7.76308
u0021241:i0056291,7.76308
u0021241:i0057302,7.76308
u0021241:i0057831,7.76308
u0021241:i0058283,7.76308
u0021241:i0059245,7.76308
u0021241:i0065988,7.76308
u0021241:i0067800,7.76308
u0021241:i0070165,7.76308
u0021241:i0070948,7.76308
u0021241:i0071577,7.76308
u0021241:i0073650,7.76308
u0021241:i0074751,7.76308
u0021241:i0080801,7.76308
u0021241:i0082001,7.76308
u0021241:i0083001,7.76308
u0021241:i0087182,7.76308
u0021241:i0087233,7.76308
u0021241:i0088680,7.76308
u0021241:i0089907,7.76308
u0021241:i0094737,7.76308
u0021241:i0097202,7.76308
u0021241:i0097443,7.76308
u0021241:i0098625,7.76308
u0021241:i0100157,7.76308
u0021241:i0101420,7.76308
u0021241:i0101761,7.76308
u0021241:i0104684,7.76308
u0021241:i0109890,7.76308
u0021241:i0110115,7.76308
u0021241:i0110217,7.76308
u0021241:i0112722,7.76308
u0021241:i0114906,7.76308
u0021241:i0119167,7.76308
u0021241:i0125664,7.76308
u0021241:i0147612,7.76308
u0021241:i0151392,7.76308
u0021241:i0196158,7.76308
u0021241:i0243655,7.76308
u0021241:i0250081,7.76308
u0021241:i0260866,7.76308
u0021241:i0290673,7.76308
u0021241:i0360717,7.76308
u0021241:i0362004,7.76308
u0021241:i0368658,7.76308
u0021241:i0368913,7.76308
u0021241:i0388182,7.76308
u0021241:i0390109,7.76308
u0021241:i0402894,7.76308
u0021241:i0404030,7.76308
u0021241:i0427969,7.76308
u0021241:i0428441,7.76308
u0021241:i0464141,7.76308
u0021241:i0466816,7.76308
u0021241:i0470752,7.76308
u0021241:i0808279,7.76308
u0021241:i0808526,7.76308
u0021241:i0841119,7.76308
u0021241:i0884732,7.76308
u0021241:i0996396,7.76308
u0021241:i1007026,7.76308
u0021241:i1014763,7.76308
u0021241:i1029234,7.76308
u0021241:i1059955,7.76308
u0021241:i1100089,7.76308
u0021241:i1137470,7.76308
u0021241:i1175709,7.76308
u0021241:i1176740,7.76308
u0021241:i1185371,7.76308
u0021241:i1291580,7.76308
u0021241:i1392190,7.76308
u0021241:i1441395,7.76308
u0021241:i1567437,7.76308
u0021241:i1596365,7.76308
u0021241:i1650062,7.76308
u0021241:i1687247,7.76308
u0021241:i1690455,7.76308
u0021241:i1717578,7.76308
u0021241:i1999110,7.76308
u0021241:i2028530,7.76308
u0021241:i2096673,7.76308
u0021241:i2126355,7.76308
u0021241:i2172584,7.76308
u0021241:i2199571,7.76308
u0021241:i2246565,7.76308
u0021241:i2261331,7.76308
u0021241:i2322441,7.76308
u0021241:i2358456,7.76308
u0021241:i2395133,7.76308
u0021241:i2395427,7.76308
u0021241:i2510998,7.76308
u0021241:i2759372,7.76308
u0021241:i2784678,7.76308
u0021241:i2788716,7.76308
u0021241:i2802144,7.76308
u0021241:i2933474,7.76308
u0021241:i3045616,7.76308
u0021241:i3079380,7.76308
u0021241:i3132632,7.76308
u0021241:i3135012,7.76308
u0021241:i3182596,7.76308
u0021241:i3195644,7.76308
u0021241:i3235888,7.76308
u0021241:i3253624,7.76308
u0021241:i3280916,7.76308
u0021241:i3297330,7.76308
u0021241:i3318750,7.76308
u0021241:i3571904,7.76308
u0021241:i3648510,7.76308
u0021241:i3713166,7.76308
u0021241:i3823690,7.76308
u0021241:i3966544,7.76308
u0021241:i4029998,7.76308
u0021241:i4257858,7.76308
u0021243:i0816692,7.67
u0021243:i1464540,7.67
u0021243:i1617661,7.67
u0021243:i1872194,7.67
u0021243:i2180411,7.67
u0021243:i2918436,7.67
u0021271:i0095953,7.20051
u0021271:i0240510,7.20051
u0021271:i2179136,7.20051
u0021302:i0900387,5.51879
u0021302:i1020072,7.07694
u0021302:i2820852,6.42252
u0021306:i0060196,7.34963
u0021306:i2084970,7.34963
u0021306:i2179136,7.34963
u0021319:i0264464,4.88762
u0021319:i0281358,4.93631
u0021319:i1100089,6.68627
u0021319:i2980516,6.76724
u0021382:i1631867,6.51685
u0021382:i2015381,6.28701
u0021382:i2084970,6.56077
u0021382:i2179136,6.73158
u0021382:i2562232,6.69883
u0021382:i2582802,6.68481
u0021382:i2872718,6.72191
u0021402:i2015381,6.32558
u0021402:i2267998,6.3085
u0021402:i3203616,6.33779
u0021403:i0361748,7.60697
u0021403:i0936501,7.60697
u0021403:i1397280,7.60697
u0021403:i1670345,7.60697
u0021403:i2446042,7.60697
u0021403:i2713180,7.60697
u0021407:i0289879,6.28725
u0021407:i0369610,6.28725
u0021407:i0903624,6.28725
u0021407:i0914863,6.28725
u0021407:i1486834,6.28725
u0021407:i1613040,6.28725
u0021407:i2140465,6.28725
u0021407:i2170439,6.28725
u0021407:i2245084,6.28725
u0021407:i2293640,6.28725
u0021407:i2310332,6.28725
u0021407:i2381249,6.28725
u0021407:i2397535,6.28725
u0021407:i2414766,6.28725
u0021407:i2436386,6.28725
u0021407:i2692250,6.28725
u0021407:i2713180,6.28725
u0021407:i2788710,6.28725
u0021407:i2820852,6.28725
u0021407:i2872718,6.28725
u0021407:i3480796,6.28725
u0021407:i3679000,6.28725
u0021407:i3767372,6.28725
u0021407:i3836958,6.28725
u0021407:i3848892,6.28725
u0021407:i4271820,6.28725
u0021407:i4306694,6.28725
u0021407:i4432480,6.28725
u0021408:i0478970,7.52455
u0021408:i1189073,7.52455
u0021408:i1418377,7.52455
u0021408:i1809398,7.52455
u0021408:i2179136,7.52455
u0021408:i2381249,7.52455
u0021408:i2381941,7.52455
u0021408:i2446042,7.52455
u0021408:i2625598,7.52455
u0021408:i2820852,7.52455
u0021408:i2911666,7.52455
u0021412:i0092513,7.60697
u0021412:i0110729,7.60697
u0021412:i0335266,7.60697
u0021412:i1588170,7.60697
u0021412:i2199571,7.60697
u0021412:i2944198,7.60697
u0021412:i3235888,7.60697
u0021427:i0903657,7.46876
u0021427:i1392190,7.46876
u0021427:i1398426,7.46876
u0021427:i2395427,7.46876
u0021432:i0369610,7.44339
u0021432:i0478970,7.44339
u0021432:i0790636,7.44339
u0021432:i0816692,7.44339
u0021432:i2084970,7.44339
u0021432:i2293640,7.44339
u0021432:i2310332,7.44339
u0021432:i2395427,7.44339
u0021432:i2562232,7.44339
u0021432:i2872718,7.44339
u0021433:i0111161,6.74023
u0021433:i1210166,6.74023
u0021433:i1392190,6.74023
u0021433:i1659337,6.74023
u0021433:i2231489,6.74023
u0021433:i2278388,6.74023
u0021433:i2381249,6.74023
u0021433:i2395427,6.74023
u0021433:i2582802,6.74023
u0021433:i2637276,6.74023
u0021433:i2820852,6.74023
u0021433:i2872732,6.74023
u0021433:i2883512,6.74023
u0021433:i2980648,6.74023
u0021433:i3011894,6.74023
u0021433:i3316960,6.74023
u0021498:i0770828,7.34011
u0021498:i1229238,7.34011
u0021498:i1626146,7.34011
u0021498:i1709143,7.34011
u0021498:i1881002,7.34011
u0021498:i1951265,7.34011
u0021498:i2015381,7.34011
u0021498:i2024469,7.34011
u0021498:i2103281,7.34011
u0021498:i2170593,7.34011
u0021498:i2505294,7.34011
u0021498:i2517558,7.34011
u0021498:i2872718,7.34011
u0021498:i2872732,7.34011
u0021511:i0470752,7.52433
u0021511:i1617661,7.52433
u0021511:i2084970,7.52433
u0021511:i2802144,7.52433
u0021590:i0830515,7.49341
u0021590:i1074638,7.49341
u0021590:i2872718,7.49341
u0021590:i2911666,7.49341
u0021596:i0088000,6.83778
u0021596:i0090142,6.83778
u0021596:i0110357,6.83778
u0021596:i0163978,6.83778
u0021596:i0332280,6.83778
u0021596:i0369610,6.83778
u0021596:i0758766,6.83778
u0021596:i1109624,6.83778
u0021596:i1661199,6.83778
u0021596:i1666801,6.83778
u0021596:i1809398,6.83778
u0021596:i1837562,6.83778
u0021596:i1881002,6.83778
u0021596:i1939659,6.83778
u0021596:i2024544,6.83778
u0021596:i2101569,6.83778
u0021596:i2151849,6.83778
u0021596:i2179136,6.83778
u0021596:i2224026,6.83778
u0021596:i2245084,6.83778
u0021596:i2322441,6.83778
u0021596:i2364841,6.83778
u0021596:i2436386,6.83778
u0021596:i2848292,6.83778
u0021596:i2935476,6.83778
u0021596:i3181822,6.83778
u0021596:i3257582,6.83778
u0021596:i3316960,6.83778
u0021596:i3472226,6.83778
u0021598:i0369610,6.49607
u0021598:i0478970,6.22756
u0021598:i1392190,6.31054
u0021598:i1781922,5.9148
u0021598:i1798684,6.10075
u0021598:i2096673,6.53059
u0021598:i2120120,5.97771
u0021598:i2126355,6.77114
u0021598:i2293640,6.46932
u0021598:i2381249,6.33653
u0021602:i0369610,7.47353
u0021602:i1392190,7.47353
u0021602:i1872181,7.47353
u0021612:i0400420,7.75226
u0021612:i2339351,7.75226
u0021612:i2404181,7.75226
u0021612:i2871256,7.75226
u0021617:i0369610,6.50314
u0021617:i0470752,6.65884
u0021617:i0816692,6.10376
u0021617:i1392190,6.31587
u0021617:i1661199,6.57706
u0021617:i2908446,6.31844
u0021617:i2980516,6.77626
u0021672:i0180093,6.89727
u0021672:i0209144,6.89727
u0021672:i0780536,6.89727
u0021672:i1798709,6.89727
u0021672:i2245084,6.89727
u0021672:i2802144,6.89727
u0021674:i0485947,7.60697
u0021674:i1631867,7.60697
u0021674:i2395427,7.60697
u0021677:i1020530,7.92598
u0021677:i1065073,7.92598
u0021677:i1318514,7.92598
u0021677:i1486834,7.92598
u0021677:i1571249,7.92598
u0021677:i1587310,7.92598
u0021677:i1872194,7.92598
u0021677:i1951265,7.92598
u0021677:i1964418,7.92598
u0021677:i1990314,7.92598
u0021677:i2024432,7.92598
u0021677:i2103281,7.92598
u0021677:i2122313,7.92598
u0021677:i2179136,7.92598
u0021677:i2203939,7.92598
u0021677:i2224026,7.92598
u0021677:i2245084,7.92598
u0021677:i2293640,7.92598
u0021677:i2305051,7.92598
u0021677:i2395427,7.92598
u0021677:i2562232,7.92598
u0021677:i2802144,7.92598
u0021677:i2872718,7.92598
u0021677:i2908446,7.92598
u0021677:i2980516,7.92598
u0021677:i3079380,7.92598
u0021713:i0365907,7.37416
u0021713:i0829150,7.37416
u0021713:i1600196,7.37416
u0021713:i1860355,7.37416
u0021713:i1872194,7.37416
u0021713:i2044040,7.37416
u0021713:i2321549,7.37416
u0021713:i2713180,7.37416
u0021713:i2720680,7.37416
u0021713:i2872732,7.37416
u0021713:i2911666,7.37416
u0021713:i3149640,7.37416
u0021713:i3416742,7.37416
u0021719:i0102926,5.13375
u0021719:i0114369,4.56418
u0021719:i0117381,4.54256
u0021719:i0363988,4.56537
u0021719:i0468569,4.51474
u0021719:i1197624,4.6959
u0021719:i1242422,2.96083
u0021719:i1255953,5.07755
u0021719:i1392214,5.12974
u0021719:i1535109,4.59379
u0021719:i1683526,4.54037
u0021739:i0332280,5.62232
u0021739:i0423866,1.97674
u0021739:i0455944,6.52005
u0021739:i0816692,6.1126
u0021739:i0970179,5.31794
u0021739:i1212450,4.95568
u0021739:i1631867,6.5634
u0021739:i1673702,0
u0021739:i1853728,4.55421
u0021739:i2194499,6.07072
u0021739:i2245084,6.86901
u0021739:i2872718,6.73297
u0021739:i2911666,6.89003
u0021741:i2393845,8.03236
u0021741:i2582802,8.03236
u0021741:i3442006,8.03236
u0021742:i0062229,7.42237
u0021742:i0066921,7.42237
u0021742:i0075686,7.42237
u0021742:i0080678,7.42237
u0021742:i0086879,7.42237
u0021742:i0095953,7.42237
u0021742:i0100507,7.42237
u0021742:i0101540,7.42237
u0021742:i0106519,7.42237
u0021742:i0113247,7.42237
u0021742:i0113277,7.42237
u0021742:i0164181,7.42237
u0021742:i0180093,7.42237
u0021742:i0381681,7.42237
u0021742:i0479143,7.42237
u0021742:i0887912,7.42237
u0021742:i1109624,7.42237
u0021742:i1136608,7.42237
u0021742:i1187043,7.42237
u0021742:i1280558,7.42237
u0021742:i1392190,7.42237
u0021742:i1528100,7.42237
u0021742:i1832382,7.42237
u0021742:i1877832,7.42237
u0021742:i2084970,7.42237
u0021742:i2096673,7.42237
u0021742:i2106476,7.42237
u0021742:i2179136,7.42237
u0021742:i2180411,7.42237
u0021742:i2261331,7.42237
u0021742:i2293640,7.42237
u0021742:i2318625,7.42237
u0021742:i2338151,7.42237
u0021742:i2562232,7.42237
u0021742:i2582802,7.42237
u0021742:i2637276,7.42237
u0021742:i2872718,7.42237
u0021742:i2994190,7.42237
u0021742:i3045616,7.42237
u0021742:i3079380,7.42237
u0021742:i3195644,7.42237
u0021742:i4229236,7.42237
u0021747:i0070917,4.27614
u0021747:i0083946,3.835
u0021747:i1065073,6.51995
u0021755:i0068646,7.50908
u0021755:i0071562,7.50908
u0021755:i0077631,7.50908
u0021755:i0082633,7.50908
u0021755:i0083866,7.50908
u0021755:i0087538,7.50908
u0021755:i0089880,7.50908
u0021755:i0089927,7.50908
u0021755:i0092099,7.50908
u0021755:i0092890,7.50908
u0021755:i0092948,7.50908
u0021755:i0093105,7.50908
u0021755:i0093692,7.50908
u0021755:i0096487,7.50908
u0021755:i0096895,7.50908
u0021755:i0097441,7.50908
u0021755:i0097523,7.50908
u0021755:i0097757,7.50908
u0021755:i0099088,7.50908
u0021755:i0099348,7.50908
u0021755:i0099371,7.50908
u0021755:i0099674,7.50908
u0021755:i0099785,7.50908
u0021755:i0101587,7.50908
u0021755:i0102057,7.50908
u0021755:i0103772,7.50908
u0021755:i0103855,7.50908
u0021755:i0104691,7.50908
u0021755:i0105793,7.50908
u0021755:i0106611,7.50908
u0021755:i0107048,7.50908
u0021755:i0107207,7.50908
u0021755:i0108358,7.50908
u0021755:i0110322,7.50908
u0021755:i0110357,7.50908
u0021755:i0113497,7.50908
u0021755:i0114214,7.50908
u0021755:i0116209,7.50908
u0021755:i0116695,7.50908
u0021755:i0116778,7.50908
u0021755:i0117705,7.50908
u0021755:i0119164,7.50908
u0021755:i0120201,7.50908
u0021755:i0120338,7.50908
u0021755:i0120363,7.50908
u0021755:i0120484,7.50908
u0021755:i0120623,7.50908
u0021755:i0120679,7.50908
u0021755:i0120746,7.50908
u0021755:i0120863,7.50908
u0021755:i0120891,7.50908
u0021755:i0126029,7.50908
u0021755:i0129167,7.50908
u0021755:i0134119,7.50908
u0021755:i0146838,7.50908
u0021755:i0159273,7.50908
u0021755:i0167404,7.50908
u0021755:i0195685,7.50908
u0021755:i0210945,7.50908
u0021755:i0213149,7.50908
u0021755:i0215750,7.50908
u0021755:i0241527,7.50908
u0021755:i0245562,7.50908
u0021755:i0258463,7.50908
u0021755:i0264464,7.50908
u0021755:i0268380,7.50908
u0021755:i0277434,7.50908
u0021755:i0295297,7.50908
u0021755:i0298148,7.50908
u0021755:i0304141,7.50908
u0021755:i0317219,7.50908
u0021755:i0317705,7.50908
u0021755:i0330373,7.50908
u0021755:i0332452,7.50908
u0021755:i0338751,7.50908
u0021755:i0343818,7.50908
u0021755:i0351283,7.50908
u0021755:i0352248,7.50908
u0021755:i0358273,7.50908
u0021755:i0363771,7.50908
u0021755:i0371746,7.50908
u0021755:i0373889,7.50908
u0021755:i0381849,7.50908
u0021755:i0383574,7.50908
u0021755:i0396269,7.50908
u0021755:i0408306,7.50908
u0021755:i0417741,7.50908
u0021755:i0443543,7.50908
u0021755:i0455824,7.50908
u0021755:i0462499,7.50908
u0021755:i0468569,7.50908
u0021755:i0472181,7.50908
u0021755:i0477347,7.50908
u0021755:i0482571,7.50908
u0021755:i0800369,7.50908
u0021755:i0822854,7.50908
u0021755:i0831387,7.50908
u0021755:i0910970,7.50908
u0021755:i0983193,7.50908
u0021755:i0985699,7.50908
u0021755:i1001526,7.50908
u0021755:i1034389,7.50908
u0021755:i1132620,7.50908
u0021755:i1136608,7.50908
u0021755:i1201607,7.50908
u0021755:i1216475,7.50908
u0021755:i1228705,7.50908
u0021755:i1285016,7.50908
u0021755:i1298650,7.50908
u0021755:i1323594,7.50908
u0021755:i1454468,7.50908
u0021755:i1631867,7.50908
u0021755:i1690953,7.50908
u0021755:i1772341,7.50908
u0021755:i1911658,7.50908
u0021755:i2017020,7.50908
u0021755:i2278871,7.50908
u0021755:i2692250,7.50908
u0021755:i3703866,7.50908
u0021762:i1638002,7.42237
u0021762:i2084970,7.42237
u0021762:i2170593,7.42237
u0021762:i2245084,7.42237
u0021762:i2305051,7.42237
u0021762:i2562232,7.42237
u0021762:i3442006,7.42237
u0021783:i1617661,6.87921
u0021783:i2120120,6.03061
u0021783:i2209764,6.95881
u0021783:i2872732,6.51235
u0021783:i2933474,4.97259
u0021783:i3079380,6.24125
u0021783:i3442990,5.79395
u0021810:i0369610,7.6475
u0021810:i0370263,7.6475
u0021810:i0435625,7.6475
u0021810:i0470752,7.6475
u0021810:i0478970,7.6475
u0021810:i0884732,7.6475
u0021810:i1340138,7.6475
u0021810:i1392190,7.6475
u0021810:i1502712,7.6475
u0021810:i1598642,7.6475
u0021810:i1617661,7.6475
u0021810:i1661199,7.6475
u0021810:i1791682,7.6475
u0021810:i1798684,7.6475
u0021810:i1823672,7.6475
u0021810:i1881002,7.6475
u0021810:i1951265,7.6475
u0021810:i1964418,7.6475
u0021810:i2096673,7.6475
u0021810:i2126355,7.6475
u0021810:i2309961,7.6475
u0021810:i2381941,7.6475
u0021810:i2404425,7.6475
u0021810:i2404461,7.6475
u0021810:i2494280,7.6475
u0021810:i2802144,7.6475
u0021810:i2908446,7.6475
u0021810:i3079380,7.6475
u0021810:i3235888,7.6475
u0021810:i3247714,7.6475
u0021810:i3297330,7.6475
u0021810:i3416742,7.6475
u0021811:i0080455,6.95486
u0021811:i0319061,6.95486
u0021811:i2245084,6.95486
u0021811:i2395427,6.95486
u0021811:i2908856,6.95486
u0021818:i0369610,7.21591
u0021818:i0404390,7.21591
u0021818:i0816692,7.21591
u0021818:i0829150,7.21591
u0021818:i1100089,7.21591
u0021818:i1392190,7.21591
u0021818:i1528100,7.21591
u0021818:i1568338,7.21591
u0021818:i1617661,7.21591
u0021818:i1621045,7.21591
u0021818:i1638355,7.21591
u0021818:i1823672,7.21591
u0021818:i1911658,7.21591
u0021818:i1951265,7.21591
u0021818:i2039393,7.21591
u0021818:i2083383,7.21591
u0021818:i2084970,7.21591
u0021818:i2096672,7.21591
u0021818:i2170439,7.21591
u0021818:i2179136,7.21591
u0021818:i2199571,7.21591
u0021818:i2239832,7.21591
u0021818:i2245084,7.21591
u0021818:i2381941,7.21591
u0021818:i2395427,7.21591
u0021818:i2401097,7.21591
u0021818:i2402105,7.21591
u0021818:i2446042,7.21591
u0021818:i2493486,7.21591
u0021818:i2544766,7.21591
u0021818:i2561572,7.21591
u0021818:i2692250,7.21591
u0021818:i2717822,7.21591
u0021818:i2788710,7.21591
u0021818:i2802144,7.21591
u0021818:i2820852,7.21591
u0021818:i2908446,7.21591
u0021818:i2923316,7.21591
u0021818:i3007512,7.21591
u0021818:i3045616,7.21591
u0021818:i3485166,7.21591
u0021818:i3538766,7.21591
u0021818:i4293752,7.21591
u0021883:i0072890,4.35565
u0021883:i0369610,6.51022
u0021883:i0381849,4.25525
u0021883:i1023114,4.79726
u0021883:i1205489,5.24557
u0021883:i1392190,6.32121
u0021883:i1613750,5.63214
u0021883:i1631867,6.61028
u0021883:i3042408,5.09529
u0021883:i3079380,6.25626
u0021895:i1034303,7.52442
u0021895:i1655441,7.52442
u0021895:i1964418,7.52442
u0021895:i2126355,7.52442
u0021915:i0046000,7.50908
u0021915:i0049110,7.50908
u0021915:i0049414,7.50908
u0021915:i0052722,7.50908
u0021915:i0053318,7.50908
u0021915:i0056592,7.50908
u0021915:i0060397,7.50908
u0021915:i0062794,7.50908
u0021915:i0063374,7.50908
u0021915:i0374546,7.50908
u0021915:i0779722,7.50908
u0021915:i1204977,7.50908
u0021915:i1528071,7.50908
u0021915:i1698641,7.50908
u0021915:i1767354,7.50908
u0021915:i1798709,7.50908
u0021915:i2011953,7.50908
u0021915:i2377322,7.50908
u0021915:i3169706,7.50908
u0021915:i3322940,7.50908
u0021924:i1234721,6.37331
u0021924:i1243974,6.37331
u0021924:i1661199,6.37331
u0021924:i2106476,6.37331
u0021924:i2726560,6.37331
u0021924:i2908446,6.37331
u0021938:i0022913,7.85614
u0021938:i0024184,7.85614
u0021938:i0028030,7.85614
u0021938:i0032910,7.85614
u0021938:i0052077,7.85614
u0021938:i0052618,7.85614
u0021938:i0054038,7.85614
u0021938:i0056592,7.85614
u0021938:i0062711,7.85614
u0021938:i0062782,7.85614
u0021938:i0063291,7.85614
u0021938:i0063350,7.85614
u0021938:i0063442,7.85614
u0021938:i0064133,7.85614
u0021938:i0065462,7.85614
u0021938:i0066728,7.85614
u0021938:i0066993,7.85614
u0021938:i0074486,7.85614
u0021938:i0075005,7.85614
u0021938:i0076162,7.85614
u0021938:i0078748,7.85614
u0021938:i0080453,7.85614
u0021938:i0080745,7.85614
u0021938:i0084787,7.85614
u0021938:i0087015,7.85614
u0021938:i0087800,7.85614
u0021938:i0090605,7.85614
u0021938:i0091949,7.85614
u0021938:i0092991,7.85614
u0021938:i0093105,7.85614
u0021938:i0094012,7.85614
u0021938:i0094625,7.85614
u0021938:i0094862,7.85614
u0021938:i0095327,7.85614
u0021938:i0095444,7.85614
u0021938:i0095488,7.85614
u0021938:i0096256,7.85614
u0021938:i0100405,7.85614
u0021938:i0104257,7.85614
u0021938:i0105236,7.85614
u0021938:i0107131,7.85614
u0021938:i0107211,7.85614
u0021938:i0108037,7.85614
u0021938:i0109506,7.85614
u0021938:i0109707,7.85614
u0021938:i0110123,7.85614
u0021938:i0110216,7.85614
u0021938:i0112864,7.85614
u0021938:i0113277,7.85614
u0021938:i0114194,7.85614
u0021938:i0114898,7.85614
u0021938:i0117331,7.85614
u0021938:i0119177,7.85614
u0021938:i0119190,7.85614
u0021938:i0119396,7.85614
u0021938:i0120185,7.85614
u0021938:i0120586,7.85614
u0021938:i0120689,7.85614
u0021938:i0120735,7.85614
u0021938:i0120889,7.85614
u0021938:i0133152,7.85614
u0021938:i0133240,7.85614
u0021938:i0137494,7.85614
u0021938:i0140888,7.85614
u0021938:i0146316,7.85614
u0021938:i0154152,7.85614
u0021938:i0188674,7.85614
u0021938:i0208092,7.85614
u0021938:i0219653,7.85614
u0021938:i0236640,7.85614
u0021938:i0243585,7.85614
u0021938:i0247586,7.85614
u0021938:i0278504,7.85614
u0021938:i0293007,7.85614
u0021938:i0295701,7.85614
u0021938:i0313911,7.85614
u0021938:i0322802,7.85614
u0021938:i0329774,7.85614
u0021938:i0338751,7.85614
u0021938:i0365830,7.85614
u0021938:i0387055,7.85614
u0021938:i0405325,7.85614
u0021938:i0407887,7.85614
u0021938:i0410730,7.85614
u0021938:i0425413,7.85614
u0021938:i0429589,7.85614
u0021938:i0450314,7.85614
u0021938:i0450345,7.85614
u0021938:i0458481,7.85614
u0021938:i0470752,7.85614
u0021938:i0477051,7.85614
u0021938:i0479997,7.85614
u0021938:i0493430,7.85614
u0021938:i0790724,7.85614
u0021938:i0790736,7.85614
u0021938:i0811138,7.85614
u0021938:i0816462,7.85614
u0021938:i0816692,7.85614
u0021938:i0829150,7.85614
u0021938:i0830558,7.85614
u0021938:i0844760,7.85614
u0021938:i0865556,7.85614
u0021938:i0898367,7.85614
u0021938:i0914798,7.85614
u0021938:i0936501,7.85614
u0021938:i0945513,7.85614
u0021938:i0993846,7.85614
u0021938:i1034314,7.85614
u0021938:i1038686,7.85614
u0021938:i1043726,7.85614
u0021938:i1058017,7.85614
u0021938:i1093357,7.85614
u0021938:i1116184,7.85614
u0021938:i1190080,7.85614
u0021938:i1210819,7.85614
u0021938:i1253864,7.85614
u0021938:i1272878,7.85614
u0021938:i1273235,7.85614
u0021938:i1335975,7.85614
u0021938:i1385826,7.85614
u0021938:i1392190,7.85614
u0021938:i1436045,7.85614
u0021938:i1441395,7.85614
u0021938:i1465522,7.85614
u0021938:i1478964,7.85614
u0021938:i1483013,7.85614
u0021938:i1486192,7.85614
u0021938:i1486670,7.85614
u0021938:i1528100,7.85614
u0021938:i1556190,7.85614
u0021938:i1626146,7.85614
u0021938:i1641638,7.85614
u0021938:i1646971,7.85614
u0021938:i1650554,7.85614
u0021938:i1679332,7.85614
u0021938:i1690953,7.85614
u0021938:i1713476,7.85614
u0021938:i1731697,7.85614
u0021938:i1767354,7.85614
u0021938:i1843866,7.85614
u0021938:i1846472,7.85614
u0021938:i1911600,7.85614
u0021938:i1937390,7.85614
u0021938:i1951265,7.85614
u0021938:i1999995,7.85614
u0021938:i2015381,7.85614
u0021938:i2023587,7.85614
u0021938:i2109248,7.85614
u0021938:i2120120,7.85614
u0021938:i2310332,7.85614
u0021938:i2317225,7.85614
u0021938:i2333784,7.85614
u0021938:i2370248,7.85614
u0021938:i2382009,7.85614
u0021938:i2562232,7.85614
u0021938:i2692250,7.85614
u0021938:i2713180,7.85614
u0021938:i2752758,7.85614
u0021938:i2788710,7.85614
u0021938:i2802144,7.85614
u0021938:i2832470,7.85614
u0021938:i2926810,7.85614
u0021938:i3097204,7.85614
u0021938:i3472226,7.85614
u0021938:i3479316,7.85614
u0021953:i0087363,7.45651
u0021953:i0107290,7.45651
u0021953:i0119567,7.45651
u0021953:i0348836,7.45651
u0021953:i0369610,7.45651
u0021953:i0373469,7.45651
u0021953:i0478970,7.45651
u0021953:i0816711,7.45651
u0021953:i1195478,7.45651
u0021953:i1333125,7.45651
u0021953:i1335975,7.45651
u0021953:i1351685,7.45651
u0021953:i1605717,7.45651
u0021953:i1638355,7.45651
u0021953:i1798243,7.45651
u0021953:i1915581,7.45651
u0021953:i1920849,7.45651
u0021953:i2084970,7.45651
u0021953:i2209764,7.45651
u0021953:i2293640,7.45651
u0021953:i2316411,7.45651
u0021953:i2318092,7.45651
u0021953:i2320968,7.45651
u0021953:i2321549,7.45651
u0021953:i2322441,7.45651
u0021953:i2331143,7.45651
u0021953:i2381249,7.45651
u0021953:i2395427,7.45651
u0021953:i2397535,7.45651
u0021953:i2404425,7.45651
u0021953:i2517658,7.45651
u0021953:i2555736,7.45651
u0021953:i2562232,7.45651
u0021953:i2582802,7.45651
u0021953:i2802144,7.45651
u0021953:i3062976,7.45651
u0021953:i3079380,7.45651
u0021953:i3175936,7.45651
u0021953:i3316960,7.45651
u0021953:i3508840,7.45651
u0021953:i4788638,7.45651
u0021953:i4967094,7.45651
u0021959:i0369610,7.92598
u0021959:i1091191,7.92598
u0021959:i1872194,7.92598
u0021963:i0478970,7.44641
u0021963:i0816692,7.44641
u0021963:i1502712,7.44641
u0021963:i1524930,7.44641
u0021963:i1823672,7.44641
u0021963:i2120120,7.44641
u0021963:i2293640,7.44641
u0021963:i2381249,7.44641
u0021963:i2820852,7.44641
u0021963:i3195644,7.44641
u0021979:i0172495,5.08796
u0021979:i0268978,4.9099
u0021979:i0816692,6.12146
u0021979:i1392190,6.32655
u0021979:i1655441,6.1759
u0021979:i1772288,6.46257
u0021979:i2039345,6.39538
u0021979:i2084970,6.56757
u0021979:i2180411,6.48049
u0021979:i3007512,6.44039
u0021979:i3316960,6.5558
u0022003:i0072271,7.27119
u0022003:i0074486,7.27119
u0022003:i0078748,7.27119
u0022003:i0079501,7.27119
u0022003:i0089530,7.27119
u0022003:i0091064,7.27119
u0022003:i0096256,7.27119
u0022003:i0100802,7.27119
u0022003:i0104029,7.27119
u0022003:i0120611,7.27119
u0022003:i0187738,7.27119
u0022003:i0359013,7.27119
u0022003:i0369610,7.27119
u0022003:i0395584,7.27119
u0022003:i0787474,7.27119
u0022003:i1156398,7.27119
u0022003:i1250777,7.27119
u0022003:i1392190,7.27119
u0022003:i1650554,7.27119
u0022003:i1877832,7.27119
u0022003:i1912398,7.27119
u0022003:i2310332,7.27119
u0022003:i2562232,7.27119
u0022003:i2788710,7.27119
u0022003:i2820852,7.27119
u0022003:i2872718,7.27119
u0022003:i3235888,7.27119
u0022013:i0047396,7.82988
u0022013:i0082198,7.82988
u0022013:i0107207,7.82988
u0022013:i0112740,7.82988
u0022013:i0120832,7.82988
u0022013:i0265666,7.82988
u0022013:i0478970,7.82988
u0022013:i0816442,7.82988
u0022013:i0963966,7.82988
u0022013:i1065073,7.82988
u0022013:i1194263,7.82988
u0022013:i1204975,7.82988
u0022013:i1490017,7.82988
u0022013:i1528100,7.82988
u0022013:i1533749,7.82988
u0022013:i2013293,7.82988
u0022013:i2096673,7.82988
u0022013:i2140373,7.82988
u0022013:i2199571,7.82988
u0022013:i2247476,7.82988
u0022013:i2278388,7.82988
u0022013:i2381249,7.82988
u0022013:i2395427,7.82988
u0022013:i2446042,7.82988
u0022013:i2562232,7.82988
u0022013:i2713180,7.82988
u0022013:i2802144,7.82988
u0022013:i2872718,7.82988
u0022013:i2872732,7.82988
u0022013:i2883512,7.82988
u0022013:i2910814,7.82988
u0022013:i2980516,7.82988
u0022017:i0369610,6.5173
u0022017:i2096673,6.54484
u0022017:i3819668,6.36996
u0022038:i0056937,7.10661
u0022038:i0170016,7.10661
u0022038:i0457430,7.10661
u0022038:i2322441,7.10661
u0022050:i1655441,7.67
u0022050:i1661199,7.67
u0022050:i2096673,7.67
u0022050:i2182972,7.67
u0022050:i2726560,7.67
u0022050:i2980516,7.67
u0022050:i3863552,7.67
u0022054:i0109830,7.50908
u0022054:i0382625,7.50908
u0022054:i0457939,7.50908
u0022054:i0808151,7.50908
u0022054:i1132620,7.50908
u0022054:i1189073,7.50908
u0022054:i1216487,7.50908
u0022054:i1232776,7.50908
u0022054:i1343097,7.50908
u0022054:i1629242,7.50908
u0022054:i2039393,7.50908
u0022054:i2316411,7.50908
u0022054:i2562232,7.50908
u0022054:i3316960,7.50908
u0022070:i0093437,3.62596
u0022070:i0462200,5.20214
u0022070:i0999913,0
u0022070:i1486834,6.73711
u0022070:i1588173,6.46921
u0022070:i1798684,6.12369
u0022070:i1841642,6.08817
u0022070:i1924435,6.23301
u0022070:i1980209,6.42911
u0022070:i1980929,6.36967
u0022070:i1981677,5.77911
u0022070:i2049511,0
u0022070:i2179136,6.73882
u0022070:i2395427,6.68458
u0022070:i2446042,6.74506
u0022070:i2463288,5.9964
u0022070:i2582846,5.51906
u0022070:i2820852,6.43098
u0022070:i3195644,6.40152
u0022074:i0096734,6.99189
u0022074:i0263260,6.99189
u0022074:i0814075,6.99189
u0022074:i0816692,6.99189
u0022074:i0884732,6.99189
u0022074:i1323973,6.99189
u0022074:i1418754,6.99189
u0022074:i1596365,6.99189
u0022074:i1951265,6.99189
u0022074:i2084970,6.99189
u0022074:i2106476,6.99189
u0022074:i2179136,6.99189
u0022074:i2290553,6.99189
u0022074:i2562232,6.99189
u0022074:i2713180,6.99189
u0022074:i2870612,6.99189
u0022074:i2948790,6.99189
u0022074:i3417756,6.99189
u0022118:i1065073,7.67
u0022118:i2562232,7.67
u0022118:i2991224,7.67
u0022118:i3442006,7.67
u0022118:i3729920,7.67
u0022129:i0118771,3.48111
u0022129:i0375912,6.05145
u0022129:i1228705,6.17391
u0022129:i1300854,6.25131
u0022148:i0393162,5.06824
u0022148:i1279935,3.06502
u0022148:i2140465,6.29034
u0022148:i3079380,6.2713
u0022148:i3767372,5.70936
u0022161:i0369610,8.09702
u0022161:i0829150,8.09702
u0022161:i0997152,8.09702
u0022161:i1267297,8.09702
u0022161:i1528071,8.09702
u0022161:i1637706,8.09702
u0022161:i2015381,8.09702
u0022161:i2183034,8.09702
u0022161:i2245084,8.09702
u0022161:i2278388,8.09702
u0022161:i2395427,8.09702
u0022161:i2557490,8.09702
u0022165:i0020161,7.50908
u0022165:i0020708,7.50908
u0022165:i0021054,7.50908
u0022165:i0022807,7.50908
u0022165:i0024601,7.50908
u0022165:i0031322,7.50908
u0022165:i0033022,7.50908
u0022165:i0071402,7.50908
u0022165:i0072251,7.50908
u0022165:i0074799,7.50908
u0022165:i0075148,7.50908
u0022165:i0075314,7.50908
u0022165:i0076578,7.50908
u0022165:i0076759,7.50908
u0022165:i0079116,7.50908
u0022165:i0079817,7.50908
u0022165:i0080339,7.50908
u0022165:i0080455,7.50908
u0022165:i0084602,7.50908
u0022165:i0086154,7.50908
u0022165:i0089003,7.50908
u0022165:i0092857,7.50908
u0022165:i0093894,7.50908
u0022165:i0095626,7.50908
u0022165:i0096928,7.50908
u0022165:i0098625,7.50908
u0022165:i0099088,7.50908
u0022165:i0099253,7.50908
u0022165:i0099277,7.50908
u0022165:i0102057,7.50908
u0022165:i0102510,7.50908
u0022165:i0102926,7.50908
u0022165:i0104431,7.50908
u0022165:i0108525,7.50908
u0022165:i0109506,7.50908
u0022165:i0112864,7.50908
u0022165:i0117571,7.50908
u0022165:i0118715,7.50908
u0022165:i0119282,7.50908
u0022165:i0120082,7.50908
u0022165:i0121766,7.50908
u0022165:i0122933,7.50908
u0022165:i0129290,7.50908
u0022165:i0134084,7.50908
u0022165:i0263488,7.50908
u0022165:i0264472,7.50908
u0022165:i0322802,7.50908
u0022165:i0364343,7.50908
u0022165:i0367959,7.50908
u0022165:i0374102,7.50908
u0022165:i0387564,7.50908
u0022165:i0401792,7.50908
u0022165:i0475276,7.50908
u0022165:i0489270,7.50908
u0022165:i0770828,7.50908
u0022165:i0844471,7.50908
u0022165:i0890870,7.50908
u0022165:i0995845,7.50908
u0022165:i1078912,7.50908
u0022165:i1086772,7.50908
u0022165:i1109624,7.50908
u0022165:i1125849,7.50908
u0022165:i1126591,7.50908
u0022165:i1132626,7.50908
u0022165:i1179056,7.50908
u0022165:i1219289,7.50908
u0022165:i1285309,7.50908
u0022165:i1289406,7.50908
u0022165:i1294970,7.50908
u0022165:i1314655,7.50908
u0022165:i1323594,7.50908
u0022165:i1345836,7.50908
u0022165:i1385867,7.50908
u0022165:i1399103,7.50908
u0022165:i1464580,7.50908
u0022165:i1480295,7.50908
u0022165:i1549920,7.50908
u0022165:i1591095,7.50908
u0022165:i1606378,7.50908
u0022165:i1772341,7.50908
u0022165:i1790886,7.50908
u0022165:i1890455,7.50908
u0022165:i1939659,7.50908
u0022165:i1958043,7.50908
u0022165:i2071550,7.50908
u0022165:i2130270,7.50908
u0022165:i2132285,7.50908
u0022165:i2184339,7.50908
u0022165:i2321549,7.50908
u0022165:i2368553,7.50908
u0022165:i2402157,7.50908
u0022165:i2567712,7.50908
u0022165:i3484800,7.50908
u0022170:i0079833,7.45651
u0022170:i0088930,7.45651
u0022170:i0096283,7.45651
u0022170:i0097814,7.45651
u0022170:i0105151,7.45651
u0022170:i0112864,7.45651
u0022170:i0118615,7.45651
u0022170:i0118884,7.45651
u0022170:i0119698,7.45651
u0022170:i0243655,7.45651
u0022170:i0439815,7.45651
u0022170:i0450314,7.45651
u0022170:i0470752,7.45651
u0022170:i0478970,7.45651
u0022170:i0808151,7.45651
u0022170:i1074638,7.45651
u0022170:i1291150,7.45651
u0022170:i1392190,7.45651
u0022170:i1408101,7.45651
u0022170:i1409024,7.45651
u0022170:i1740047,7.45651
u0022170:i1964418,7.45651
u0022170:i1979320,7.45651
u0022170:i2015381,7.45651
u0022170:i2084970,7.45651
u0022170:i2234003,7.45651
u0022170:i2267998,7.45651
u0022170:i2294629,7.45651
u0022170:i2562232,7.45651
u0022170:i2802144,7.45651
u0022170:i3079380,7.45651
u0022209:i0108550,6.95076
u0022209:i0130827,6.95076
u0022209:i0291988,6.95076
u0022209:i0758758,6.95076
u0022209:i0974014,6.95076
u0022209:i1063669,6.95076
u0022209:i1235841,6.95076
u0022209:i1439572,6.95076
u0022209:i1571222,6.95076
u0022209:i1659337,6.95076
u0022209:i1680045,6.95076
u0022209:i1705786,6.95076
u0022209:i1937390,6.95076
u0022209:i2209764,6.95076
u0022209:i2246565,6.95076
u0022209:i2267998,6.95076
u0022209:i2278388,6.95076
u0022209:i2331143,6.95076
u0022209:i2397535,6.95076
u0022209:i2404425,6.95076
u0022209:i2562232,6.95076
u0022209:i2582802,6.95076
u0022209:i2718492,6.95076
u0022209:i2758880,6.95076
u0022209:i2788710,6.95076
u0022209:i2802154,6.95076
u0022209:i2980516,6.95076
u0022209:i3011894,6.95076
u0022209:i3409392,6.95076
u0022216:i2126355,7.34963
u0022216:i2802144,7.34963
u0022216:i3168230,7.34963
u0022224:i0787474,7.05265
u0022224:i1392190,7.05265
u0022224:i1687901,7.05265
u0022231:i0118749,7.50908
u0022231:i0137523,7.50908
u0022231:i0140352,7.50908
u0022231:i0217869,7.50908
u0022231:i0238380,7.50908
u0022231:i0309698,7.50908
u0022231:i0405159,7.50908
u0022231:i0756683,7.50908
u0022231:i1798684,7.50908
u0022231:i2120120,7.50908
u0022231:i2980516,7.50908
u0022231:i3079380,7.50908
u0022239:i0106489,7.11117
u0022239:i0765443,7.11117
u0022239:i0775529,7.11117
u0022239:i0870111,7.11117
u0022239:i2562232,7.11117
u0022239:i2582802,7.11117
u0022239:i2937898,7.11117
u0022239:i2980516,7.11117
u0022261:i2084970,7.67
u0022261:i2179136,7.67
u0022261:i2395427,7.67
u0022261:i2446042,7.67
u0022261:i2820852,7.67
u0022261:i2870612,7.67
u0022261:i2908446,7.67
u0022261:i2980516,7.67
u0022269:i0097937,7.60697
u0022269:i0111579,7.60697
u0022269:i2562232,7.60697
u0022269:i2872718,7.60697
u0022269:i2980516,7.60697
u0022326:i0369610,7.73051
u0022326:i0455944,7.73051
u0022326:i0478970,7.73051
u0022326:i1007029,7.73051
u0022326:i1065073,7.73051
u0022326:i1109624,7.73051
u0022326:i1277953,7.73051
u0022326:i1340138,7.73051
u0022326:i1392190,7.73051
u0022326:i1911658,7.73051
u0022326:i2084970,7.73051
u0022326:i2096673,7.73051
u0022326:i2179136,7.73051
u0022326:i2322441,7.73051
u0022326:i2381249,7.73051
u0022326:i2395427,7.73051
u0022326:i2562232,7.73051
u0022326:i2802144,7.73051
u0022326:i2980516,7.73051
u0022326:i3399024,7.73051
u0022338:i1588170,7.67
u0022338:i1817273,7.67
u0022338:i2238050,7.67
u0022338:i2294449,7.67
u0022338:i4296026,7.67
u0022341:i0240890,6.65571
u0022341:i0359950,6.65571
u0022341:i1170358,6.65571
u0022341:i1213663,6.65571
u0022341:i1723121,6.65571
u0022341:i1743993,6.65571
u0022341:i1872181,6.65571
u0022341:i2333804,6.65571
u0022341:i2562232,6.65571
u0022341:i2582802,6.65571
u0022354:i0103772,7.60697
u0022354:i0118715,7.60697
u0022354:i0138946,7.60697
u0022354:i0369610,7.60697
u0022354:i0455944,7.60697
u0022354:i0816692,7.60697
u0022354:i1024648,7.60697
u0022354:i1135084,7.60697
u0022354:i1267297,7.60697
u0022354:i1379177,7.60697
u0022354:i1408253,7.60697
u0022354:i1409024,7.60697
u0022354:i1663207,7.60697
u0022354:i1706620,7.60697
u0022354:i1872194,7.60697
u0022354:i1893256,7.60697
u0022354:i1924435,7.60697
u0022354:i2011159,7.60697
u0022354:i2039393,7.60697
u0022354:i2084970,7.60697
u0022354:i2096672,7.60697
u0022354:i2103281,7.60697
u0022354:i2109248,7.60697
u0022354:i2170299,7.60697
u0022354:i2177771,7.60697
u0022354:i2179136,7.60697
u0022354:i2180411,7.60697
u0022354:i2199571,7.60697
u0022354:i2245084,7.60697
u0022354:i2369135,7.60697
u0022354:i2381941,7.60697
u0022354:i2395427,7.60697
u0022354:i2446042,7.60697
u0022354:i2561572,7.60697
u0022354:i2637294,7.60697
u0022354:i2713180,7.60697
u0022354:i2788710,7.60697
u0022354:i2820852,7.60697
u0022354:i2872718,7.60697
u0022354:i2872732,7.60697
u0022354:i3097204,7.60697
u0022354:i3203616,7.60697
u0022357:i0455944,7.55195
u0022357:i0470752,7.55195
u0022357:i1392190,7.55195
u0022357:i2911666,7.55195
u0022357:i3472226,7.55195
u0022359:i0268995,7.72229
u0022359:i0369610,7.72229
u0022359:i1392190,7.72229
u0022359:i2395427,7.72229
u0022365:i2084970,6.57437
u0022365:i2310332,6.56699
u0022365:i2980516,6.7853
u0022379:i0372784,5.84446
u0022379:i0468569,4.58419
u0022379:i0840361,5.24581
u0022379:i1345836,4.16684
u0022379:i2820852,6.43945
u0022405:i0478970,7.43514
u0022405:i1126590,7.43514
u0022405:i1392190,7.43514
u0022405:i2582802,7.43514
u0022405:i4178092,7.43514
u0022416:i0369610,7.67
u0022416:i0455944,7.67
u0022416:i1065073,7.67
u0022416:i1086772,7.67
u0022416:i1571249,7.67
u0022416:i1951181,7.67
u0022416:i2170439,7.67
u0022416:i2170593,7.67
u0022416:i2209418,7.67
u0022416:i2267998,7.67
u0022416:i2322441,7.67
u0022416:i2381249,7.67
u0022416:i2381941,7.67
u0022416:i2395427,7.67
u0022416:i2582802,7.67
u0022416:i2637276,7.67
u0022416:i2692904,7.67
u0022416:i2788710,7.67
u0022416:i2802144,7.67
u0022416:i2870756,7.67
u0022416:i2872718,7.67
u0022416:i2872732,7.67
u0022416:i2980516,7.67
u0022416:i3079380,7.67
u0022417:i1809398,7.80477
u0022417:i2004432,7.80477
u0022417:i2084970,7.80477
u0022417:i2179136,7.80477
u0022417:i2261331,7.80477
u0022417:i2381941,7.80477
u0022417:i2820852,7.80477
u0022417:i2975578,7.80477
u0022424:i0167404,5.0862
u0022424:i1126590,6.86774
u0022424:i2872718,6.74405
u0022433:i0069995,7.67
u0022433:i0113133,7.67
u0022433:i0478970,7.67
u0022433:i1100089,7.67
u0022433:i1126590,7.67
u0022433:i1320239,7.67
u0022433:i1392190,7.67
u0022433:i1441395,7.67
u0022433:i1535108,7.67
u0022433:i1638355,7.67
u0022433:i1883180,7.67
u0022433:i2084970,7.67
u0022433:i2321549,7.67
u0022433:i2322441,7.67
u0022433:i2395427,7.67
u0022433:i2562232,7.67
u0022433:i2718492,7.67
u0022433:i2802144,7.67
u0022433:i2802154,7.67
u0022433:i2872718,7.67
u0022433:i2935476,7.67
u0022433:i3235888,7.67
u0022433:i3715320,7.67
u0022433:i3967356,7.67
u0022433:i4285198,7.67
u0022441:i0094226,7.80477
u0022441:i0099685,7.80477
u0022441:i0118715,7.80477
u0022441:i0369610,7.80477
u0022441:i0478970,7.80477
u0022441:i1020072,7.80477
u0022441:i1392190,7.80477
u0022441:i1398426,7.80477
u0022441:i1646971,7.80477
u0022441:i1959490,7.80477
u0022441:i2084970,7.80477
u0022441:i2096673,7.80477
u0022441:i2125435,7.80477
u0022441:i2179136,7.80477
u0022441:i2293640,7.80477
u0022441:i2363471,7.80477
u0022441:i2370248,7.80477
u0022441:i2381249,7.80477
u0022441:i2395427,7.80477
u0022441:i2582802,7.80477
u0022441:i2784678,7.80477
u0022441:i2820852,7.80477
u0022441:i2937898,7.80477
u0022441:i3455224,7.80477
u0022441:i4229236,7.80477
u0022443:i0114814,7.60697
u0022443:i0304415,7.60697
u0022443:i0324554,7.60697
u0022443:i0419887,7.60697
u0022443:i0485947,7.60697
u0022443:i0879870,7.60697
u0022443:i1638002,7.60697
u0022443:i1798709,7.60697
u0022443:i1809398,7.60697
u0022443:i1924396,7.60697
u0022443:i1937264,7.60697
u0022443:i1972779,7.60697
u0022443:i2179136,7.60697
u0022443:i2318092,7.60697
u0022443:i2582802,7.60697
u0022443:i2726560,7.60697
u0022443:i2935476,7.60697
u0022443:i2994190,7.60697
u0022447:i1655441,6.72656
u0022447:i2381941,6.72656
u0022447:i3203616,6.72656
u0022489:i1253863,6.76937
u0022489:i1490017,6.76937
u0022489:i1743993,6.76937
u0022489:i1872181,6.76937
u0022489:i2015381,6.76937
u0022489:i2221648,6.76937
u0022489:i2294629,6.76937
u0022489:i2771372,6.76937
u0022538:i0069400,6.90909
u0022538:i0079522,6.90909
u0022538:i0369702,6.90909
u0022538:i1032825,6.90909
u0022538:i1571222,6.90909
u0022538:i2582802,6.90909
u0022538:i2718492,6.90909
u0022538:i2980516,6.90909
u0022540:i0091042,7.50908
u0022540:i0091369,7.50908
u0022540:i0133751,7.50908
u0022540:i0312528,7.50908
u0022540:i0368891,7.50908
u0022540:i0369610,7.50908
u0022540:i0382625,7.50908
u0022540:i0424095,7.50908
u0022540:i0470752,7.50908
u0022540:i0473075,7.50908
u0022540:i0898367,7.50908
u0022540:i0903624,7.50908
u0022540:i0970411,7.50908
u0022540:i1014759,7.50908
u0022540:i1045658,7.50908
u0022540:i1121096,7.50908
u0022540:i1170358,7.50908
u0022540:i1288558,7.50908
u0022540:i1392170,7.50908
u0022540:i1428538,7.50908
u0022540:i1486834,7.50908
u0022540:i1531901,7.50908
u0022540:i1535108,7.50908
u0022540:i1588173,7.50908
u0022540:i1611224,7.50908
u0022540:i1623205,7.50908
u0022540:i1631867,7.50908
u0022540:i1951265,7.50908
u0022540:i2015381,7.50908
u0022540:i2132285,7.50908
u0022540:i2224026,7.50908
u0022540:i2234155,7.50908
u0022540:i2245084,7.50908
u0022540:i2294449,7.50908
u0022540:i2302755,7.50908
u0022540:i2310332,7.50908
u0022540:i2866360,7.50908
u0022540:i2872718,7.50908
u0022540:i2980516,7.50908
u0022548:i0470752,7.0989
u0022548:i1014763,7.0989
u0022548:i1617661,7.0989
u0022548:i1823672,7.0989
u0022548:i2011159,7.0989
u0022548:i2199571,7.0989
u0022548:i2224026,7.0989
u0022548:i2261331,7.0989
u0022548:i2267998,7.0989
u0022548:i2381249,7.0989
u0022548:i2381941,7.0989
u0022548:i2562232,7.0989
u0022548:i2802144,7.0989
u0022548:i2908446,7.0989
u0022548:i3079380,7.0989
u0022548:i3316960,7.0989
u0022584:i1392190,7.92598
u0022584:i2179136,7.92598
u0022584:i2562232,7.92598
u0022584:i2582802,7.92598
u0022584:i3316960,7.92598
u0022590:i0078788,7.37204
u0022590:i0236493,7.37204
u0022590:i0274558,7.37204
u0022590:i1609479,7.37204
u0022590:i1638355,7.37204
u0022590:i2084970,7.37204
u0022590:i2180411,7.37204
u0022590:i2273657,7.37204
u0022590:i2562232,7.37204
u0022590:i3715320,7.37204
u0022596:i1029360,7.50908
u0022596:i1430612,7.50908
u0022596:i2309260,7.50908
u0022600:i0369610,7.60111
u0022600:i0478970,7.60111
u0022600:i1392190,7.60111
u0022600:i1502712,7.60111
u0022600:i1638355,7.60111
u0022600:i1823672,7.60111
u0022600:i2293640,7.60111
u0022600:i2381249,7.60111
u0022600:i2395427,7.60111
u0022600:i2820852,7.60111
u0022600:i2908446,7.60111
u0022606:i0816692,6.13033
u0022606:i1065073,6.53896
u0022606:i1637688,5.61234
u0022606:i1790864,6.30015
u0022606:i1837709,6.3209
u0022606:i1840309,6.50979
u0022606:i2170593,6.85068
u0022606:i2180411,6.51407
u0022606:i2278388,6.31404
u0022606:i2290709,3.57664
u0022606:i2294629,6.10683
u0022606:i2381941,6.61412
u0022606:i2562232,6.70591
u0022606:i2582802,6.69219
u0022606:i2582846,5.57971
u0022606:i2788710,6.83627
u0022606:i2802144,6.5445
u0022606:i2980516,6.79434
u0022606:i3442006,6.9355
u0022628:i0068612,7.67
u0022628:i0071913,7.67
u0022628:i0092067,7.67
u0022628:i0113568,7.67
u0022628:i0347149,7.67
u0022628:i0425112,7.67
u0022628:i1798188,7.67
u0022641:i1392190,7.06937
u0022641:i2199571,7.06937
u0022641:i2376218,7.06937
u0022641:i2381249,7.06937
u0022641:i2980516,7.06937
u0022641:i3007512,7.06937
u0022664:i0063663,6.20203
u0022664:i0085154,6.20203
u0022664:i0086200,6.20203
u0022664:i0089469,6.20203
u0022664:i0100934,6.20203
u0022664:i0107658,6.20203
u0022664:i0113986,6.20203
u0022664:i0120879,6.20203
u0022664:i0243655,6.20203
u0022664:i0272207,6.20203
u0022664:i0354356,6.20203
u0022664:i0369610,6.20203
u0022664:i0412080,6.20203
u0022664:i0416315,6.20203
u0022664:i0460740,6.20203
u0022664:i0478970,6.20203
u0022664:i0841044,6.20203
u0022664:i0884732,6.20203
u0022664:i1029360,6.20203
u0022664:i1100089,6.20203
u0022664:i1216491,6.20203
u0022664:i1247690,6.20203
u0022664:i1371150,6.20203
u0022664:i1392190,6.20203
u0022664:i1600196,6.20203
u0022664:i1626146,6.20203
u0022664:i1706414,6.20203
u0022664:i1850397,6.20203
u0022664:i1853739,6.20203
u0022664:i2039393,6.20203
u0022664:i2084970,6.20203
u0022664:i2096672,6.20203
u0022664:i2170439,6.20203
u0022664:i2191765,6.20203
u0022664:i2199571,6.20203
u0022664:i2224026,6.20203
u0022664:i2231253,6.20203
u0022664:i2245084,6.20203
u0022664:i2265171,6.20203
u0022664:i2358925,6.20203
u0022664:i2381249,6.20203
u0022664:i2381941,6.20203
u0022664:i2395427,6.20203
u0022664:i2397535,6.20203
u0022664:i2446042,6.20203
u0022664:i2486678,6.20203
u0022664:i2555736,6.20203
u0022664:i2561572,6.20203
u0022664:i2562232,6.20203
u0022664:i2582802,6.20203
u0022664:i2802144,6.20203
u0022664:i2866360,6.20203
u0022664:i2870708,6.20203
u0022664:i2872718,6.20203
u0022664:i2911666,6.20203
u0022664:i2917388,6.20203
u0022664:i2944198,6.20203
u0022664:i2978426,6.20203
u0022664:i3045616,6.20203
u0022664:i3079380,6.20203
u0022664:i3195644,6.20203
u0022664:i3235888,6.20203
u0022664:i3316960,6.20203
u0022664:i3472226,6.20203
u0022664:i3488328,6.20203
u0022664:i3560686,6.20203
u0022664:i3713166,6.20203
u0022664:i4084744,6.20203
u0022664:i4156700,6.20203
u0022671:i1091191,7.39828
u0022671:i1800241,7.39828
u0022671:i2179136,7.39828
u0022671:i2713180,7.39828
u0022674:i0884732,7.89127
u0022674:i1809398,7.89127
u0022674:i2170593,7.89127
u0022674:i2562232,7.89127
u0022674:i2802144,7.89127
u0022674:i3079380,7.89127
u0022693:i0097165,7.67
u0022693:i0119396,7.67
u0022693:i0145681,7.67
u0022693:i0182789,7.67
u0022693:i0238380,7.67
u0022693:i0338751,7.67
u0022693:i0359950,7.67
u0022693:i0373469,7.67
u0022693:i0395169,7.67
u0022693:i0397892,7.67
u0022693:i0430357,7.67
u0022693:i0435651,7.67
u0022693:i0446059,7.67
u0022693:i0458339,7.67
u0022693:i0469494,7.67
u0022693:i0470752,7.67
u0022693:i0816442,7.67
u0022693:i0816711,7.67
u0022693:i0831387,7.67
u0022693:i0837562,7.67
u0022693:i0892769,7.67
u0022693:i1216491,7.67
u0022693:i1441395,7.67
u0022693:i1490017,7.67
u0022693:i1499658,7.67
u0022693:i1528100,7.67
u0022693:i1535109,7.67
u0022693:i1600196,7.67
u0022693:i1638002,7.67
u0022693:i1645170,7.67
u0022693:i1646971,7.67
u0022693:i1661199,7.67
u0022693:i1823672,7.67
u0022693:i1843866,7.67
u0022693:i1850397,7.67
u0022693:i1872194,7.67
u0022693:i1911658,7.67
u0022693:i1937390,7.67
u0022693:i2084970,7.67
u0022693:i2096672,7.67
u0022693:i2140619,7.67
u0022693:i2179136,7.67
u0022693:i2234003,7.67
u0022693:i2234155,7.67
u0022693:i2245084,7.67
u0022693:i2268458,7.67
u0022693:i2317225,7.67
u0022693:i2322441,7.67
u0022693:i2561572,7.67
u0022693:i2582802,7.67
u0022693:i2614684,7.67
u0022693:i2713180,7.67
u0022693:i2785032,7.67
u0022693:i2802144,7.67
u0022693:i2870708,7.67
u0022693:i2884206,7.67
u0022693:i2980472,7.67
u0022693:i2980516,7.67
u0022693:i3007512,7.67
u0022693:i3235888,7.67
u0022693:i3416742,7.67
u0022699:i0369610,6.93765
u0022699:i0993846,6.93765
u0022699:i1274586,6.93765
u0022699:i1877832,6.93765
u0022699:i1951265,6.93765
u0022699:i2096672,6.93765
u0022699:i2126355,6.93765
u0022699:i2179136,6.93765
u0022699:i2293640,6.93765
u0022699:i2322441,6.93765
u0022699:i2395427,6.93765
u0022699:i2713180,6.93765
u0022699:i2802144,6.93765
u0022699:i2911666,6.93765
u0022699:i3235888,6.93765
u0022699:i3877674,6.93765
u0022701:i0369610,8.01558
u0022701:i0478970,8.01558
u0022701:i1340138,8.01558
u0022701:i1392190,8.01558
u0022701:i1502712,8.01558
u0022701:i1661199,8.01558
u0022701:i1674771,8.01558
u0022701:i1727770,8.01558
u0022701:i1823672,8.01558
u0022701:i1964418,8.01558
u0022701:i2096673,8.01558
u0022701:i2126355,8.01558
u0022701:i2179136,8.01558
u0022701:i2245084,8.01558
u0022701:i2293640,8.01558
u0022701:i2305051,8.01558
u0022701:i2322441,8.01558
u0022701:i2358925,8.01558
u0022701:i2381249,8.01558
u0022701:i2381941,8.01558
u0022701:i2561572,8.01558
u0022701:i2637276,8.01558
u0022701:i2784678,8.01558
u0022701:i2820852,8.01558
u0022701:i2848292,8.01558
u0022701:i3045616,8.01558
u0022701:i3079380,8.01558
u0022701:i3152624,8.01558
u0022705:i0114746,7.3964
u0022705:i0241303,7.3964
u0022705:i0369610,7.3964
u0022705:i1392190,7.3964
u0022705:i1869716,7.3964
u0022705:i1964418,7.3964
u0022705:i2872718,7.3964
u0022705:i3893038,7.3964
u0022710:i1340138,6.3897
u0022710:i2980516,6.8034
u0022710:i3247714,6.2847
u0022763:i0009018,7.67
u0022763:i0032484,7.67
u0022763:i0039224,7.67
u0022763:i0047203,7.67
u0022763:i0049233,7.67
u0022763:i0061996,7.67
u0022763:i0063442,7.67
u0022763:i0067866,7.67
u0022763:i0068935,7.67
u0022763:i0069400,7.67
u0022763:i0073650,7.67
u0022763:i0095468,7.67
u0022763:i0099365,7.67
u0022763:i0102426,7.67
u0022763:i0102587,7.67
u0022763:i0103939,7.67
u0022763:i0113568,7.67
u0022763:i0113824,7.67
u0022763:i0116752,7.67
u0022763:i0118845,7.67
u0022763:i0120741,7.67
u0022763:i0156610,7.67
u0022763:i0203119,7.67
u0022763:i0208502,7.67
u0022763:i0408664,7.67
u0022763:i0411270,7.67
u0022763:i0454792,7.67
u0022763:i0478213,7.67
u0022763:i1160629,7.67
u0022763:i1446714,7.67
u0022763:i1977895,7.67
u0022763:i2043933,7.67
u0022763:i2224026,7.67
u0022763:i2381941,7.67
u0022763:i2395427,7.67
u0022763:i2436386,7.67
u0022763:i2639344,7.67
u0022763:i2741806,7.67
u0022763:i2994190,7.67
u0022763:i3079380,7.67
u0022763:i3205376,7.67
u0022763:i3230082,7.67
u0022763:i3235888,7.67
u0022763:i3398268,7.67
u0022763:i3483194,7.67
u0022771:i0111257,7.07973
u0022771:i0266697,7.07973
u0022771:i0369610,7.07973
u0022771:i0378194,7.07973
u0022771:i0404203,7.07973
u0022771:i0426931,7.07973
u0022771:i0458525,7.07973
u0022771:i0478970,7.07973
u0022771:i0864835,7.07973
u0022771:i0878804,7.07973
u0022771:i1371150,7.07973
u0022771:i1655441,7.07973
u0022771:i1661199,7.07973
u0022771:i1670345,7.07973
u0022771:i1810683,7.07973
u0022771:i1840309,7.07973
u0022771:i1911658,7.07973
u0022771:i2096673,7.07973
u0022771:i2103281,7.07973
u0022771:i2120120,7.07973
u0022771:i2126355,7.07973
u0022771:i2224026,7.07973
u0022771:i2262227,7.07973
u0022771:i2293640,7.07973
u0022771:i2395427,7.07973
u0022771:i2561572,7.07973
u0022771:i2582802,7.07973
u0022771:i2713180,7.07973
u0022771:i2820852,7.07973
u0022771:i2848292,7.07973
u0022771:i2872732,7.07973
u0022771:i2908446,7.07973
u0022771:i3079380,7.07973
u0022771:i3416742,7.07973
u0022771:i3824386,7.07973
u0022771:i4007502,7.07973
u0022793:i1340138,6.40502
u0022793:i1392190,6.3319
u0022793:i3813310,5.37057
u0022795:i0057076,8.16031
u0022795:i0087182,8.16031
u0022795:i0274812,8.16031
u0022795:i0387808,8.16031
u0022795:i0470752,8.16031
u0022795:i0478970,8.16031
u0022795:i1235830,8.16031
u0022795:i1631867,8.16031
u0022795:i1772925,8.16031
u0022795:i1843866,8.16031
u0022795:i2096673,8.16031
u0022795:i2395427,8.16031
u0022795:i2582802,8.16031
u0022795:i2802144,8.16031
u0022795:i2872718,8.16031
u0022795:i3819668,8.16031
u0022796:i1392190,6.33726
u0022796:i1591479,5.52007
u0022796:i2015381,6.36439
u0022796:i2194499,6.20562
u0022796:i2493486,5.78713
u0022796:i2911666,6.90541
u0022796:i3746298,5.35169
u0022813:i0060196,5.22209
u0022813:i0068646,4.29596
u0022813:i0071562,4.43627
u0022813:i0120623,5.38783
u0022813:i0123964,3.59827
u0022813:i0209144,5.42887
u0022813:i1219289,6.12764
u0022813:i1542344,5.76964
u0022813:i1855199,5.19881
u0022813:i2024544,6.09128
u0022813:i2494280,4.98992
u0022813:i2582802,6.69958
u0022886:i0365907,6.87466
u0022886:i0993846,5.92948
u0022886:i1190539,4.50784
u0022886:i1305806,5.55364
u0022886:i1645089,5.30947
u0022886:i2509850,6.919
u0022886:i3007512,6.47943
u0022891:i1631867,7.11096
u0022891:i1714206,7.11096
u0022891:i2562232,7.11096
u0022891:i2582802,7.11096
u0022891:i3416742,7.11096
u0022931:i0482606,7.67
u0022931:i1071812,7.67
u0022931:i1791528,7.67
u0022931:i2322441,7.67
u0022931:i2562232,7.67
u0022931:i2713180,7.67
u0022931:i2788710,7.67
u0022933:i0298203,4.32994
u0022933:i0362227,6.02979
u0022933:i1189340,5.69937
u0022933:i1242422,3.14588
u0022933:i1291584,4.71769
u0022933:i1937149,4.68396
u0022933:i3042408,5.16705
u0022951:i0116282,6.37256
u0022951:i2561572,6.55378
u0022951:i2567712,6.98154
u0022955:i0097937,7.52455
u0022955:i0167404,7.52455
u0022955:i0452623,7.52455
u0022955:i0465551,7.52455
u0022955:i1392190,7.52455
u0022955:i2106476,7.52455
u0022955:i2170593,7.52455
u0022955:i2446042,7.52455
u0022955:i2562232,7.52455
u0022955:i2582802,7.52455
u0022955:i2980516,7.52455
u0022955:i3079380,7.52455
u0022980:i0359950,6.30857
u0022980:i0470752,6.30857
u0022980:i0471042,6.30857
u0022980:i0816692,6.30857
u0022980:i0844457,6.30857
u0022980:i1213663,6.30857
u0022980:i1276104,6.30857
u0022980:i1638364,6.30857
u0022980:i2084970,6.30857
u0022980:i2267998,6.30857
u0022980:i2310332,6.30857
u0022980:i2562232,6.30857
u0022980:i2883512,6.30857
u0022980:i3268458,6.30857
u0022998:i0110148,6.81783
u0022998:i0365748,6.81783
u0022998:i0369610,6.81783
u0022998:i0425112,6.81783
u0022998:i0478970,6.81783
u0022998:i1340138,6.81783
u0022998:i1392190,6.81783
u0022998:i1617661,6.81783
u0022998:i1638355,6.81783
u0022998:i1791528,6.81783
u0022998:i1823672,6.81783
u0022998:i1937390,6.81783
u0022998:i2039393,6.81783
u0022998:i2084970,6.81783
u0022998:i2179136,6.81783
u0022998:i2357377,6.81783
u0022998:i2381249,6.81783
u0022998:i2381941,6.81783
u0022998:i2382009,6.81783
u0022998:i2395427,6.81783
u0022998:i2562232,6.81783
u0022998:i2582802,6.81783
u0022998:i2802144,6.81783
u0022998:i2820852,6.81783
u0022998:i2872718,6.81783
u0022998:i2911666,6.81783
u0022998:i3011894,6.81783
u0023001:i1702429,7.92598
u0023001:i3235888,7.92598
u0023001:i3561348,7.92598
u0023001:i4226388,7.92598
u0023062:i1216491,6.38284
u0023062:i2562232,6.713
u0023062:i2911666,6.92082
u0023066:i0389557,7.89127
u0023066:i0470752,7.89127
u0023066:i0887912,7.89127
u0023066:i1707386,7.89127
u0023066:i1823672,7.89127
u0023066:i1883180,7.89127
u0023066:i2381249,7.89127
u0023066:i2381941,7.89127
u0023066:i2911666,7.89127
u0023066:i3079380,7.89127
u0023135:i0369610,6.75567
u0023135:i1392190,6.75567
u0023135:i1617661,6.75567
u0023135:i2096673,6.75567
u0023135:i2140619,6.75567
u0023135:i2245084,6.75567
u0023135:i2294493,6.75567
u0023135:i2322441,6.75567
u0023135:i2381941,6.75567
u0023135:i2582802,6.75567
u0023135:i2802144,6.75567
u0023135:i2884206,6.75567
u0023135:i2908446,6.75567
u0023135:i2918436,6.75567
u0023135:i3622592,6.75567
u0023152:i0163025,5.9761
u0023152:i0338013,5.09483
u0023152:i0369610,6.52439
u0023152:i0900387,5.75874
u0023152:i1109624,6.68392
u0023152:i1232829,5.94391
u0023152:i1355630,6.26374
u0023152:i1655441,6.20174
u0023152:i1790864,6.33635
u0023152:i1924435,6.31503
u0023152:i2084970,6.58118
u0023152:i2170439,6.67122
u0023152:i2179136,6.74608
u0023152:i2199571,6.12534
u0023152:i2261331,6.03249
u0023152:i2267998,6.32404
u0023152:i2294449,6.52819
u0023152:i2364841,6.29311
u0023152:i2395427,6.69182
u0023152:i2614684,5.97601
u0023152:i2726560,5.99526
u0023152:i2820852,6.44794
u0023152:i2994190,6.21561
u0023152:i3079380,6.28637
u0023152:i3247714,6.36632
u0023154:i0369610,7.33243
u0023154:i0472033,7.33243
u0023154:i1204977,7.33243
u0023154:i1340138,7.33243
u0023154:i1360795,7.33243
u0023154:i1392190,7.33243
u0023154:i1502712,7.33243
u0023154:i1567437,7.33243
u0023154:i1648179,7.33243
u0023154:i1661199,7.33243
u0023154:i1666801,7.33243
u0023154:i1700845,7.33243
u0023154:i1726592,7.33243
u0023154:i1798709,7.33243
u0023154:i1817273,7.33243
u0023154:i1823672,7.33243
u0023154:i1964418,7.33243
u0023154:i1975159,7.33243
u0023154:i2072230,7.33243
u0023154:i2084970,7.33243
u0023154:i2096673,7.33243
u0023154:i2106361,7.33243
u0023154:i2124787,7.33243
u0023154:i2180411,7.33243
u0023154:i2199571,7.33243
u0023154:i2203939,7.33243
u0023154:i2231253,7.33243
u0023154:i2293640,7.33243
u0023154:i2321549,7.33243
u0023154:i2326612,7.33243
u0023154:i2334873,7.33243
u0023154:i2381249,7.33243
u0023154:i2395427,7.33243
u0023154:i2402101,7.33243
u0023154:i2436386,7.33243
u0023154:i2446042,7.33243
u0023154:i2582846,7.33243
u0023154:i2788710,7.33243
u0023154:i2802144,7.33243
u0023154:i2820852,7.33243
u0023154:i2848292,7.33243
u0023154:i2908446,7.33243
u0023154:i2911666,7.33243
u0023154:i2980516,7.33243
u0023154:i3181822,7.33243
u0023154:i3195644,7.33243
u0023154:i3235888,7.33243
u0023154:i3369806,7.33243
u0023154:i4170436,7.33243
u0023162:i0369610,6.98553
u0023162:i0384537,6.98553
u0023162:i0892767,6.98553
u0023162:i1109624,6.98553
u0023162:i1686821,6.98553
u0023162:i1830713,6.98553
u0023162:i2381249,6.98553
u0023162:i2387433,6.98553
u0023162:i3416742,6.98553
u0023175:i0046303,7.50908
u0023175:i0057163,7.50908
u0023175:i0061770,7.50908
u0023175:i0062765,7.50908
u0023175:i0068931,7.50908
u0023175:i0079501,7.50908
u0023175:i0082694,7.50908
u0023175:i0084726,7.50908
u0023175:i0085678,7.50908
u0023175:i0089530,7.50908
u0023175:i0089767,7.50908
u0023175:i0089927,7.50908
u0023175:i0102343,7.50908
u0023175:i0102744,7.50908
u0023175:i0106697,7.50908
u0023175:i0107616,7.50908
u0023175:i0108473,7.50908
u0023175:i0108596,7.50908
u0023175:i0109045,7.50908
u0023175:i0110099,7.50908
u0023175:i0113957,7.50908
u0023175:i0114924,7.50908
u0023175:i0117913,7.50908
u0023175:i0118002,7.50908
u0023175:i0119313,7.50908
u0023175:i0119345,7.50908
u0023175:i0120179,7.50908
u0023175:i0120620,7.50908
u0023175:i0120791,7.50908
u0023175:i0120794,7.50908
u0023175:i0120903,7.50908
u0023175:i0122690,7.50908
u0023175:i0141098,7.50908
u0023175:i0160797,7.50908
u0023175:i0191754,7.50908
u0023175:i0200465,7.50908
u0023175:i0206634,7.50908
u0023175:i0212346,7.50908
u0023175:i0232500,7.50908
u0023175:i0241303,7.50908
u0023175:i0245844,7.50908
u0023175:i0264464,7.50908
u0023175:i0265086,7.50908
u0023175:i0268695,7.50908
u0023175:i0279778,7.50908
u0023175:i0280490,7.50908
u0023175:i0280707,7.50908
u0023175:i0298408,7.50908
u0023175:i0313737,7.50908
u0023175:i0316768,7.50908
u0023175:i0349683,7.50908
u0023175:i0356721,7.50908
u0023175:i0365907,7.50908
u0023175:i0369610,7.50908
u0023175:i0371746,7.50908
u0023175:i0375679,7.50908
u0023175:i0385307,7.50908
u0023175:i0418763,7.50908
u0023175:i0436697,7.50908
u0023175:i0443543,7.50908
u0023175:i0452608,7.50908
u0023175:i0453548,7.50908
u0023175:i0454848,7.50908
u0023175:i0463985,7.50908
u0023175:i0472399,7.50908
u0023175:i0477071,7.50908
u0023175:i0477302,7.50908
u0023175:i0478087,7.50908
u0023175:i0478970,7.50908
u0023175:i0479884,7.50908
u0023175:i0498380,7.50908
u0023175:i0770828,7.50908
u0023175:i0816711,7.50908
u0023175:i0830515,7.50908
u0023175:i0842926,7.50908
u0023175:i0887912,7.50908
u0023175:i0942385,7.50908
u0023175:i0960731,7.50908
u0023175:i1013752,7.50908
u0023175:i1041829,7.50908
u0023175:i1045658,7.50908
u0023175:i1065073,7.50908
u0023175:i1100089,7.50908
u0023175:i1121931,7.50908
u0023175:i1182345,7.50908
u0023175:i1210166,7.50908
u0023175:i1228705,7.50908
u0023175:i1232200,7.50908
u0023175:i1232829,7.50908
u0023175:i1234548,7.50908
u0023175:i1300854,7.50908
u0023175:i1313092,7.50908
u0023175:i1320253,7.50908
u0023175:i1322269,7.50908
u0023175:i1392190,7.50908
u0023175:i1408253,7.50908
u0023175:i1412386,7.50908
u0023175:i1464540,7.50908
u0023175:i1592525,7.50908
u0023175:i1596343,7.50908
u0023175:i1596350,7.50908
u0023175:i1605783,7.50908
u0023175:i1617661,7.50908
u0023175:i1645170,7.50908
u0023175:i1666186,7.50908
u0023175:i1764651,7.50908
u0023175:i1798709,7.50908
u0023175:i1840309,7.50908
u0023175:i1855199,7.50908
u0023175:i1905041,7.50908
u0023175:i2024469,7.50908
u0023175:i2096673,7.50908
u0023175:i2103264,7.50908
u0023175:i2106361,7.50908
u0023175:i2126355,7.50908
u0023175:i2179136,7.50908
u0023175:i2293640,7.50908
u0023175:i2305051,7.50908
u0023175:i2316411,7.50908
u0023175:i2322441,7.50908
u0023175:i2345737,7.50908
u0023175:i2381249,7.50908
u0023175:i2381941,7.50908
u0023175:i2395427,7.50908
u0023175:i2398231,7.50908
u0023175:i2402101,7.50908
u0023175:i2402105,7.50908
u0023175:i2404425,7.50908
u0023175:i2404463,7.50908
u0023175:i2463288,7.50908
u0023175:i2509850,7.50908
u0023175:i2555736,7.50908
u0023175:i2582802,7.50908
u0023175:i2582846,7.50908
u0023175:i2637276,7.50908
u0023175:i2637294,7.50908
u0023175:i2679042,7.50908
u0023175:i2802144,7.50908
u0023175:i2820852,7.50908
u0023175:i2872718,7.50908
u0023175:i2908446,7.50908
u0023175:i2980516,7.50908
u0023175:i2980648,7.50908
u0023175:i3007512,7.50908
u0023175:i3045616,7.50908
u0023175:i3079380,7.50908
u0023175:i3152624,7.50908
u0023175:i3181822,7.50908
u0023175:i3316948,7.50908
u0023175:i3450650,7.50908
u0023175:i3677742,7.50908
u0023175:i3729920,7.50908
u0023185:i0075005,6.83384
u0023185:i0212338,6.83384
u0023185:i0369610,6.83384
u0023185:i1340138,6.83384
u0023185:i2309260,6.83384
u0023185:i3195644,6.83384
u0023185:i4178092,6.83384
u0023188:i1100089,6.70333
u0023188:i1392190,6.70333
u0023188:i2180411,6.70333
u0023188:i2305051,6.70333
u0023188:i2802144,6.70333
u0023188:i2980516,6.70333
u0023188:i4192740,6.70333
u0023194:i0113277,7.60697
u0023194:i1182345,7.60697
u0023194:i2084970,7.60697
u0023200:i0478970,7.42237
u0023200:i1211956,7.42237
u0023200:i1291150,7.42237
u0023200:i1823672,7.42237
u0023200:i2126355,7.42237
u0023200:i2199571,7.42237
u0023200:i2381249,7.42237
u0023200:i2395427,7.42237
u0023200:i2637276,7.42237
u0023200:i2802144,7.42237
u0023200:i2820852,7.42237
u0023200:i3079380,7.42237
u0023200:i3195644,7.42237
u0023207:i0091080,8.05918
u0023207:i0338095,8.05918
u0023207:i0359950,8.05918
u0023207:i0369610,8.05918
u0023207:i0455944,8.05918
u0023207:i0816692,8.05918
u0023207:i1204977,8.05918
u0023207:i1340138,8.05918
u0023207:i1392190,8.05918
u0023207:i1392214,8.05918
u0023207:i1617661,8.05918
u0023207:i1823672,8.05918
u0023207:i1911658,8.05918
u0023207:i2039393,8.05918
u0023207:i2096672,8.05918
u0023207:i2231253,8.05918
u0023207:i2245084,8.05918
u0023207:i2321549,8.05918
u0023207:i2388715,8.05918
u0023207:i2395427,8.05918
u0023207:i2396421,8.05918
u0023207:i2436386,8.05918
u0023207:i2446042,8.05918
u0023207:i2561572,8.05918
u0023207:i2562232,8.05918
u0023207:i2637294,8.05918
u0023207:i2802144,8.05918
u0023207:i2820852,8.05918
u0023207:i2872718,8.05918
u0023207:i2911666,8.05918
u0023207:i3488328,8.05918
u0023207:i3715406,8.05918
u0023221:i0110413,4.29201
u0023221:i1255953,5.16987
u0023221:i1360860,4.53354
u0023221:i1396226,5.64761
u0023223:i0364045,7.67
u0023223:i0367959,7.67
u0023223:i0369610,7.67
u0023223:i0470752,7.67
u0023223:i0478970,7.67
u0023223:i0884732,7.67
u0023223:i1020072,7.67
u0023223:i1103275,7.67
u0023223:i1126590,7.67
u0023223:i1340138,7.67
u0023223:i1392190,7.67
u0023223:i1791528,7.67
u0023223:i1809398,7.67
u0023223:i1872194,7.67
u0023223:i2039393,7.67
u0023223:i2084970,7.67
u0023223:i2170593,7.67
u0023223:i2179136,7.67
u0023223:i2199571,7.67
u0023223:i2273657,7.67
u0023223:i2305051,7.67
u0023223:i2321549,7.67
u0023223:i2325719,7.67
u0023223:i2358925,7.67
u0023223:i2381249,7.67
u0023223:i2381335,7.67
u0023223:i2381941,7.67
u0023223:i2395427,7.67
u0023223:i2561572,7.67
u0023223:i2582802,7.67
u0023223:i2673812,7.67
u0023223:i2713180,7.67
u0023223:i2723050,7.67
u0023223:i2752688,7.67
u0023223:i2784678,7.67
u0023223:i2802144,7.67
u0023223:i2820852,7.67
u0023223:i2848292,7.67
u0023223:i2908446,7.67
u0023223:i2937898,7.67
u0023223:i2965412,7.67
u0023223:i2980516,7.67
u0023223:i3079380,7.67
u0023223:i3892434,7.67
u0023223:i4323536,7.67
u0023225:i1798243,7.75889
u0023225:i2381249,7.75889
u0023225:i2381941,7.75889
u0023225:i2397535,7.75889
u0023225:i2562232,7.75889
u0023225:i2582802,7.75889
u0023225:i2713180,7.75889
u0023234:i0022913,7.41959
u0023234:i0101414,7.41959
u0023234:i0458413,7.41959
u0023234:i0892769,7.41959
u0023234:i1288558,7.41959
u0023234:i1584016,7.41959
u0023234:i1626146,7.41959
u0023234:i1853739,7.41959
u0023234:i2096673,7.41959
u0023234:i2203939,7.41959
u0023234:i2396224,7.41959
u0023234:i2581244,7.41959
u0023234:i2926810,7.41959
u0023256:i0061747,0
u0023256:i0075148,5.22384
u0023256:i0083944,6.24174
u0023256:i0086216,0
u0023256:i0108550,5.2753
u0023256:i0114746,6.25996
u0023256:i0120586,5.00444
u0023256:i0238891,0
u0023256:i0248667,3.80348
u0023256:i0270480,0
u0023256:i0278504,5.40173
u0023256:i0302674,0
u0023256:i0317248,6.03303
u0023256:i0352248,4.98115
u0023256:i0381849,4.42546
u0023256:i0405159,5.33635
u0023256:i0443543,4.15427
u0023256:i0443680,5.63985
u0023256:i0452623,6.25011
u0023256:i0817177,5.73371
u0023256:i1063669,5.74402
u0023256:i1065073,6.55803
u0023256:i1228987,6.28308
u0023256:i1276104,5.56115
u0023256:i1800351,2.37937
u0023256:i1809398,6.54114
u0023256:i1850397,6.55316
u0023256:i1937097,0
u0023256:i2113681,4.80901
u0023256:i2278388,6.33708
u0023256:i2473794,6.25132
u0023256:i2562232,6.7201
u0023256:i2582802,6.70697
u0023256:i2713180,6.64965
u0023256:i2872718,6.75514
u0023256:i2935564,6.64436
u0023263:i0085794,7.92598
u0023263:i1345836,7.92598
u0023263:i1392190,7.92598
u0023263:i1646971,7.92598
u0023263:i2245084,7.92598
u0023263:i3592542,7.92598
u0023275:i1606378,7.50908
u0023275:i1872194,7.50908
u0023275:i2096672,7.50908
u0023275:i2582802,7.50908
u0023288:i0848228,7.50908
u0023288:i1020072,7.50908
u0023288:i1065073,7.50908
u0023288:i1100089,7.50908
u0023288:i1212450,7.50908
u0023288:i1371150,7.50908
u0023288:i1727388,7.50908
u0023288:i1809398,7.50908
u0023288:i1872194,7.50908
u0023288:i2084970,7.50908
u0023288:i2170593,7.50908
u0023288:i2245084,7.50908
u0023288:i2267998,7.50908
u0023288:i2395427,7.50908
u0023288:i2872718,7.50908
u0023292:i0062229,7.66515
u0023292:i0065571,7.66515
u0023292:i0068699,7.66515
u0023292:i0074119,7.66515
u0023292:i0074958,7.66515
u0023292:i0078841,7.66515
u0023292:i0816692,7.66515
u0023292:i1100089,7.66515
u0023292:i1675434,7.66515
u0023292:i1790864,7.66515
u0023292:i1872194,7.66515
u0023292:i2015381,7.66515
u0023292:i2170593,7.66515
u0023292:i2234003,7.66515
u0023292:i2293640,7.66515
u0023292:i2562232,7.66515
u0023292:i2872718,7.66515
u0023292:i3011894,7.66515
u0023292:i3398268,7.66515
u0023303:i0831387,6.39157
u0023303:i1318514,6.4232
u0023303:i1631867,6.6575
u0023303:i1663662,6.86591
u0023303:i1772264,6.85788
u0023307:i1100089,6.70517
u0023307:i1605783,6.70517
u0023307:i1809398,6.70517
u0023307:i2027140,6.70517
u0023307:i2170439,6.70517
u0023307:i2179136,6.70517
u0023307:i2334873,6.70517
u0023307:i2582802,6.70517
u0023307:i2872718,6.70517
u0023307:i2980516,6.70517
u0023318:i0446029,6.89727
u0023318:i0478970,6.89727
u0023318:i1392190,6.89727
u0023318:i1634003,6.89727
u0023318:i2113681,6.89727
u0023318:i2126355,6.89727
u0023318:i2395427,6.89727
u0023318:i2802144,6.89727
u0023318:i3253930,6.89727
u0023318:i3321428,6.89727
u0023329:i0795368,6.14777
u0023329:i1371150,6.84621
u0023329:i2084970,6.588
u0023329:i2180411,6.54782
u0023329:i2582846,5.64102
u0023329:i2788716,6.4333
u0023329:i2883512,6.52099
u0023358:i1392190,6.34261
u0023358:i1821362,3.84115
u0023358:i2675914,6.17503
u0023359:i0039111,0
u0023359:i0040723,0
u0023359:i0042451,4.52076
u0023359:i0045465,0
u0023359:i0045555,0
u0023359:i0066026,6.18636
u0023359:i0232500,5.87971
u0023359:i1204342,0
u0023359:i1791528,6.6373
u0023371:i0078788,7.71768
u0023371:i0091763,7.71768
u0023371:i0093058,7.71768
u0023371:i0105323,7.71768
u0023371:i0110413,7.71768
u0023371:i0113277,7.71768
u0023371:i0116209,7.71768
u0023371:i0120815,7.71768
u0023371:i0211915,7.71768
u0023371:i0253474,7.71768
u0023371:i0258463,7.71768
u0023371:i0372183,7.71768
u0023371:i0407887,7.71768
u0023371:i0421073,7.71768
u0023371:i0440963,7.71768
u0023371:i0458525,7.71768
u0023371:i0482571,7.71768
u0023371:i0816442,7.71768
u0023371:i1086772,7.71768
u0023371:i1194173,7.71768
u0023371:i1270798,7.71768
u0023371:i1291150,7.71768
u0023371:i1371111,7.71768
u0023371:i1392190,7.71768
u0023371:i1568346,7.71768
u0023371:i1636826,7.71768
u0023371:i1726592,7.71768
u0023371:i1772424,7.71768
u0023371:i1798709,7.71768
u0023371:i1872194,7.71768
u0023371:i1877832,7.71768
u0023371:i2039393,7.71768
u0023371:i2084970,7.71768
u0023371:i2170299,7.71768
u0023371:i2170439,7.71768
u0023371:i2179136,7.71768
u0023371:i2231253,7.71768
u0023371:i2234003,7.71768
u0023371:i2338151,7.71768
u0023371:i2561572,7.71768
u0023371:i2562232,7.71768
u0023371:i2582802,7.71768
u0023371:i2614684,7.71768
u0023371:i2692250,7.71768
u0023371:i2788710,7.71768
u0023371:i2802144,7.71768
u0023371:i2866360,7.71768
u0023371:i2872718,7.71768
u0023371:i2980516,7.71768
u0023371:i3169706,7.71768
u0023384:i0078748,7.61492
u0023384:i0090605,7.61492
u0023384:i0103644,7.61492
u0023384:i0103939,7.61492
u0023384:i0118583,7.61492
u0023384:i0118715,7.61492
u0023384:i0135007,7.61492
u0023384:i0369610,7.61492
u0023384:i0470752,7.61492
u0023384:i0478087,7.61492
u0023384:i0478970,7.61492
u0023384:i1392190,7.61492
u0023384:i1617661,7.61492
u0023384:i1823672,7.61492
u0023384:i2015381,7.61492
u0023384:i2084970,7.61492
u0023384:i2245084,7.61492
u0023384:i2395427,7.61492
u0023384:i2397535,7.61492
u0023384:i2562232,7.61492
u0023384:i3099498,7.61492
u0023384:i3398268,7.61492
u0023384:i3469910,7.61492
u0023384:i3717532,7.61492
u0023398:i0478970,6.23791
u0023398:i1638355,6.30572
u0023398:i2938956,5.69135
u0023406:i0369610,7.01876
u0023406:i0816692,7.01876
u0023406:i1291150,7.01876
u0023406:i1617661,7.01876
u0023406:i2245084,7.01876
u0023406:i2446042,7.01876
u0023406:i2461132,7.01876
u0023406:i2692250,7.01876
u0023406:i2980708,7.01876
u0023427:i0369610,7.77698
u0023427:i0455944,7.77698
u0023427:i0470752,7.77698
u0023427:i1392190,7.77698
u0023427:i1617661,7.77698
u0023427:i1798684,7.77698
u0023427:i1872194,7.77698
u0023427:i2397535,7.77698
u0023427:i2637276,7.77698
u0023427:i2802144,7.77698
u0023427:i2883512,7.77698
u0023427:i2911666,7.77698
u0023427:i3079380,7.77698
u0023429:i0369610,6.53149
u0023429:i1340138,6.42038
u0023429:i2096673,6.55913
u0023441:i1524930,7.92598
u0023441:i2084970,7.92598
u0023441:i3152624,7.92598
u0023441:i3623726,7.92598
u0023441:i4229236,7.92598
u0023455:i0062622,7.5
u0023455:i0066921,7.5
u0023455:i0405159,7.5
u0023455:i1126590,7.5
u0023455:i1285016,7.5
u0023455:i1385826,7.5
u0023462:i0450259,5.32016
u0023462:i0993846,5.98705
u0023462:i1655441,6.22769
u0023462:i2084970,6.59483
u0023462:i2965412,6.61309
u0023478:i0120889,7.60697
u0023478:i1210166,7.60697
u0023478:i1964418,7.60697
u0023485:i0163978,7.70495
u0023485:i0349903,7.70495
u0023485:i0369610,7.70495
u0023485:i0450259,7.70495
u0023485:i0499549,7.70495
u0023485:i0800080,7.70495
u0023485:i0831387,7.70495
u0023485:i1126590,7.70495
u0023485:i1253863,7.70495
u0023485:i1661199,7.70495
u0023485:i1843866,7.70495
u0023485:i1959490,7.70495
u0023485:i2015381,7.70495
u0023485:i2084970,7.70495
u0023485:i2096673,7.70495
u0023485:i2126355,7.70495
u0023485:i2179136,7.70495
u0023485:i2180411,7.70495
u0023485:i2245084,7.70495
u0023485:i2293640,7.70495
u0023485:i2395427,7.70495
u0023485:i2446042,7.70495
u0023485:i2545118,7.70495
u0023485:i2562232,7.70495
u0023485:i2582802,7.70495
u0023485:i2820852,7.70495
u0023485:i2848292,7.70495
u0023485:i2980516,7.70495
u0023502:i0453467,7.76846
u0023502:i1392190,7.76846
u0023502:i1655441,7.76846
u0023502:i1666801,7.76846
u0023502:i2191082,7.76846
u0023502:i2199571,7.76846
u0023502:i2273657,7.76846
u0023502:i2293640,7.76846
u0023502:i2381249,7.76846
u0023502:i2381941,7.76846
u0023502:i2515034,7.76846
u0023502:i2582846,7.76846
u0023502:i2802144,7.76846
u0023502:i2911666,7.76846
u0023502:i2967224,7.76846
u0023507:i0118789,5.17514
u0023507:i1661199,6.60142
u0023507:i1865505,6.12957
u0023507:i2279373,6.69579
u0023507:i2343793,5.33799
u0023507:i3013610,5.01331
u0023515:i0369610,7.22814
u0023515:i1450321,7.22814
u0023515:i1646971,7.22814
u0023515:i1798709,7.22814
u0023515:i1907668,7.22814
u0023515:i2096672,7.22814
u0023515:i2234155,7.22814
u0023515:i2245084,7.22814
u0023515:i2397535,7.22814
u0023515:i2582802,7.22814
u0023515:i2980516,7.22814
u0023517:i1810683,8.10131
u0023517:i1937390,8.10131
u0023517:i2084970,8.10131
u0023517:i2737050,8.10131
u0023517:i2966694,8.10131
u0023517:i2980516,8.10131
u0023520:i0111161,4.43843
u0023520:i0112573,5.42536
u0023520:i0120815,5.45478
u0023520:i0468569,4.65472
u0023520:i0816692,6.13922
u0023520:i0993846,6.04517
u0023520:i1375666,5.06786
u0023520:i1675434,4.80175
u0023520:i1853728,4.61414
u0023520:i2582802,6.71438
u0023540:i0057115,7.60697
u0023540:i0068646,7.60697
u0023540:i0078788,7.60697
u0023540:i0091763,7.60697
u0023540:i0099487,7.60697
u0023540:i0099674,7.60697
u0023540:i0099685,7.60697
u0023540:i0264464,7.60697
u0023540:i0317248,7.60697
u0023540:i0408306,7.60697
u0023540:i0443680,7.60697
u0023540:i1013753,7.60697
u0023540:i1045658,7.60697
u0023540:i1853728,7.60697
u0023540:i2024544,7.60697
u0023540:i2179136,7.60697
u0023540:i2322441,7.60697
u0023540:i2562232,7.60697
u0023540:i2872718,7.60697
u0023540:i2980516,7.60697
u0023551:i0117381,4.73183
u0023551:i0169547,5.59072
u0023551:i0421715,4.94605
u0023551:i0482571,4.25795
u0023551:i1086772,5.84513
u0023551:i1255953,5.26387
u0023551:i1397280,5.46811
u0023551:i1499658,5.92287
u0023551:i2004420,6.87774
u0023551:i2084970,6.60167
u0023551:i2316411,6.45749
u0023551:i2381941,6.62614
u0023551:i2446042,6.76359
u0023551:i2883512,6.56723
u0023551:i2911666,6.93627
u0023561:i0029583,8.68167
u0023561:i0032455,8.68167
u0023561:i0032551,8.68167
u0023561:i0032910,8.68167
u0023561:i0033563,8.68167
u0023561:i0034492,8.68167
u0023561:i0038166,8.68167
u0023561:i0043274,8.68167
u0023561:i0045061,8.68167
u0023561:i0045883,8.68167
u0023561:i0046183,8.68167
u0023561:i0046247,8.68167
u0023561:i0047296,8.68167
u0023561:i0048280,8.68167
u0023561:i0051114,8.68167
u0023561:i0052415,8.68167
u0023561:i0052902,8.68167
u0023561:i0053285,8.68167
u0023561:i0055254,8.68167
u0023561:i0056059,8.68167
u0023561:i0057298,8.68167
u0023561:i0057546,8.68167
u0023561:i0058331,8.68167
u0023561:i0058777,8.68167
u0023561:i0060196,8.68167
u0023561:i0061852,8.68167
u0023561:i0062824,8.68167
u0023561:i0063237,8.68167
u0023561:i0064115,8.68167
u0023561:i0064276,8.68167
u0023561:i0065421,8.68167
u0023561:i0066817,8.68167
u0023561:i0067065,8.68167
u0023561:i0068768,8.68167
u0023561:i0069768,8.68167
u0023561:i0070379,8.68167
u0023561:i0070608,8.68167
u0023561:i0071315,8.68167
u0023561:i0072288,8.68167
u0023561:i0076363,8.68167
u0023561:i0080474,8.68167
u0023561:i0086643,8.68167
u0023561:i0090555,8.68167
u0023561:i0090670,8.68167
u0023561:i0096438,8.68167
u0023561:i0097757,8.68167
u0023561:i0099088,8.68167
u0023561:i0103639,8.68167
u0023561:i0105265,8.68167
u0023561:i0114436,8.68167
u0023561:i0114781,8.68167
u0023561:i0116827,8.68167
u0023561:i0118691,8.68167
u0023561:i0119282,8.68167
u0023561:i0120381,8.68167
u0023561:i0120632,8.68167
u0023561:i0120855,8.68167
u0023561:i0120917,8.68167
u0023561:i0134273,8.68167
u0023561:i0138304,8.68167
u0023561:i0162222,8.68167
u0023561:i0163988,8.68167
u0023561:i0188453,8.68167
u0023561:i0219965,8.68167
u0023561:i0241303,8.68167
u0023561:i0261289,8.68167
u0023561:i0289992,8.68167
u0023561:i0318155,8.68167
u0023561:i0319061,8.68167
u0023561:i0327919,8.68167
u0023561:i0337917,8.68167
u0023561:i0368891,8.68167
u0023561:i0369610,8.68167
u0023561:i0373469,8.68167
u0023561:i0385002,8.68167
u0023561:i0388125,8.68167
u0023561:i0393735,8.68167
u0023561:i0403946,8.68167
u0023561:i0404254,8.68167
u0023561:i0413267,8.68167
u0023561:i0418689,8.68167
u0023561:i0421715,8.68167
u0023561:i0434139,8.68167
u0023561:i0436364,8.68167
u0023561:i0458481,8.68167
u0023561:i0465551,8.68167
u0023561:i0478970,8.68167
u0023561:i0484740,8.68167
u0023561:i0819714,8.68167
u0023561:i0993842,8.68167
u0023561:i1013753,8.68167
u0023561:i1032817,8.68167
u0023561:i1059925,8.68167
u0023561:i1065073,8.68167
u0023561:i1068641,8.68167
u0023561:i1100089,8.68167
u0023561:i1135084,8.68167
u0023561:i1213648,8.68167
u0023561:i1231583,8.68167
u0023561:i1265990,8.68167
u0023561:i1355630,8.68167
u0023561:i1371111,8.68167
u0023561:i1381404,8.68167
u0023561:i1401152,8.68167
u0023561:i1482989,8.68167
u0023561:i1535438,8.68167
u0023561:i1682246,8.68167
u0023561:i1790864,8.68167
u0023561:i1840309,8.68167
u0023561:i1921064,8.68167
u0023561:i1967545,8.68167
u0023561:i1980929,8.68167
u0023561:i2005374,8.68167
u0023561:i2034031,8.68167
u0023561:i2084970,8.68167
u0023561:i2179136,8.68167
u0023561:i2203939,8.68167
u0023561:i2245084,8.68167
u0023561:i2267998,8.68167
u0023561:i2293640,8.68167
u0023561:i2305051,8.68167
u0023561:i2316411,8.68167
u0023561:i2357291,8.68167
u0023561:i2395427,8.68167
u0023561:i2431286,8.68167
u0023561:i2446042,8.68167
u0023561:i2582802,8.68167
u0023561:i2637276,8.68167
u0023561:i2980516,8.68167
u0023561:i3104818,8.68167
u0023561:i3538766,8.68167
u0023561:i4084744,8.68167
u0023609:i2179136,7.01876
u0023609:i2561572,7.01876
u0023609:i2820852,7.01876
u0023633:i0478970,6.07201
u0023633:i1587310,6.07201
u0023633:i2194499,6.07201
u0023633:i2872732,6.07201
u0023634:i1204977,7.30951
u0023634:i1340138,7.30951
u0023634:i1881002,7.30951
u0023634:i2096672,7.30951
u0023634:i2170439,7.30951
u0023634:i2179136,7.30951
u0023634:i2209764,7.30951
u0023634:i2224026,7.30951
u0023634:i2279373,7.30951
u0023634:i2310332,7.30951
u0023634:i2911666,7.30951
u0023639:i1100089,6.98352
u0023639:i1392190,6.98352
u0023639:i1614989,6.98352
u0023639:i2582802,6.98352
u0023639:i2718492,6.98352
u0023639:i2737050,6.98352
u0023639:i2802154,6.98352
u0023639:i2872718,6.98352
u0023639:i3011894,6.98352
u0023653:i0369610,6.5386
u0023653:i1809398,6.5665
u0023653:i2820852,6.45643
u0023653:i2917388,6.68218
u0023653:i3369806,5.71908
u0023675:i0264464,8.10228
u0023675:i0454921,8.10228
u0023675:i0780536,8.10228
u0023680:i0055928,7.8428
u0023680:i0974613,7.8428
u0023680:i1409024,7.8428
u0023680:i1506999,7.8428
u0023680:i1764183,7.8428
u0023680:i2446042,7.8428
u0023680:i3079380,7.8428
u0023680:i3169706,7.8428
u0023707:i3011894,6.65018
u0023707:i3062880,4.09401
u0023707:i3674140,6.83285
u0023729:i2015381,6.40344
u0023729:i2231253,6.46722
u0023729:i2267998,6.33961
u0023729:i2278388,6.36021
u0023729:i2494280,5.21674
u0023729:i2872732,6.54381
u0023729:i2908446,6.33599
u0023729:i3007512,6.5187
u0023748:i0369610,6.88149
u0023748:i1182345,6.88149
u0023748:i1798709,6.88149
u0023748:i2395427,6.88149
u0023748:i2713180,6.88149
u0023748:i2802144,6.88149
u0023748:i3416742,6.88149
u0023771:i0478970,6.24827
u0023771:i1247690,5.53931
u0023771:i1823672,6.68743
u0023771:i2096673,6.57345
u0023776:i0066921,5.64657
u0023776:i0093058,5.94331
u0023776:i0111161,4.49323
u0023776:i0120912,5.84295
u0023776:i0478970,6.25865
u0023776:i1409024,6.48119
u0023780:i1398426,8.33053
u0023780:i1646971,8.33053
u0023780:i2245084,8.33053
u0023780:i2326094,8.33053
u0023780:i2576852,8.33053
u0023780:i2976354,8.33053
u0023780:i3008010,8.33053
u0023780:i3044564,8.33053
u0023780:i3069992,8.33053
u0023780:i3071532,8.33053
u0023780:i3610188,8.33053
u0023780:i3612232,8.33053
u0023780:i3946086,8.33053
u0023780:i4226388,8.33053
u0023781:i0137523,7.73132
u0023781:i0319061,7.73132
u0023781:i1065073,7.73132
u0023781:i2084970,7.73132
u0023781:i2179136,7.73132
u0023781:i2278388,7.73132
u0023781:i2562232,7.73132
u0023781:i2582802,7.73132
u0023842:i0087538,7.97723
u0023842:i0120762,7.97723
u0023842:i0162222,7.97723
u0023842:i0286112,7.97723
u0023842:i0287978,7.97723
u0023842:i0300471,7.97723
u0023842:i0375912,7.97723
u0023842:i0389790,7.97723
u0023842:i0395699,7.97723
u0023842:i0435625,7.97723
u0023842:i0808506,7.97723
u0023842:i1001526,7.97723
u0023842:i1305591,7.97723
u0023842:i1352369,7.97723
u0023842:i1490017,7.97723
u0023842:i1587156,7.97723
u0023842:i1815862,7.97723
u0023842:i2140203,7.97723
u0023842:i2179136,7.97723
u0023842:i2199571,7.97723
u0023842:i2294629,7.97723
u0023842:i2322441,7.97723
u0023842:i2382396,7.97723
u0023842:i2401097,7.97723
u0023842:i2402197,7.97723
u0023842:i2436386,7.97723
u0023842:i2452200,7.97723
u0023842:i2802144,7.97723
u0023842:i2820852,7.97723
u0023842:i2908446,7.97723
u0023842:i3079380,7.97723
u0023842:i3088084,7.97723
u0023842:i3638012,7.97723
u0023842:i3672840,7.97723
u0023858:i0369610,6.78961
u0023858:i0409459,6.78961
u0023858:i0478970,6.78961
u0023858:i2321549,6.78961
u0023858:i2395427,6.78961
u0023870:i0093191,7.92598
u0023870:i0100157,7.92598
u0023870:i0477348,7.92598
u0023870:i1216491,7.92598
u0023870:i2084970,7.92598
u0023870:i2179136,7.92598
u0023870:i2180411,7.92598
u0023870:i2310332,7.92598
u0023870:i2562232,7.92598
u0023870:i2576852,7.92598
u0023870:i2718492,7.92598
u0023890:i1655441,7.82848
u0023890:i2273657,7.82848
u0023890:i2322441,7.82848
u0023890:i2474024,7.82848
u0023890:i2802144,7.82848
u0023899:i1020072,7.34789
u0023899:i1392190,7.34789
u0023899:i2179136,7.34789
u0023899:i2245084,7.34789
u0023899:i2562232,7.34789
u0023899:i2784678,7.34789
u0023908:i0113819,3.73268
u0023908:i0364569,4.79581
u0023908:i1125849,6.61622
u0023908:i1591095,5.13205
u0023908:i1600524,3.14673
u0023908:i2336259,0
u0023909:i0209144,7.75226
u0023909:i1872194,7.75226
u0023909:i2820852,7.75226
u0023929:i0075860,7.54911
u0023929:i0084787,7.54911
u0023929:i0090305,7.54911
u0023929:i0441773,7.54911
u0023929:i0455944,7.54911
u0023929:i0470752,7.54911
u0023929:i0787474,7.54911
u0023929:i0829150,7.54911
u0023929:i1029360,7.54911
u0023929:i1065073,7.54911
u0023929:i1100089,7.54911
u0023929:i1204977,7.54911
u0023929:i1217209,7.54911
u0023929:i1243974,7.54911
u0023929:i1302011,7.54911
u0023929:i1392190,7.54911
u0023929:i1408253,7.54911
u0023929:i1631867,7.54911
u0023929:i1662293,7.54911
u0023929:i1726592,7.54911
u0023929:i1764234,7.54911
u0023929:i1791528,7.54911
u0023929:i1798684,7.54911
u0023929:i1823672,7.54911
u0023929:i1872194,7.54911
u0023929:i1915581,7.54911
u0023929:i1924435,7.54911
u0023929:i1951264,7.54911
u0023929:i1980209,7.54911
u0023929:i2015381,7.54911
u0023929:i2024469,7.54911
u0023929:i2096673,7.54911
u0023929:i2103254,7.54911
u0023929:i2109248,7.54911
u0023929:i2124787,7.54911
u0023929:i2126355,7.54911
u0023929:i2170593,7.54911
u0023929:i2180411,7.54911
u0023929:i2209764,7.54911
u0023929:i2224026,7.54911
u0023929:i2267998,7.54911
u0023929:i2293640,7.54911
u0023929:i2294449,7.54911
u0023929:i2305051,7.54911
u0023929:i2322441,7.54911
u0023929:i2339741,7.54911
u0023929:i2358925,7.54911
u0023929:i2369135,7.54911
u0023929:i2377322,7.54911
u0023929:i2381941,7.54911
u0023929:i2402101,7.54911
u0023929:i2446042,7.54911
u0023929:i2561572,7.54911
u0023929:i2562232,7.54911
u0023929:i2582802,7.54911
u0023929:i2637276,7.54911
u0023929:i2692250,7.54911
u0023929:i2717822,7.54911
u0023929:i2752758,7.54911
u0023929:i2802144,7.54911
u0023929:i2820852,7.54911
u0023929:i2848292,7.54911
u0023929:i2870612,7.54911
u0023929:i2872732,7.54911
u0023929:i2908446,7.54911
u0023929:i2911666,7.54911
u0023929:i2967224,7.54911
u0023929:i2975578,7.54911
u0023929:i3079380,7.54911
u0023929:i3152624,7.54911
u0023929:i3181822,7.54911
u0023929:i3195644,7.54911
u0023929:i3322940,7.54911
u0023929:i3433074,7.54911
u0023929:i3442006,7.54911
u0023929:i3713166,7.54911
u0023929:i4007502,7.54911
u0023931:i0082971,7.43514
u0023931:i0119488,7.43514
u0023931:i0816692,7.43514
u0023931:i1392190,7.43514
u0023931:i2278388,7.43514
u0023931:i2293640,7.43514
u0023931:i4178092,7.43514
u0023933:i0133093,7.55074
u0023933:i0369610,7.55074
u0023933:i0470752,7.55074
u0023933:i1109624,7.55074
u0023933:i1340138,7.55074
u0023933:i1392190,7.55074
u0023933:i1528100,7.55074
u0023933:i1617661,7.55074
u0023933:i1638355,7.55074
u0023933:i1809398,7.55074
u0023933:i1823672,7.55074
u0023933:i2084970,7.55074
u0023933:i2245084,7.55074
u0023933:i2381249,7.55074
u0023933:i2395427,7.55074
u0023933:i2707848,7.55074
u0023933:i2802144,7.55074
u0023933:i2980516,7.55074
u0024016:i0064116,4.67628
u0024016:i0079116,5.3127
u0024016:i0103064,5.68431
u0024016:i0381849,4.60248
u0024016:i0455944,6.54982
u0024016:i1524137,3.65762
u0024016:i1657507,3.86394
u0024016:i2179136,6.75334
u0024016:i2231253,6.53908
u0024016:i2310332,6.59826
u0024016:i2322441,6.86682
u0024016:i2452200,6.05231
u0024016:i2567712,7.13009
u0024016:i2720680,5.93666
u0024016:i2788710,6.86511
u0024016:i2802144,6.55068
u0024016:i2994190,6.2953
u0024016:i3247714,6.449
u0024023:i0369610,7.70696
u0024023:i0478970,7.70696
u0024023:i1392190,7.70696
u0024033:i0080339,7.50908
u0024033:i0088206,7.50908
u0024033:i2395427,7.50908
u0024037:i1392190,7.67
u0024037:i1798684,7.67
u0024037:i2820852,7.67
u0024037:i4504452,7.67
u0024051:i0061781,0
u0024051:i0091983,3.48111
u0024051:i0783661,0
u0024051:i1731697,3.92807
u0024051:i1772288,6.55623
u0024080:i0816692,6.14812
u0024080:i0884732,6.48053
u0024080:i1065073,6.57715
u0024080:i1666801,5.75566
u0024080:i2381941,6.63819
u0024080:i2395427,6.69907
u0024080:i2562232,6.7272
u0024080:i2802144,6.55687
u0024080:i2884206,6.32398
u0024081:i0103064,7.92598
u0024081:i0118880,7.92598
u0024081:i0120338,7.92598
u0024081:i0199753,7.92598
u0024081:i0351283,7.92598
u0024081:i0401729,7.92598
u0024081:i0816692,7.92598
u0024081:i0884732,7.92598
u0024081:i1100089,7.92598
u0024081:i1109624,7.92598
u0024081:i1403241,7.92598
u0024081:i1698641,7.92598
u0024081:i1951265,7.92598
u0024081:i1988621,7.92598
u0024081:i2084970,7.92598
u0024081:i2170439,7.92598
u0024081:i2179136,7.92598
u0024081:i2224026,7.92598
u0024081:i2381941,7.92598
u0024081:i2395427,7.92598
u0024081:i2436386,7.92598
u0024081:i2446042,7.92598
u0024081:i2692250,7.92598
u0024081:i2799166,7.92598
u0024081:i2870612,7.92598
u0024081:i2911666,7.92598
u0024093:i0034583,8.00333
u0024093:i2078733,8.00333
u0024093:i2378830,8.00333
u0024093:i2473794,8.00333
u0024094:i0369610,7.75558
u0024094:i0478970,7.75558
u0024094:i1020072,7.75558
u0024094:i1340138,7.75558
u0024094:i1502712,7.75558
u0024094:i1617661,7.75558
u0024094:i1798684,7.75558
u0024094:i1964418,7.75558
u0024094:i2126355,7.75558
u0024094:i2179136,7.75558
u0024094:i2199571,7.75558
u0024094:i2305051,7.75558
u0024094:i2381249,7.75558
u0024094:i2395427,7.75558
u0024094:i2404425,7.75558
u0024094:i2552394,7.75558
u0024094:i2561572,7.75558
u0024094:i2679042,7.75558
u0024094:i2720680,7.75558
u0024094:i2802144,7.75558
u0024094:i2820852,7.75558
u0024094:i2870648,7.75558
u0024094:i2908446,7.75558
u0024094:i2911666,7.75558
u0024094:i3079380,7.75558
u0024094:i3205376,7.75558
u0024094:i3294200,7.75558
u0024094:i3713166,7.75558
u0024122:i0082085,7.18495
u0024122:i0082971,7.18495
u0024122:i0095031,7.18495
u0024122:i0106918,7.18495
u0024122:i0107290,7.18495
u0024122:i0111161,7.18495
u0024122:i0112864,7.18495
u0024122:i0119567,7.18495
u0024122:i0167261,7.18495
u0024122:i0266697,7.18495
u0024122:i0469021,7.18495
u0024122:i0790636,7.18495
u0024122:i0974554,7.18495
u0024122:i1204975,7.18495
u0024122:i1234721,7.18495
u0024122:i1321870,7.18495
u0024122:i1371150,7.18495
u0024122:i1381404,7.18495
u0024122:i1483013,7.18495
u0024122:i1502712,7.18495
u0024122:i1535108,7.18495
u0024122:i1566648,7.18495
u0024122:i1568343,7.18495
u0024122:i1592576,7.18495
u0024122:i1661199,7.18495
u0024122:i1740047,7.18495
u0024122:i1792643,7.18495
u0024122:i1840417,7.18495
u0024122:i1894476,7.18495
u0024122:i1905041,7.18495
u0024122:i1907668,7.18495
u0024122:i1967545,7.18495
u0024122:i1969062,7.18495
u0024122:i1981115,7.18495
u0024122:i2024432,7.18495
u0024122:i2058107,7.18495
u0024122:i2096673,7.18495
u0024122:i2132285,7.18495
u0024122:i2194499,7.18495
u0024122:i2293640,7.18495
u0024122:i2334649,7.18495
u0024122:i2387559,7.18495
u0024122:i2395427,7.18495
u0024122:i2404425,7.18495
u0024122:i2431286,7.18495
u0024122:i2452254,7.18495
u0024122:i2562232,7.18495
u0024122:i2725962,7.18495
u0024122:i2802154,7.18495
u0024122:i2820852,7.18495
u0024122:i2980516,7.18495
u0024122:i3007512,7.18495
u0024122:i3045616,7.18495
u0024122:i3149038,7.18495
u0024122:i3177264,7.18495
u0024122:i3713166,7.18495
u0024122:i3715320,7.18495
u0024122:i4178092,7.18495
u0024147:i0369610,7.67
u0024147:i0816692,7.67
u0024147:i1392190,7.67
u0024147:i1398426,7.67
u0024147:i1528100,7.67
u0024147:i1647668,7.67
u0024147:i1798684,7.67
u0024147:i2039393,7.67
u0024147:i2179136,7.67
u0024147:i2381249,7.67
u0024147:i2381941,7.67
u0024147:i2446042,7.67
u0024147:i2802144,7.67
u0024166:i0455944,7.44353
u0024166:i0478970,7.44353
u0024166:i2395427,7.44353
u0024184:i1020072,7.67
u0024184:i1100089,7.67
u0024184:i1216491,7.67
u0024184:i1528100,7.67
u0024184:i1872194,7.67
u0024184:i1922777,7.67
u0024184:i2084970,7.67
u0024184:i2267998,7.67
u0024184:i2278388,7.67
u0024184:i2304771,7.67
u0024184:i2321549,7.67
u0024184:i2381941,7.67
u0024184:i2397535,7.67
u0024184:i2420166,7.67
u0024184:i2493486,7.67
u0024184:i2562232,7.67
u0024184:i2567712,7.67
u0024184:i2582802,7.67
u0024184:i2752688,7.67
u0024184:i2980516,7.67
u0024192:i0032551,7.28766
u0024192:i0049223,7.28766
u0024192:i0056119,7.28766
u0024192:i0062622,7.28766
u0024192:i0065528,7.28766
u0024192:i0071615,7.28766
u0024192:i0074812,7.28766
u0024192:i0082340,7.28766
u0024192:i0086567,7.28766
u0024192:i0087182,7.28766
u0024192:i0087803,7.28766
u0024192:i0088939,7.28766
u0024192:i0114746,7.28766
u0024192:i0116282,7.28766
u0024192:i0140627,7.28766
u0024192:i0180093,7.28766
u0024192:i0268978,7.28766
u0024192:i0470752,7.28766
u0024192:i0816442,7.28766
u0024192:i1100089,7.28766
u0024192:i1528100,7.28766
u0024192:i1617661,7.28766
u0024192:i1809398,7.28766
u0024192:i1823672,7.28766
u0024192:i1854564,7.28766
u0024192:i1935156,7.28766
u0024192:i2084970,7.28766
u0024192:i2177843,7.28766
u0024192:i2179136,7.28766
u0024192:i2180411,7.28766
u0024192:i2187884,7.28766
u0024192:i2223990,7.28766
u0024192:i2301592,7.28766
u0024192:i2305051,7.28766
u0024192:i2382298,7.28766
u0024192:i2561572,7.28766
u0024192:i2576852,7.28766
u0024192:i2582802,7.28766
u0024192:i2637294,7.28766
u0024192:i2708254,7.28766
u0024192:i2718492,7.28766
u0024192:i2784678,7.28766
u0024192:i2802144,7.28766
u0024192:i3268458,7.28766
u0024192:i4368814,7.28766
u0024214:i1524575,7.20915
u0024214:i1840309,7.20915
u0024214:i2381249,7.20915
u0024217:i0119174,6.83384
u0024217:i1065073,6.83384
u0024217:i1840309,6.83384
u0024217:i2582802,6.83384
u0024217:i3316960,6.83384
u0024222:i0050825,7.01267
u0024222:i0065531,7.01267
u0024222:i0100469,7.01267
u0024222:i0299658,7.01267
u0024222:i0472043,7.01267
u0024222:i0498380,7.01267
u0024222:i0816692,7.01267
u0024222:i1600196,7.01267
u0024222:i1823672,7.01267
u0024222:i1872194,7.01267
u0024222:i2084970,7.01267
u0024222:i2179136,7.01267
u0024222:i2180411,7.01267
u0024222:i2381941,7.01267
u0024222:i2562232,7.01267
u0024222:i2582802,7.01267
u0024222:i2713180,7.01267
u0024222:i2802144,7.01267
u0024222:i2911666,7.01267
u0024248:i0119472,7.37416
u0024248:i2333784,7.37416
u0024248:i3674140,7.37416
u0024261:i0050825,5.54905
u0024261:i0072890,4.53713
u0024261:i0086250,4.32901
u0024261:i0099685,5.53872
u0024261:i0114369,4.61725
u0024261:i0120586,5.10453
u0024261:i0317248,6.26507
u0024261:i0385002,6.40032
u0024261:i0780536,6.78266
u0024261:i0816692,6.15703
u0024261:i0964517,5.20921
u0024261:i1931533,5.75946
u0024261:i2177771,6.48565
u0024261:i2179116,6.74394
u0024261:i2199571,6.14722
u0024261:i2267998,6.35523
u0024261:i2562232,6.73431
u0024261:i2614684,6.03403
u0024261:i2713180,6.66619
u0024261:i2911666,6.95175
u0024271:i0435651,7.92598
u0024271:i1528100,7.92598
u0024271:i2310332,7.92598
u0024271:i2802144,7.92598
u0024274:i0057012,7.9418
u0024274:i0070544,7.9418
u0024274:i0081505,7.9418
u0024274:i0087182,7.9418
u0024274:i0093058,7.9418
u0024274:i0116629,7.9418
u0024274:i0119116,7.9418
u0024274:i0120338,7.9418
u0024274:i0120591,7.9418
u0024274:i0123755,7.9418
u0024274:i0130827,7.9418
u0024274:i0246578,7.9418
u0024274:i0287963,7.9418
u0024274:i0363771,7.9418
u0024274:i0365748,7.9418
u0024274:i0367594,7.9418
u0024274:i0379786,7.9418
u0024274:i0418586,7.9418
u0024274:i0425112,7.9418
u0024274:i0435651,7.9418
u0024274:i0472062,7.9418
u0024274:i1000774,7.9418
u0024274:i1014759,7.9418
u0024274:i1045658,7.9418
u0024274:i1099212,7.9418
u0024274:i1152398,7.9418
u0024274:i1250777,7.9418
u0024274:i1259571,7.9418
u0024274:i1261945,7.9418
u0024274:i1324999,7.9418
u0024274:i1325004,7.9418
u0024274:i1374992,7.9418
u0024274:i1392170,7.9418
u0024274:i1464540,7.9418
u0024274:i1486185,7.9418
u0024274:i1559547,7.9418
u0024274:i1735898,7.9418
u0024274:i1840309,7.9418
u0024274:i1951265,7.9418
u0024274:i2180411,7.9418
u0024274:i2310332,7.9418
u0024274:i2322441,7.9418
u0024274:i2908446,7.9418
u0024318:i0056119,8.10228
u0024318:i2326554,8.10228
u0024318:i2382298,8.10228
u0024318:i2562232,8.10228
u0024343:i0816692,6.16595
u0024343:i1587310,6.40444
u0024343:i1706620,6.40489
u0024343:i1790864,6.37277
u0024343:i2203939,6.564
u0024343:i2267998,6.37088
u0024343:i2562232,6.74143
u0024343:i2626350,4.98724
u0024343:i2980516,6.81247
u0024398:i0884732,6.52029
u0024398:i1065073,6.59632
u0024398:i1733105,5.46211
u0024398:i1872194,6.8416
u0024398:i2084970,6.60851
u0024398:i2267998,6.38657
u0024398:i2278388,6.38342
u0024398:i2381941,6.65026
u0024398:i2446042,6.78217
u0024398:i2582802,6.72179
u0024398:i2820852,6.46494
u0024398:i2980516,6.82156
u0024415:i0482571,7.22902
u0024415:i1823672,7.22902
u0024415:i2179136,7.22902
u0024415:i2820852,7.22902
u0024435:i0038650,7.69496
u0024435:i2713180,7.69496
u0024435:i2872718,7.69496
u0024470:i1121096,7.4847
u0024470:i2446042,7.4847
u0024470:i2980516,7.4847
u0024478:i1216491,7.55393
u0024478:i2170439,7.55393
u0024478:i2582802,7.55393
u0024487:i0369610,7.50187
u0024487:i0478970,7.50187
u0024487:i1816518,7.50187
u0024487:i1964418,7.50187
u0024487:i2084970,7.50187
u0024487:i2096673,7.50187
u0024504:i0369610,6.54571
u0024504:i0478970,6.26904
u0024504:i1340138,6.43577
u0024504:i1638355,6.33772
u0024504:i1655441,6.25375
u0024504:i1731701,6.50711
u0024504:i1972571,6.62953
u0024504:i1980929,6.43466
u0024504:i2088003,5.63036
u0024504:i2126355,6.79237
u0024504:i2172934,6.09426
u0024504:i2381249,6.34787
u0024504:i2493486,5.86864
u0024504:i2679042,5.95673
u0024504:i2848292,6.55721
u0024504:i3247714,6.53276
u0024504:i3622592,5.90749
u0024505:i2096673,7.60697
u0024505:i2980516,7.60697
u0024505:i3195644,7.60697
u0024549:i2452254,7.41959
u0024549:i2994190,7.41959
u0024549:i3316948,7.41959
u0024552:i0099348,8.09897
u0024552:i2338151,8.09897
u0024552:i2562232,8.09897
u0024552:i2567712,8.09897
u0024552:i2820852,8.09897
u0024552:i2911666,8.09897
u0024552:i2994190,8.09897
u0024552:i3316960,8.09897
u0024557:i0099685,7.67
u0024557:i0816692,7.67
u0024557:i1340138,7.67
u0024557:i2293640,7.67
u0024557:i2402101,7.67
u0024557:i2637276,7.67
u0024557:i3079380,7.67
u0024557:i3538766,7.67
u0024557:i3622592,7.67
u0024579:i0061722,7.05639
u0024579:i0112818,7.05639
u0024579:i0114388,7.05639
u0024579:i0369610,7.05639
u0024579:i0424880,7.05639
u0024579:i0441909,7.05639
u0024579:i0470752,7.05639
u0024579:i0478970,7.05639
u0024579:i0783233,7.05639
u0024579:i0884732,7.05639
u0024579:i0903657,7.05639
u0024579:i0976051,7.05639
u0024579:i1065073,7.05639
u0024579:i1245492,7.05639
u0024579:i1340138,7.05639
u0024579:i1392190,7.05639
u0024579:i1638355,7.05639
u0024579:i1655441,7.05639
u0024579:i1666801,7.05639
u0024579:i1674771,7.05639
u0024579:i1692486,7.05639
u0024579:i1714206,7.05639
u0024579:i1772288,7.05639
u0024579:i1821549,7.05639
u0024579:i1823672,7.05639
u0024579:i2096673,7.05639
u0024579:i2179136,7.05639
u0024579:i2199571,7.05639
u0024579:i2205697,7.05639
u0024579:i2293640,7.05639
u0024579:i2322441,7.05639
u0024579:i2370248,7.05639
u0024579:i2381249,7.05639
u0024579:i2381941,7.05639
u0024579:i2395427,7.05639
u0024579:i2503954,7.05639
u0024579:i2718492,7.05639
u0024579:i2737050,7.05639
u0024579:i2788710,7.05639
u0024579:i2802144,7.05639
u0024579:i2820852,7.05639
u0024579:i2848292,7.05639
u0024579:i2908446,7.05639
u0024579:i2911668,7.05639
u0024579:i2937898,7.05639
u0024579:i3079380,7.05639
u0024579:i3195644,7.05639
u0024579:i3316960,7.05639
u0024579:i4178092,7.05639
u0024579:i4840206,7.05639
u0024581:i0111161,6.56988
u0024581:i0244244,6.56988
u0024581:i2338151,6.56988
u0024581:i2820852,6.56988
u0024607:i0338216,8.11111
u0024607:i1371150,8.11111
u0024607:i1392190,8.11111
u0024607:i1502712,8.11111
u0024607:i1638355,8.11111
u0024607:i1655441,8.11111
u0024607:i1767372,8.11111
u0024607:i1772288,8.11111
u0024607:i2084970,8.11111
u0024607:i2139555,8.11111
u0024607:i2179136,8.11111
u0024607:i2199571,8.11111
u0024607:i2273657,8.11111
u0024607:i2293640,8.11111
u0024607:i2381941,8.11111
u0024607:i2395427,8.11111
u0024607:i2637276,8.11111
u0024607:i2652092,8.11111
u0024607:i2802144,8.11111
u0024607:i2848292,8.11111
u0024607:i2908446,8.11111
u0024607:i3045616,8.11111
u0024607:i3064298,8.11111
u0024607:i3079380,8.11111
u0024607:i3247714,8.11111
u0024656:i0120382,4.93534
u0024656:i1100089,6.71015
u0024656:i1605717,6.538
u0024656:i2084970,6.61535
u0024656:i2692904,6.94424
u0024660:i1065073,6.61555
u0024660:i1798709,6.02618
u0024660:i2278388,6.40672
u0024660:i2562232,6.74855
u0024662:i0332136,3.79527
u0024662:i0455944,6.57973
u0024662:i0816692,6.17489
u0024662:i2096672,6.79788
u0024662:i2713180,6.68277
u0024662:i2788710,6.89408
u0024667:i2884206,6.37712
u0024667:i2980516,6.83065
u0024667:i3316960,6.57604
u0024684:i1152836,4.66745
u0024684:i1542344,5.9686
u0024684:i1638355,6.36989
u0024708:i1020072,7.09403
u0024708:i2084970,7.09403
u0024708:i2088003,7.09403
u0024708:i2381941,7.09403
u0024708:i2802144,7.09403
u0024747:i0401085,7.60697
u0024747:i1242422,7.60697
u0024747:i1424432,7.60697
u0024747:i1636844,7.60697
u0024747:i1742044,7.60697
u0024747:i1777034,7.60697
u0024747:i1800241,7.60697
u0024747:i2097298,7.60697
u0024747:i2267998,7.60697
u0024747:i2294629,7.60697
u0024747:i2980516,7.60697
u0024747:i3079380,7.60697
u0024819:i0014532,7.34789
u0024819:i0063385,7.34789
u0024819:i0319061,7.34789
u0024819:i0433400,7.34789
u0024819:i1126590,7.34789
u0024819:i1217209,7.34789
u0024819:i1661199,7.34789
u0024819:i1748122,7.34789
u0024819:i3205376,7.34789
u0024819:i4003774,7.34789
u0024829:i0120265,7.04624
u0024829:i0316356,7.04624
u0024829:i0424227,7.04624
u0024829:i0470752,7.04624
u0024862:i0055981,7.41959
u0024862:i0082280,7.41959
u0024862:i0085809,7.41959
u0024862:i0460791,7.41959
u0024862:i1392190,7.41959
u0024862:i1791682,7.41959
u0024862:i2415458,7.41959
u0024862:i2562232,7.41959
u0024862:i2570858,7.41959
u0024862:i2593392,7.41959
u0024862:i2785032,7.41959
u0024862:i2802154,7.41959
u0024862:i2884206,7.41959
u0024862:i2935476,7.41959
u0024862:i2980516,7.41959
u0024862:i2991224,7.41959
u0024862:i3011894,7.41959
u0024862:i3235888,7.41959
u0024862:i3469910,7.41959
u0024862:i4257858,7.41959
u0024910:i0077405,7.26889
u0024910:i0098627,7.26889
u0024910:i0113277,7.26889
u0024910:i0166924,7.26889
u0024910:i0243133,7.26889
u0024910:i0291350,7.26889
u0024910:i0307479,7.26889
u0024910:i0327056,7.26889
u0024910:i0369610,7.26889
u0024910:i0448134,7.26889
u0024910:i0460829,7.26889
u0024910:i0470752,7.26889
u0024910:i0816692,7.26889
u0024910:i1617661,7.26889
u0024910:i1666801,7.26889
u0024910:i1951265,7.26889
u0024910:i2013293,7.26889
u0024910:i2345737,7.26889
u0024910:i2717822,7.26889
u0024910:i2718492,7.26889
u0024910:i2737050,7.26889
u0024910:i3011894,7.26889
u0024910:i3013610,7.26889
u0024910:i3169706,7.26889
u0024910:i3278330,7.26889
u0024910:i3612616,7.26889
u0024910:i4067120,7.26889
u0024917:i0118971,7.62177
u0024917:i0369610,7.62177
u0024917:i1029360,7.62177
u0024917:i1205489,7.62177
u0024917:i1392190,7.62177
u0024917:i1524930,7.62177
u0024917:i1674771,7.62177
u0024917:i1872194,7.62177
u0024917:i2084970,7.62177
u0024917:i2096673,7.62177
u0024917:i2170439,7.62177
u0024917:i2381249,7.62177
u0024917:i2381941,7.62177
u0024917:i2446042,7.62177
u0024917:i2562232,7.62177
u0024917:i2802144,7.62177
u0024917:i2820852,7.62177
u0024917:i2872718,7.62177
u0024917:i2980516,7.62177
u0024917:i4044364,7.62177
u0024919:i0105236,5.51769
u0024919:i0440963,5.88615
u0024919:i1074638,6.09829
u0024919:i1201607,5.25705
u0024919:i2179136,6.76061
u0024919:i2820852,6.47346
u0024948:i0369610,7.72486
u0024948:i1823672,7.72486
u0024948:i2582802,7.72486
u0024948:i2785032,7.72486
u0024952:i0107290,5.81157
u0024952:i0120735,3.65981
u0024952:i0137523,5.07033
u0024952:i0144084,5.03062
u0024952:i0308644,5.13723
u0024952:i0369610,6.55284
u0024952:i0431308,2.7123
u0024952:i0780511,6.02554
u0024952:i0825232,5.30337
u0024952:i0959337,5.54092
u0024952:i1175709,6.9119
u0024952:i1368443,0
u0024952:i1392190,6.34797
u0024952:i1661199,6.62587
u0024952:i1924394,3.96299
u0024952:i2096673,6.58781
u0024952:i2145514,0
u0024952:i2381941,6.66235
u0024952:i2395427,6.70633
u0024952:i2555736,6.88182
u0024952:i2908446,6.35359
u0024952:i2937898,6.72223
u0024952:i3472226,6.31102
u0024952:i3642618,0
u0024952:i3787590,4.17892
u0024970:i0114814,7.62401
u0024970:i0421073,7.62401
u0024970:i0431197,7.62401
u0024970:i2713180,7.62401
u0025000:i0040725,4.98572
u0025000:i0816692,6.18383
u0025000:i2326554,6.22084
u0025033:i0104575,0
u0025033:i0161100,0
u0025033:i0250274,0
u0025033:i0425253,0
u0025047:i0371746,5.70922
u0025047:i0430922,5.44964
u0025047:i0475276,3.92525
u0025047:i1392190,6.35334
u0025047:i1462758,5.43635
u0025047:i1703199,6.1292
u0025047:i2279373,6.77949
u0025047:i2310332,6.62968
u0025047:i2359024,6.85857
u0025047:i2561572,6.58278
u0025047:i2614684,6.09261
u0025047:i2844798,5.99827
u0025047:i2935476,6.31496
u0025047:i3139538,5.3528
u0025047:i3532608,5.78498
u0025047:i3713166,6.16583
u0025065:i1014763,7.67
u0025065:i1047011,7.67
u0025065:i1392190,7.67
u0025065:i1675434,7.67
u0025065:i1810683,7.67
u0025081:i0056592,7.89127
u0025081:i0071315,7.89127
u0025081:i0077405,7.89127
u0025081:i0156887,7.89127
u0025081:i0470752,7.89127
u0025081:i0816692,7.89127
u0025081:i1392190,7.89127
u0025081:i1454468,7.89127
u0025081:i2096672,7.89127
u0025081:i2911666,7.89127
u0025096:i0816692,6.1928
u0025096:i1086772,5.95974
u0025096:i1211956,5.97662
u0025096:i1535108,5.76586
u0025096:i2015381,6.44272
u0025096:i2039393,6.49182
u0025096:i2096672,6.84319
u0025096:i2267998,6.4023
u0025096:i2278388,6.4301
u0025096:i2562232,6.75569
u0025096:i2784678,6.73221
u0025096:i2802136,6.72721
u0025096:i2872718,6.76625
u0025096:i2911666,6.96727
u0025096:i2937898,6.76178
u0025101:i1343092,8.155
u0025101:i1528100,8.155
u0025101:i1823672,8.155
u0025101:i2179136,8.155
u0025101:i2381941,8.155
u0025101:i2562232,8.155
u0025101:i2713180,8.155
u0025101:i2802144,8.155
u0025145:i0290334,7.50908
u0025145:i0376994,7.50908
u0025145:i0458525,7.50908
u0025145:i0993846,7.50908
u0025145:i1392170,7.50908
u0025153:i0355295,7.90696
u0025153:i0411061,7.90696
u0025153:i0460780,7.90696
u0025153:i0480249,7.90696
u0025153:i0831387,7.90696
u0025153:i0988047,7.90696
u0025153:i1024648,7.90696
u0025153:i1418377,7.90696
u0025153:i1617661,7.90696
u0025153:i1634122,7.90696
u0025153:i1935302,7.90696
u0025153:i1959490,7.90696
u0025153:i2395427,7.90696
u0025153:i2401097,7.90696
u0025153:i2474972,7.90696
u0025153:i2820852,7.90696
u0025153:i2911666,7.90696
u0025167:i0470752,7.27494
u0025167:i0816692,7.27494
u0025167:i2267998,7.27494
u0025167:i2883512,7.27494
u0025167:i3168230,7.27494
u0025167:i3759416,7.27494
u0025178:i0066026,7.60697
u0025178:i0369610,7.60697
u0025178:i1020072,7.60697
u0025178:i1392190,7.60697
u0025178:i2179136,7.60697
u0025178:i2381249,7.60697
u0025178:i2820852,7.60697
u0025178:i2872718,7.60697
u0025201:i0105323,3.98979
u0025201:i0118715,6.11587
u0025201:i0119488,5.48531
u0025201:i0264464,4.99161
u0025201:i0476964,6.2136
u0025201:i0816692,6.20177
u0025201:i2872718,6.77738
u0025209:i0114814,4.90799
u0025209:i0402399,0
u0025209:i0431308,3.05134
u0025209:i0453467,7.01061
u0025209:i0454848,5.5221
u0025209:i0478970,6.27946
u0025209:i0783233,3.94414
u0025209:i0979434,0
u0025209:i1206543,6.71114
u0025209:i1392190,6.35871
u0025209:i1418754,5.9052
u0025209:i1772264,7.03373
u0025209:i1881002,6.40804
u0025209:i1924396,6.1449
u0025209:i2402101,6.07329
u0025209:i2438644,5.57866
u0025209:i3042408,5.23983
u0025209:i3253930,6.27621
u0025209:i3541262,5.93119
u0025229:i0438315,7.37478
u0025229:i0470752,7.37478
u0025229:i0765010,7.37478
u0025229:i0816692,7.37478
u0025229:i1104806,7.37478
u0025229:i1126590,7.37478
u0025229:i1392190,7.37478
u0025229:i1528071,7.37478
u0025229:i1535108,7.37478
u0025229:i1655441,7.37478
u0025229:i1661199,7.37478
u0025229:i1823664,7.37478
u0025229:i1823672,7.37478
u0025229:i1840309,7.37478
u0025229:i2084970,7.37478
u0025229:i2095649,7.37478
u0025229:i2120120,7.37478
u0025229:i2140379,7.37478
u0025229:i2141751,7.37478
u0025229:i2179136,7.37478
u0025229:i2273657,7.37478
u0025229:i2350892,7.37478
u0025229:i2397535,7.37478
u0025229:i2479800,7.37478
u0025229:i2582802,7.37478
u0025229:i2802144,7.37478
u0025229:i2870648,7.37478
u0025229:i2870708,7.37478
u0025229:i2872718,7.37478
u0025229:i3179568,7.37478
u0025229:i3316960,7.37478
u0025229:i3442006,7.37478
u0025267:i0050783,7.3391
u0025267:i0061722,7.3391
u0025267:i0071115,7.3391
u0025267:i0412019,7.3391
u0025267:i0421238,7.3391
u0025267:i1020072,7.3391
u0025267:i1103275,7.3391
u0025267:i2359024,7.3391
u0025267:i2652092,7.3391
u0025267:i2802144,7.3391
u0025267:i3235888,7.3391
u0025267:i3655522,7.3391
u0025268:i0369610,6.95423
u0025268:i1100089,6.95423
u0025268:i1109624,6.95423
u0025268:i1392190,6.95423
u0025268:i1650048,6.95423
u0025268:i1791528,6.95423
u0025268:i1843866,6.95423
u0025268:i1951265,6.95423
u0025268:i2084970,6.95423
u0025268:i2170593,6.95423
u0025268:i2305051,6.95423
u0025268:i2310332,6.95423
u0025268:i2395427,6.95423
u0025268:i2582802,6.95423
u0025268:i2802144,6.95423
u0025268:i2820852,6.95423
u0025268:i2872718,6.95423
u0025268:i2980516,6.95423
u0025268:i3011894,6.95423
u0025268:i3079380,6.95423
u0025268:i3186946,6.95423
u0025277:i1216491,7.02724
u0025277:i1823672,7.02724
u0025277:i2084970,7.02724
u0025277:i2278388,7.02724
u0025277:i2582802,7.02724
u0025277:i2910814,7.02724
u0025296:i0327056,7.80447
u0025296:i1496422,7.80447
u0025296:i1631867,7.80447
u0025303:i0060522,1.99055
u0025303:i0478970,6.28989
u0025303:i1250777,5.75634
u0025303:i1340138,6.45121
u0025303:i1650554,6.55519
u0025303:i1655441,6.27991
u0025303:i1674771,6.48076
u0025303:i1972571,6.7523
u0025303:i1980929,6.50032
u0025303:i2058107,6.50714
u0025303:i2096673,6.60219
u0025303:i2224026,6.68375
u0025303:i2273657,5.95346
u0025303:i2293640,6.4926
u0025303:i2381249,6.35922
u0025303:i2820852,6.48199
u0025303:i3168230,6.86836
u0025303:i3825638,5.78948
u0025303:i4382552,6.14577
u0025400:i0089530,7.60697
u0025400:i0139414,7.60697
u0025400:i0172156,7.60697
u0025400:i0302886,7.60697
u0025400:i0325710,7.60697
u0025400:i0369610,7.60697
u0025400:i0455944,7.60697
u0025400:i0816692,7.60697
u0025400:i1245492,7.60697
u0025400:i1250777,7.60697
u0025400:i1291150,7.60697
u0025400:i1600196,7.60697
u0025400:i1617661,7.60697
u0025400:i1631867,7.60697
u0025400:i1790864,7.60697
u0025400:i2015381,7.60697
u0025400:i2103281,7.60697
u0025400:i2109248,7.60697
u0025400:i2209764,7.60697
u0025400:i2267998,7.60697
u0025400:i2515030,7.60697
u0025400:i2562232,7.60697
u0025400:i2788710,7.60697
u0025400:i2872718,7.60697
u0025400:i2911666,7.60697
u0025405:i0206634,5.40888
u0025405:i0824747,5.42007
u0025405:i2802144,6.56306
u0025405:i2935476,6.42199
u0025405:i3181822,6.62245
u0025405:i3247714,6.6176
u0025434:i0816692,7.60697
u0025434:i0829150,7.60697
u0025434:i1109624,7.60697
u0025434:i1674771,7.60697
u0025434:i1881002,7.60697
u0025434:i2245084,7.60697
u0025434:i2397535,7.60697
u0025434:i2582496,7.60697
u0025434:i2788556,7.60697
u0025434:i2870648,7.60697
u0025434:i3079380,7.60697
u0025434:i3168230,7.60697
u0025451:i0324554,7.50908
u0025451:i0365907,7.50908
u0025451:i0470752,7.50908
u0025451:i0816692,7.50908
u0025451:i0829150,7.50908
u0025451:i1211956,7.50908
u0025451:i1291150,7.50908
u0025451:i1600196,7.50908
u0025451:i1790864,7.50908
u0025451:i1872194,7.50908
u0025451:i1951265,7.50908
u0025451:i2084970,7.50908
u0025451:i2103281,7.50908
u0025451:i2106361,7.50908
u0025451:i2179136,7.50908
u0025451:i2199571,7.50908
u0025451:i2209764,7.50908
u0025451:i2224026,7.50908
u0025451:i2245084,7.50908
u0025451:i2310332,7.50908
u0025451:i2446042,7.50908
u0025451:i2582802,7.50908
u0025451:i2692250,7.50908
u0025451:i2802144,7.50908
u0025451:i2820852,7.50908
u0025451:i2872732,7.50908
u0025451:i2908446,7.50908
u0025451:i3322940,7.50908
u0025477:i0461770,7.55195
u0025477:i1001508,7.55195
u0025477:i1666801,7.55195
u0025489:i1065073,7.34789
u0025489:i2084970,7.34789
u0025489:i2179136,7.34789
u0025489:i2322441,7.34789
u0025489:i2562232,7.34789
u0025489:i2582802,7.34789
u0025489:i2980516,7.34789
u0025505:i0264464,7.62401
u0025505:i0421715,7.62401
u0025505:i0443706,7.62401
u0025505:i0488120,7.62401
u0025505:i0816692,7.62401
u0025505:i1670345,7.62401
u0025505:i1872194,7.62401
u0025505:i1971352,7.62401
u0025505:i2084970,7.62401
u0025505:i2262227,7.62401
u0025505:i2397535,7.62401
u0025505:i2965412,7.62401
u0025505:i3416742,7.62401
u0025511:i0478970,6.65833
u0025511:i1392190,6.65833
u0025511:i1791682,6.65833
u0025511:i1823672,6.65833
u0025511:i2084970,6.65833
u0025511:i2268016,6.65833
u0025511:i2381249,6.65833
u0025511:i2395427,6.65833
u0025521:i0070511,6.65571
u0025521:i0087884,6.65571
u0025521:i0091251,6.65571
u0025521:i0117951,6.65571
u0025521:i0118749,6.65571
u0025521:i0320193,6.65571
u0025521:i0338013,6.65571
u0025521:i0338095,6.65571
u0025521:i0340377,6.65571
u0025521:i0373469,6.65571
u0025521:i0374546,6.65571
u0025521:i0405296,6.65571
u0025521:i0435651,6.65571
u0025521:i0762073,6.65571
u0025521:i0770802,6.65571
u0025521:i0780536,6.65571
u0025521:i0783238,6.65571
u0025521:i0810784,6.65571
u0025521:i0829150,6.65571
u0025521:i0898367,6.65571
u0025521:i0907657,6.65571
u0025521:i0918927,6.65571
u0025521:i0929632,6.65571
u0025521:i0936501,6.65571
u0025521:i0959337,6.65571
u0025521:i0986233,6.65571
u0025521:i0997246,6.65571
u0025521:i1029234,6.65571
u0025521:i1125849,6.65571
u0025521:i1126590,6.65571
u0025521:i1128075,6.65571
u0025521:i1139797,6.65571
u0025521:i1149362,6.65571
u0025521:i1164999,6.65571
u0025521:i1179031,6.65571
u0025521:i1206543,6.65571
u0025521:i1226236,6.65571
u0025521:i1232207,6.65571
u0025521:i1235166,6.65571
u0025521:i1252610,6.65571
u0025521:i1330591,6.65571
u0025521:i1355630,6.65571
u0025521:i1371574,6.65571
u0025521:i1397280,6.65571
u0025521:i1440292,6.65571
u0025521:i1490017,6.65571
u0025521:i1528071,6.65571
u0025521:i1528100,6.65571
u0025521:i1600196,6.65571
u0025521:i1613750,6.65571
u0025521:i1638002,6.65571
u0025521:i1654523,6.65571
u0025521:i1655442,6.65571
u0025521:i1706620,6.65571
u0025521:i1714206,6.65571
u0025521:i1726592,6.65571
u0025521:i1742334,6.65571
u0025521:i1809398,6.65571
u0025521:i1823672,6.65571
u0025521:i1825157,6.65571
u0025521:i1911658,6.65571
u0025521:i1932767,6.65571
u0025521:i1951265,6.65571
u0025521:i1972571,6.65571
u0025521:i1980929,6.65571
u0025521:i2034031,6.65571
u0025521:i2084970,6.65571
u0025521:i2141751,6.65571
u0025521:i2165735,6.65571
u0025521:i2167266,6.65571
u0025521:i2170439,6.65571
u0025521:i2170593,6.65571
u0025521:i2172584,6.65571
u0025521:i2177771,6.65571
u0025521:i2179136,6.65571
u0025521:i2187115,6.65571
u0025521:i2193215,6.65571
u0025521:i2209764,6.65571
u0025521:i2245084,6.65571
u0025521:i2265171,6.65571
u0025521:i2281587,6.65571
u0025521:i2304426,6.65571
u0025521:i2305051,6.65571
u0025521:i2333804,6.65571
u0025521:i2345737,6.65571
u0025521:i2357291,6.65571
u0025521:i2357377,6.65571
u0025521:i2368672,6.65571
u0025521:i2388715,6.65571
u0025521:i2389182,6.65571
u0025521:i2395427,6.65571
u0025521:i2398231,6.65571
u0025521:i2465578,6.65571
u0025521:i2562232,6.65571
u0025521:i2582802,6.65571
u0025521:i2692250,6.65571
u0025521:i2713180,6.65571
u0025521:i2788710,6.65571
u0025521:i2802144,6.65571
u0025521:i2802154,6.65571
u0025521:i2820852,6.65571
u0025521:i2872718,6.65571
u0025521:i2883512,6.65571
u0025521:i2910814,6.65571
u0025521:i2911666,6.65571
u0025521:i2980592,6.65571
u0025521:i3007512,6.65571
u0025521:i3011894,6.65571
u0025521:i3612616,6.65571
u0025521:i3698408,6.65571
u0025558:i0055031,6.89727
u0025558:i0061512,6.89727
u0025558:i0094737,6.89727
u0025558:i0102536,6.89727
u0025558:i0265459,6.89727
u0025558:i0907657,6.89727
u0025558:i1255953,6.89727
u0025558:i1809398,6.89727
u0025558:i1840417,6.89727
u0025558:i1931533,6.89727
u0025558:i2084970,6.89727
u0025558:i2267998,6.89727
u0025558:i2473794,6.89727
u0025558:i2562232,6.89727
u0025558:i2820852,6.89727
u0025561:i0132477,7.92598
u0025561:i0230600,7.92598
u0025561:i1392190,7.92598
u0025561:i1512685,7.92598
u0025561:i1683526,7.92598
u0025561:i1798684,7.92598
u0025561:i2918436,7.92598
u0025563:i0369610,6.55997
u0025563:i1109624,6.73033
u0025563:i2084970,6.62221
u0025563:i2180411,6.58174
u0025563:i2397535,6.6675
u0025563:i2820852,6.49053
u0025563:i3079380,6.30148
u0025585:i0093058,7.50921
u0025585:i0369610,7.50921
u0025585:i0470752,7.50921
u0025585:i0829150,7.50921
u0025585:i1340138,7.50921
u0025585:i1386703,7.50921
u0025585:i1392190,7.50921
u0025585:i1398426,7.50921
u0025585:i1490017,7.50921
u0025585:i2126355,7.50921
u0025585:i2199571,7.50921
u0025585:i2395427,7.50921
u0025585:i2397535,7.50921
u0025585:i2436386,7.50921
u0025585:i2446042,7.50921
u0025585:i2561572,7.50921
u0025585:i2582802,7.50921
u0025585:i2820852,7.50921
u0025585:i2937898,7.50921
u0025587:i1392190,8.07297
u0025587:i2395427,8.07297
u0025587:i3472226,8.07297
u0025589:i0100157,6.54735
u0025589:i0102926,6.54735
u0025589:i0114814,6.54735
u0025589:i0118749,6.54735
u0025589:i0120787,6.54735
u0025589:i0369610,6.54735
u0025589:i0455944,6.54735
u0025589:i1032755,6.54735
u0025589:i1392190,6.54735
u0025589:i1446714,6.54735
u0025589:i1809398,6.54735
u0025589:i1837613,6.54735
u0025589:i1872194,6.54735
u0025589:i2004420,6.54735
u0025589:i2170439,6.54735
u0025589:i2381941,6.54735
u0025589:i2446042,6.54735
u0025589:i2446600,6.54735
u0025589:i2614684,6.54735
u0025589:i3097204,6.54735
u0025589:i3442006,6.54735
u0025589:i3640226,6.54735
u0025602:i1921149,8.11235
u0025602:i2167266,8.11235
u0025602:i2400275,8.11235
u0025602:i2576852,8.11235
u0025602:i2667960,8.11235
u0025602:i2935476,8.11235
u0025602:i3009070,8.11235
u0025602:i3164198,8.11235
u0025602:i3314376,8.11235
u0025602:i3547740,8.11235
u0025602:i4458206,8.11235
u0025605:i0075148,7.15328
u0025605:i0079817,7.15328
u0025605:i0271367,7.15328
u0025605:i0297144,7.15328
u0025605:i0361748,7.15328
u0025605:i0369610,7.15328
u0025605:i0384806,7.15328
u0025605:i0441773,7.15328
u0025605:i0443706,7.15328
u0025605:i0470752,7.15328
u0025605:i0816692,7.15328
u0025605:i0892769,7.15328
u0025605:i0975645,7.15328
u0025605:i1029360,7.15328
u0025605:i1065073,7.15328
u0025605:i1109624,7.15328
u0025605:i1204977,7.15328
u0025605:i1291584,7.15328
u0025605:i1392190,7.15328
u0025605:i1528100,7.15328
u0025605:i1591095,7.15328
u0025605:i1600196,7.15328
u0025605:i1631867,7.15328
u0025605:i1767382,7.15328
u0025605:i1798684,7.15328
u0025605:i1809398,7.15328
u0025605:i1823672,7.15328
u0025605:i1945044,7.15328
u0025605:i2084970,7.15328
u0025605:i2096672,7.15328
u0025605:i2126355,7.15328
u0025605:i2179136,7.15328
u0025605:i2180411,7.15328
u0025605:i2226417,7.15328
u0025605:i2245084,7.15328
u0025605:i2251281,7.15328
u0025605:i2279373,7.15328
u0025605:i2290709,7.15328
u0025605:i2305051,7.15328
u0025605:i2316411,7.15328
u0025605:i2322441,7.15328
u0025605:i2354205,7.15328
u0025605:i2361184,7.15328
u0025605:i2363449,7.15328
u0025605:i2377322,7.15328
u0025605:i2386278,7.15328
u0025605:i2582802,7.15328
u0025605:i2626102,7.15328
u0025605:i2713180,7.15328
u0025605:i2872718,7.15328
u0025605:i2911666,7.15328
u0025605:i2966760,7.15328
u0025605:i3033948,7.15328
u0025605:i3322940,7.15328
u0025605:i3326366,7.15328
u0025605:i3387648,7.15328
u0025605:i3416742,7.15328
u0025605:i3442006,7.15328
u0025605:i3455224,7.15328
u0025605:i3472226,7.15328
u0025605:i3520418,7.15328
u0025605:i3892434,7.15328
u0025605:i4134784,7.15328
u0025606:i0455944,8.02834
u0025606:i1872194,8.02834
u0025606:i2267998,8.02834
u0025611:i0470752,7.60697
u0025611:i1020072,7.60697
u0025611:i1204977,7.60697
u0025611:i1259521,7.60697
u0025611:i1457767,7.60697
u0025611:i1582507,7.60697
u0025611:i1840309,7.60697
u0025611:i1939659,7.60697
u0025611:i2023587,7.60697
u0025611:i2059171,7.60697
u0025611:i2180411,7.60697
u0025611:i2282016,7.60697
u0025611:i2334896,7.60697
u0025611:i2339741,7.60697
u0025611:i2388715,7.60697
u0025611:i2781832,7.60697
u0025611:i2784678,7.60697
u0025611:i2908446,7.60697
u0025611:i2980592,7.60697
u0025611:i4044364,7.60697
u0025616:i0033467,7.90462
u0025616:i0066921,7.90462
u0025616:i0095953,7.90462
u0025616:i0102926,7.90462
u0025616:i0104348,7.90462
u0025616:i0107818,7.90462
u0025616:i0116282,7.90462
u0025616:i0120731,7.90462
u0025616:i0169547,7.90462
u0025616:i0307901,7.90462
u0025616:i0335266,7.90462
u0025616:i0352248,7.90462
u0025616:i0411061,7.90462
u0025616:i0783233,7.90462
u0025616:i0816692,7.90462
u0025616:i1020072,7.90462
u0025616:i1100089,7.90462
u0025616:i1175709,7.90462
u0025616:i1392190,7.90462
u0025616:i2084970,7.90462
u0025616:i2096672,7.90462
u0025616:i2310332,7.90462
u0025616:i2562232,7.90462
u0025616:i2582802,7.90462
u0025616:i2872718,7.90462
u0025616:i2884206,7.90462
u0025616:i2980516,7.90462
u0025616:i3007512,7.90462
u0025616:i3538766,7.90462
u0025617:i0063385,7.41959
u0025617:i0107614,7.41959
u0025617:i0161081,7.41959
u0025617:i1091191,7.41959
u0025617:i2310332,7.41959
u0025625:i0114369,7.72229
u0025625:i0196708,7.72229
u0025625:i2267998,7.72229
u0025678:i0084707,8.04829
u0025678:i0111742,8.04829
u0025678:i0470752,8.04829
u0025678:i0762110,8.04829
u0025678:i0829150,8.04829
u0025678:i1190536,8.04829
u0025678:i1311071,8.04829
u0025678:i1440345,8.04829
u0025678:i1538403,8.04829
u0025678:i1675434,8.04829
u0025678:i1894476,8.04829
u0025678:i2167266,8.04829
u0025678:i2381941,8.04829
u0025678:i3011894,8.04829
u0025678:i3063516,8.04829
u0025678:i3079380,8.04829
u0025692:i0056592,7.54836
u0025692:i0073486,7.54836
u0025692:i0482571,7.54836
u0025692:i2293640,7.54836
u0025694:i0061791,7.22242
u0025694:i0248845,7.22242
u0025694:i0900387,7.22242
u0025694:i0907657,7.22242
u0025694:i1014763,7.22242
u0025694:i1065073,7.22242
u0025694:i1126590,7.22242
u0025694:i1198156,7.22242
u0025694:i1655441,7.22242
u0025694:i1809398,7.22242
u0025694:i1921149,7.22242
u0025694:i2042568,7.22242
u0025694:i2084970,7.22242
u0025694:i2180411,7.22242
u0025694:i2267998,7.22242
u0025694:i2278388,7.22242
u0025694:i2305051,7.22242
u0025694:i2381941,7.22242
u0025694:i2452254,7.22242
u0025694:i2562232,7.22242
u0025694:i2582802,7.22242
u0025694:i2713180,7.22242
u0025694:i2848292,7.22242
u0025694:i2870756,7.22242
u0025694:i2937898,7.22242
u0025694:i2980516,7.22242
u0025694:i3079380,7.22242
u0025694:i3152624,7.22242
u0025694:i3316960,7.22242
u0025694:i3442990,7.22242
u0025694:i4229236,7.22242
u0025700:i0088763,7.73968
u0025700:i0096874,7.73968
u0025700:i0099088,7.73968
u0025700:i0964517,7.73968
u0025700:i1392190,7.73968
u0025700:i2267998,7.73968
u0025700:i2395427,7.73968
u0025700:i2820852,7.73968
u0025700:i3007512,7.73968
u0025722:i0066921,7.67
u0025722:i0070735,7.67
u0025722:i0088847,7.67
u0025722:i0105151,7.67
u0025722:i0113118,7.67
u0025722:i0118715,7.67
u0025722:i0119217,7.67
u0025722:i0120889,7.67
u0025722:i0434409,7.67
u0025722:i0454848,7.67
u0025722:i0478970,7.67
u0025722:i0765443,7.67
u0025722:i0816692,7.67
u0025722:i0993846,7.67
u0025722:i1020072,7.67
u0025722:i1340138,7.67
u0025722:i1392190,7.67
u0025722:i1723811,7.67
u0025722:i1772250,7.67
u0025722:i1791528,7.67
u0025722:i2042568,7.67
u0025722:i2096673,7.67
u0025722:i2179136,7.67
u0025722:i2316411,7.67
u0025722:i2381941,7.67
u0025722:i2567712,7.67
u0025722:i2582802,7.67
u0025722:i2713180,7.67
u0025722:i2718492,7.67
u0025722:i2937898,7.67
u0025722:i3045616,7.67
u0025722:i3203616,7.67
u0025732:i0478970,7.71055
u0025732:i1638355,7.71055
u0025732:i2381249,7.71055
u0025732:i3152624,7.71055
u0025782:i0091148,7.92598
u0025782:i0092099,7.92598
u0025782:i0094889,7.92598
u0025782:i0096193,7.92598
u0025782:i0097815,7.92598
u0025782:i0098439,7.92598
u0025782:i0107798,7.92598
u0025782:i0109830,7.92598
u0025782:i0112442,7.92598
u0025782:i0112966,7.92598
u0025782:i0114369,7.92598
u0025782:i0119488,7.92598
u0025782:i0125439,7.92598
u0025782:i0128853,7.92598
u0025782:i0129290,7.92598
u0025782:i0133093,7.92598
u0025782:i0135007,7.92598
u0025782:i0145681,7.92598
u0025782:i0164184,7.92598
u0025782:i0172495,7.92598
u0025782:i0240772,7.92598
u0025782:i0296572,7.92598
u0025782:i0299658,7.92598
u0025782:i0325710,7.92598
u0025782:i0361748,7.92598
u0025782:i0369610,7.92598
u0025782:i0371746,7.92598
u0025782:i0372784,7.92598
u0025782:i0381061,7.92598
u0025782:i0386588,7.92598
u0025782:i0454921,7.92598
u0025782:i0455944,7.92598
u0025782:i0458339,7.92598
u0025782:i0458413,7.92598
u0025782:i0478724,7.92598
u0025782:i0478970,7.92598
u0025782:i0496806,7.92598
u0025782:i0499549,7.92598
u0025782:i0758758,7.92598
u0025782:i0800369,7.92598
u0025782:i0816692,7.92598
u0025782:i0830515,7.92598
u0025782:i0878804,7.92598
u0025782:i0936501,7.92598
u0025782:i0988045,7.92598
u0025782:i0988595,7.92598
u0025782:i1010048,7.92598
u0025782:i1013752,7.92598
u0025782:i1041829,7.92598
u0025782:i1111422,7.92598
u0025782:i1119646,7.92598
u0025782:i1130884,7.92598
u0025782:i1142988,7.92598
u0025782:i1188988,7.92598
u0025782:i1193138,7.92598
u0025782:i1228705,7.92598
u0025782:i1229238,7.92598
u0025782:i1282140,7.92598
u0025782:i1291150,7.92598
u0025782:i1318514,7.92598
u0025782:i1320253,7.92598
u0025782:i1411697,7.92598
u0025782:i1412386,7.92598
u0025782:i1480295,7.92598
u0025782:i1706620,7.92598
u0025782:i1764651,7.92598
u0025782:i1872194,7.92598
u0025782:i1911658,7.92598
u0025782:i2002718,7.92598
u0025782:i2004420,7.92598
u0025782:i2015381,7.92598
u0025782:i2097298,7.92598
u0025782:i2103267,7.92598
u0025782:i2172934,7.92598
u0025782:i2182256,7.92598
u0025782:i2239832,7.92598
u0025782:i2247476,7.92598
u0025782:i2294449,7.92598
u0025782:i2305051,7.92598
u0025782:i2319018,7.92598
u0025782:i2342207,7.92598
u0025782:i2369135,7.92598
u0025782:i2381249,7.92598
u0025782:i2381941,7.92598
u0025782:i2395427,7.92598
u0025782:i2446042,7.92598
u0025782:i2463288,7.92598
u0025782:i2465146,7.92598
u0025782:i2555736,7.92598
u0025782:i2582846,7.92598
u0025782:i2713180,7.92598
u0025782:i2717822,7.92598
u0025782:i2802144,7.92598
u0025782:i2820852,7.92598
u0025782:i3173524,7.92598
u0025782:i3421514,7.92598
u0025782:i3614394,7.92598
u0025814:i0478970,7.23552
u0025814:i1065073,7.23552
u0025814:i1285016,7.23552
u0025814:i1340138,7.23552
u0025814:i1823672,7.23552
u0025814:i1850397,7.23552
u0025814:i1945084,7.23552
u0025814:i2084970,7.23552
u0025814:i2179136,7.23552
u0025814:i2245084,7.23552
u0025814:i2322441,7.23552
u0025814:i2381941,7.23552
u0025814:i2562232,7.23552
u0025814:i2582802,7.23552
u0025814:i2802144,7.23552
u0025814:i2820852,7.23552
u0025814:i2980516,7.23552
u0025814:i3045616,7.23552
u0025821:i0114369,7.45814
u0025821:i0120586,7.45814
u0025821:i0120815,7.45814
u0025821:i0172495,7.45814
u0025821:i0385752,7.45814
u0025821:i0429493,7.45814
u0025821:i0450259,7.45814
u0025821:i0455407,7.45814
u0025821:i0455824,7.45814
u0025821:i0478087,7.45814
u0025821:i0482571,7.45814
u0025821:i0756683,7.45814
u0025821:i0816462,7.45814
u0025821:i0816692,7.45814
u0025821:i0822854,7.45814
u0025821:i1528100,7.45814
u0025821:i1924429,7.45814
u0025821:i2039393,7.45814
u0025821:i2084970,7.45814
u0025821:i2446042,7.45814
u0025821:i2557490,7.45814
u0025821:i2562232,7.45814
u0025821:i2713180,7.45814
u0025821:i2911666,7.45814
u0025821:i2980592,7.45814
u0025840:i0478970,6.30034
u0025840:i1798684,6.14671
u0025840:i3079380,6.31663
u0025851:i0369610,7.97525
u0025851:i0765429,7.97525
u0025851:i1392190,7.97525
u0025851:i1606378,7.97525
u0025851:i1881002,7.97525
u0025851:i2262227,7.97525
u0025851:i2802144,7.97525
u0025851:i3045616,7.97525
u0025851:i3220192,7.97525
u0025851:i3472226,7.97525
u0025856:i0074285,6.83384
u0025856:i0086541,6.83384
u0025856:i2339741,6.83384
u0025856:i3085500,6.83384
u0025881:i0120647,7.60697
u0025881:i0128853,7.60697
u0025881:i0212720,7.60697
u0025902:i0369610,6.5671
u0025902:i1340138,6.46668
u0025902:i1392190,6.36408
u0025902:i1502712,6.27821
u0025902:i1964418,6.39056
u0025902:i2096673,6.61661
u0025902:i2224026,6.72527
u0025902:i2381249,6.3706
u0025902:i2395427,6.7136
u0025902:i2802144,6.56926
u0025902:i3079380,6.33182
u0025920:i2401807,7.60697
u0025920:i2562232,7.60697
u0025920:i2911666,7.60697
u0025946:i0369610,7.60697
u0025946:i1951265,7.60697
u0025946:i2467046,7.60697
u0025946:i2872732,7.60697
u0025958:i0455944,7.60697
u0025958:i0472043,7.60697
u0025958:i2267998,7.60697
u0025958:i3097204,7.60697
u0025970:i0109642,0
u0025970:i0183659,0
u0025970:i1126590,6.90408
u0025970:i1579361,3.26271
u0025970:i1809398,6.59195
u0025970:i2014248,0
u0025970:i3720794,0
u0025986:i1638355,7.50908
u0025986:i2096673,7.50908
u0025986:i2234003,7.50908
u0025986:i2870648,7.50908
u0025986:i3674140,7.50908
u0025986:i4136056,7.50908
u0025997:i0050798,7.542
u0025997:i0107614,7.542
u0025997:i0108037,7.542
u0025997:i0119177,7.542
u0025997:i0140352,7.542
u0025997:i0150377,7.542
u0025997:i0289992,7.542
u0025997:i0367594,7.542
u0025997:i0369610,7.542
u0025997:i0430922,7.542
u0025997:i0450259,7.542
u0025997:i0470752,7.542
u0025997:i0816692,7.542
u0025997:i0816711,7.542
u0025997:i0884732,7.542
u0025997:i1065073,7.542
u0025997:i1100089,7.542
u0025997:i1109624,7.542
u0025997:i1126590,7.542
u0025997:i1193138,7.542
u0025997:i1216491,7.542
u0025997:i1286537,7.542
u0025997:i1355630,7.542
u0025997:i1371150,7.542
u0025997:i1392190,7.542
u0025997:i1398426,7.542
u0025997:i1458175,7.542
u0025997:i1517260,7.542
u0025997:i1666801,7.542
u0025997:i1698641,7.542
u0025997:i1704573,7.542
u0025997:i1791682,7.542
u0025997:i1809398,7.542
u0025997:i1823672,7.542
u0025997:i1872194,7.542
u0025997:i1951265,7.542
u0025997:i1964418,7.542
u0025997:i2015381,7.542
u0025997:i2084970,7.542
u0025997:i2096672,7.542
u0025997:i2096673,7.542
u0025997:i2103281,7.542
u0025997:i2126355,7.542
u0025997:i2183034,7.542
u0025997:i2194499,7.542
u0025997:i2245084,7.542
u0025997:i2267998,7.542
u0025997:i2305051,7.542
u0025997:i2333784,7.542
u0025997:i2358925,7.542
u0025997:i2381941,7.542
u0025997:i2395427,7.542
u0025997:i2397535,7.542
u0025997:i2404425,7.542
u0025997:i2436386,7.542
u0025997:i2446042,7.542
u0025997:i2557490,7.542
u0025997:i2562232,7.542
u0025997:i2582802,7.542
u0025997:i2637294,7.542
u0025997:i2713180,7.542
u0025997:i2848292,7.542
u0025997:i2883434,7.542
u0025997:i2908446,7.542
u0025997:i2911666,7.542
u0025997:i2980516,7.542
u0025997:i2980648,7.542
u0025997:i3152624,7.542
u0025997:i3316960,7.542
u0025997:i4257858,7.542
u0026052:i0120591,6.23024
u0026052:i0458352,5.50887
u0026052:i0482571,4.31052
u0026052:i1638355,6.40223
u0026052:i1781922,6.05563
u0026052:i2381249,6.382
u0026052:i3416742,6.85153
u0026057:i0072417,0
u0026057:i0083922,2.53566
u0026057:i0091167,5.10383
u0026057:i0093713,0
u0026057:i0099077,6.72448
u0026057:i0100157,6.17235
u0026057:i0191043,3.79766
u0026057:i0301357,5.14004
u0026057:i0383028,3.56066
u0026057:i0450188,2.37718
u0026057:i1937149,4.87912
u0026062:i0060196,5.37568
u0026062:i0073486,5.04417
u0026062:i0816692,6.21076
u0026062:i1853728,4.67485
u0026068:i0068361,7.72584
u0026068:i1100089,7.72584
u0026068:i1392190,7.72584
u0026068:i2562232,7.72584
u0026068:i2737050,7.72584
u0026068:i2872718,7.72584
u0026083:i0289765,5.41253
u0026083:i0384537,4.27233
u0026083:i0408236,5.01367
u0026083:i1457767,5.32881
u0026083:i1568346,5.1036
u0026083:i1591095,5.30902
u0026083:i2226417,5.375
u0026083:i2713180,6.6994
u0026113:i0470752,7.62237
u0026113:i2802144,7.62237
u0026113:i2820852,7.62237
u0026113:i3235888,7.62237
u0026118:i0369610,7.40333
u0026118:i0470752,7.40333
u0026118:i0478970,7.40333
u0026118:i1186830,7.40333
u0026118:i1617661,7.40333
u0026118:i1706620,7.40333
u0026118:i1964418,7.40333
u0026118:i2180411,7.40333
u0026118:i2395427,7.40333
u0026118:i2908228,7.40333
u0026118:i2967224,7.40333
u0026118:i3235888,7.40333
u0026118:i3316960,7.40333
u0026118:i3529198,7.40333
u0026126:i2015381,6.6549
u0026126:i2172584,6.6549
u0026126:i2465578,6.6549
u0026126:i3416742,6.6549
u0026126:i3547740,6.6549
u0026175:i1772288,7.20838
u0026175:i1979320,7.20838
u0026175:i2582802,7.20838
u0026202:i0078788,7.98824
u0026202:i0106582,7.98824
u0026202:i0111161,7.98824
u0026202:i0122690,7.98824
u0026202:i0195685,7.98824
u0026202:i0258463,7.98824
u0026202:i0265651,7.98824
u0026202:i0272152,7.98824
u0026202:i0327056,7.98824
u0026202:i0372183,7.98824
u0026202:i0407887,7.98824
u0026202:i0415965,7.98824
u0026202:i0440963,7.98824
u0026202:i0448694,7.98824
u0026202:i0478970,7.98824
u0026202:i0482571,7.98824
u0026202:i0816442,7.98824
u0026202:i0993846,7.98824
u0026202:i1194173,7.98824
u0026202:i1638355,7.98824
u0026202:i2245084,7.98824
u0026202:i2382396,7.98824
u0026202:i2402101,7.98824
u0026202:i2802144,7.98824
u0026202:i2872718,7.98824
u0026221:i0112461,7.68207
u0026221:i0180093,7.68207
u0026221:i0238883,7.68207
u0026221:i0317705,7.68207
u0026221:i0795351,7.68207
u0026221:i1398426,7.68207
u0026221:i1798684,7.68207
u0026221:i2267998,7.68207
u0026221:i2802144,7.68207
u0026221:i2820852,7.68207
u0026239:i0094291,5.45176
u0026239:i0099348,5.45176
u0026239:i0108330,5.45176
u0026239:i0110632,5.45176
u0026239:i0116695,5.45176
u0026239:i0119173,5.45176
u0026239:i0119396,5.45176
u0026239:i0119488,5.45176
u0026239:i0120679,5.45176
u0026239:i0167404,5.45176
u0026239:i0250797,5.45176
u0026239:i0305711,5.45176
u0026239:i0346491,5.45176
u0026239:i0395169,5.45176
u0026239:i0408306,5.45176
u0026239:i0424136,5.45176
u0026239:i0455824,5.45176
u0026239:i0485947,5.45176
u0026239:i0826631,5.45176
u0026239:i0864835,5.45176
u0026239:i0918927,5.45176
u0026239:i0929632,5.45176
u0026239:i1034303,5.45176
u0026239:i1065073,5.45176
u0026239:i1074638,5.45176
u0026239:i1179034,5.45176
u0026239:i1206543,5.45176
u0026239:i1313104,5.45176
u0026239:i1340800,5.45176
u0026239:i1392170,5.45176
u0026239:i1528100,5.45176
u0026239:i1554091,5.45176
u0026239:i1631867,5.45176
u0026239:i1670345,5.45176
u0026239:i1764234,5.45176
u0026239:i1790864,5.45176
u0026239:i1924429,5.45176
u0026239:i2142883,5.45176
u0026239:i2193215,5.45176
u0026239:i2245084,5.45176
u0026239:i2261505,5.45176
u0026239:i2278388,5.45176
u0026239:i2357291,5.45176
u0026239:i2582802,5.45176
u0026239:i2582846,5.45176
u0026239:i2980516,5.45176
u0026239:i3316960,5.45176
u0026239:i3397026,5.45176
u0026239:i3655374,5.45176
u0026239:i3698408,5.45176
u0026239:i4114744,5.45176
u0026246:i2179136,6.76789
u0026246:i2820852,6.49908
u0026246:i3045616,6.51116
u0026251:i0816692,7.01876
u0026251:i1065073,7.01876
u0026251:i1126590,7.01876
u0026251:i1392190,7.01876
u0026251:i1595656,7.01876
u0026251:i1951265,7.01876
u0026251:i1980929,7.01876
u0026251:i2015381,7.01876
u0026251:i2084970,7.01876
u0026251:i2095649,7.01876
u0026251:i2170439,7.01876
u0026251:i2170593,7.01876
u0026251:i2179136,7.01876
u0026251:i2431286,7.01876
u0026251:i2562232,7.01876
u0026251:i2582802,7.01876
u0026251:i2692904,7.01876
u0026251:i2752200,7.01876
u0026251:i2870756,7.01876
u0026251:i2872732,7.01876
u0026251:i3007512,7.01876
u0026251:i3045616,7.01876
u0026251:i3316960,7.01876
u0026251:i3344922,7.01876
u0026251:i3612616,7.01876
u0026251:i4114456,7.01876
u0026253:i0025913,6.83161
u0026253:i0093342,6.83161
u0026253:i0756683,6.83161
u0026253:i2084970,6.83161
u0026253:i2179136,6.83161
u0026263:i0041959,8.11235
u0026263:i0369610,8.11235
u0026263:i2179136,8.11235
u0026263:i3630276,8.11235
u0026270:i0268978,7.70779
u0026270:i1126590,7.70779
u0026270:i1198156,7.70779
u0026270:i1661199,7.70779
u0026270:i1809398,7.70779
u0026270:i2095649,7.70779
u0026270:i2180411,7.70779
u0026270:i2318092,7.70779
u0026270:i2692250,7.70779
u0026270:i2788710,7.70779
u0026270:i2980516,7.70779
u0026270:i2994190,7.70779
u0026270:i3125324,7.70779
u0026303:i0470752,8.5815
u0026303:i1014763,8.5815
u0026303:i1392190,8.5815
u0026303:i1674771,8.5815
u0026303:i2179136,8.5815
u0026303:i2231253,8.5815
u0026303:i2293640,8.5815
u0026303:i2402101,8.5815
u0026303:i2515034,8.5815
u0026303:i2544766,8.5815
u0026303:i2561572,8.5815
u0026311:i0061722,7.06812
u0026311:i0072890,7.06812
u0026311:i0078748,7.06812
u0026311:i0078788,7.06812
u0026311:i0079501,7.06812
u0026311:i0081398,7.06812
u0026311:i0082694,7.06812
u0026311:i0082971,7.06812
u0026311:i0083658,7.06812
u0026311:i0084805,7.06812
u0026311:i0086879,7.06812
u0026311:i0087469,7.06812
u0026311:i0087544,7.06812
u0026311:i0088847,7.06812
u0026311:i0090605,7.06812
u0026311:i0091042,7.06812
u0026311:i0092005,7.06812
u0026311:i0093105,7.06812
u0026311:i0095631,7.06812
u0026311:i0097576,7.06812
u0026311:i0101540,7.06812
u0026311:i0104652,7.06812
u0026311:i0117951,7.06812
u0026311:i0119698,7.06812
u0026311:i0125664,7.06812
u0026311:i0268126,7.06812
u0026311:i0347149,7.06812
u0026311:i0796366,7.06812
u0026311:i0816692,7.06812
u0026311:i0825232,7.06812
u0026311:i0945513,7.06812
u0026311:i0947798,7.06812
u0026311:i1020072,7.06812
u0026311:i1120985,7.06812
u0026311:i1125849,7.06812
u0026311:i1306980,7.06812
u0026311:i1392190,7.06812
u0026311:i1408101,7.06812
u0026311:i1542344,7.06812
u0026311:i1606392,7.06812
u0026311:i1790864,7.06812
u0026311:i1865505,7.06812
u0026311:i1872194,7.06812
u0026311:i2042568,7.06812
u0026311:i2195548,7.06812
u0026311:i2245084,7.06812
u0026311:i2305051,7.06812
u0026311:i2310332,7.06812
u0026311:i2347569,7.06812
u0026311:i2364975,7.06812
u0026311:i2388725,7.06812
u0026311:i2576852,7.06812
u0026311:i2713180,7.06812
u0026311:i2758880,7.06812
u0026311:i2908446,7.06812
u0026311:i3007512,7.06812
u0026311:i3205376,7.06812
u0026311:i3263614,7.06812
u0026351:i1698641,7.43514
u0026351:i2369135,7.43514
u0026351:i2446042,7.43514
u0026351:i2479800,7.43514
u0026373:i0486822,5.87415
u0026373:i0829150,6.93937
u0026373:i1126590,6.94061
u0026373:i1433811,5.8064
u0026373:i2084970,6.62907
u0026373:i2101341,6.62266
u0026373:i2388637,5.80502
u0026373:i2614684,6.15176
u0026396:i0369610,6.57425
u0026396:i0478970,6.3108
u0026396:i2179136,6.77517
u0026396:i2713180,6.71606
u0026421:i0075314,5.62375
u0026421:i0086190,5.19012
u0026421:i0096895,4.79876
u0026421:i0103776,5.18437
u0026421:i0114709,5.07677
u0026421:i0246578,5.5405
u0026421:i0290334,5.78359
u0026421:i0369610,6.5814
u0026421:i0381061,5.09163
u0026421:i0409459,5.05914
u0026421:i0435761,5.43379
u0026421:i0478970,6.32128
u0026421:i0780504,5.84441
u0026421:i0790636,6.60792
u0026421:i0816692,6.21976
u0026421:i0830515,5.75867
u0026421:i0838283,2.81125
u0026421:i0945513,5.43318
u0026421:i0948470,5.40928
u0026421:i0964517,5.33944
u0026421:i0993846,6.10386
u0026421:i1119646,5.26531
u0026421:i1229238,5.78495
u0026421:i1270798,5.68421
u0026421:i1285016,6.19571
u0026421:i1291584,4.79903
u0026421:i1300854,6.39338
u0026421:i1375666,5.13121
u0026421:i1392170,4.26903
u0026421:i1392197,0
u0026421:i1398426,6.52513
u0026421:i1408101,6.63581
u0026421:i1430132,5.47186
u0026421:i1490017,6.83812
u0026421:i1502712,6.31625
u0026421:i1605717,6.66619
u0026421:i1638355,6.43473
u0026421:i1650554,6.8174
u0026421:i1798684,6.16982
u0026421:i2015381,6.48225
u0026421:i2096673,6.63105
u0026421:i2120120,6.08397
u0026421:i2179136,6.78246
u0026421:i2184339,6.25757
u0026421:i2229499,6.3279
u0026421:i2294449,6.62013
u0026421:i2381249,6.39341
u0026421:i2582802,6.72921
u0026421:i2637276,6.02894
u0026421:i2692904,7.04789
u0026421:i2802144,6.57546
u0026421:i2872718,6.78852
u0026421:i2980592,6.60679
u0026421:i3235888,6.77219
u0026421:i3322940,6.93412
u0026421:i3472226,6.43239
u0026421:i3622592,5.97867
u0026427:i0137523,6.81247
u0026427:i0361862,6.81247
u0026427:i0425112,6.81247
u0026427:i0964517,6.81247
u0026427:i1119646,6.81247
u0026427:i1152836,6.81247
u0026427:i1231583,6.81247
u0026427:i1250777,6.81247
u0026427:i1291584,6.81247
u0026427:i1392190,6.81247
u0026427:i1411697,6.81247
u0026427:i2369135,6.81247
u0026453:i0075860,7.2588
u0026453:i0093058,7.2588
u0026453:i0112461,7.2588
u0026453:i0117913,7.2588
u0026453:i0217505,7.2588
u0026453:i0407887,7.2588
u0026453:i0417217,7.2588
u0026453:i0418763,7.2588
u0026453:i0427312,7.2588
u0026453:i0443272,7.2588
u0026453:i0443706,7.2588
u0026453:i0445946,7.2588
u0026453:i0469494,7.2588
u0026453:i0942385,7.2588
u0026453:i1013753,7.2588
u0026453:i1100089,7.2588
u0026453:i1172991,7.2588
u0026453:i1189340,7.2588
u0026453:i1291150,7.2588
u0026453:i1399683,7.2588
u0026453:i1496422,7.2588
u0026453:i1528100,7.2588
u0026453:i1616195,7.2588
u0026453:i1617661,7.2588
u0026453:i1646980,7.2588
u0026453:i1674771,7.2588
u0026453:i1714915,7.2588
u0026453:i1815862,7.2588
u0026453:i2039393,7.2588
u0026453:i2170439,7.2588
u0026453:i2179136,7.2588
u0026453:i2226283,7.2588
u0026453:i2446042,7.2588
u0026453:i2545118,7.2588
u0026453:i2562232,7.2588
u0026453:i2737050,7.2588
u0026453:i2872718,7.2588
u0026453:i2937898,7.2588
u0026453:i2994190,7.2588
u0026453:i3851324,7.2588
u0026457:i1392190,7.45462
u0026457:i2084970,7.45462
u0026457:i3447364,7.45462
u0026457:i3495030,7.45462
u0026457:i3767372,7.45462
u0026457:i3863552,7.45462
u0026457:i4635372,7.45462
u0026495:i0114369,4.67094
u0026495:i0217505,5.28222
u0026495:i0253474,4.70746
u0026495:i0443543,4.41391
u0026495:i0947798,4.60773
u0026495:i0976051,4.92485
u0026495:i1065073,6.63484
u0026495:i1210166,6.9653
u0026495:i1334260,3.6642
u0026495:i1343092,4.84517
u0026495:i1547234,4.72352
u0026495:i1832382,5.76726
u0026495:i2278388,6.45357
u0026495:i2562232,6.76283
u0026495:i2582802,6.73663
u0026495:i2637276,6.05277
u0026495:i2883512,6.61381
u0026495:i2994190,6.376
u0026496:i0369610,7.35703
u0026496:i0478970,7.35703
u0026496:i1029360,7.35703
u0026496:i1093357,7.35703
u0026496:i1446192,7.35703
u0026496:i1502712,7.35703
u0026496:i1673434,7.35703
u0026496:i1840309,7.35703
u0026496:i1951265,7.35703
u0026496:i2293640,7.35703
u0026496:i2322441,7.35703
u0026496:i2381249,7.35703
u0026496:i2395427,7.35703
u0026496:i2561546,7.35703
u0026496:i2802144,7.35703
u0026496:i2848292,7.35703
u0026496:i3195644,7.35703
u0026496:i3235888,7.35703
u0026513:i0369610,7.67
u0026513:i0435651,7.67
u0026513:i0458481,7.67
u0026513:i0763831,7.67
u0026513:i0829150,7.67
u0026513:i1085492,7.67
u0026513:i1109624,7.67
u0026513:i1121096,7.67
u0026513:i1528100,7.67
u0026513:i1600196,7.67
u0026513:i1617661,7.67
u0026513:i1654523,7.67
u0026513:i1656190,7.67
u0026513:i1726592,7.67
u0026513:i1742334,7.67
u0026513:i1790864,7.67
u0026513:i1872194,7.67
u0026513:i1932718,7.67
u0026513:i1951265,7.67
u0026513:i1972779,7.67
u0026513:i1999987,7.67
u0026513:i2015381,7.67
u0026513:i2084970,7.67
u0026513:i2096672,7.67
u0026513:i2109248,7.67
u0026513:i2172985,7.67
u0026513:i2177771,7.67
u0026513:i2179136,7.67
u0026513:i2218003,7.67
u0026513:i2245084,7.67
u0026513:i2265171,7.67
u0026513:i2267998,7.67
u0026513:i2333784,7.67
u0026513:i2345737,7.67
u0026513:i2397535,7.67
u0026513:i2402157,7.67
u0026513:i2403558,7.67
u0026513:i2446042,7.67
u0026513:i2465146,7.67
u0026513:i2557490,7.67
u0026513:i2713180,7.67
u0026513:i2714380,7.67
u0026513:i2820852,7.67
u0026513:i2872718,7.67
u0026513:i2872732,7.67
u0026513:i2884206,7.67
u0026513:i2908446,7.67
u0026513:i2910814,7.67
u0026513:i2911666,7.67
u0026513:i3181822,7.67
u0026516:i0072271,4.52437
u0026516:i1144884,3.86115
u0026516:i3007512,6.5582
u0026523:i0395495,7.50908
u0026523:i0404254,7.50908
u0026523:i0416508,7.50908
u0026523:i0432283,7.50908
u0026523:i1189340,7.50908
u0026523:i1592873,7.50908
u0026523:i1758830,7.50908
u0026523:i1791528,7.50908
u0026523:i2084970,7.50908
u0026523:i2180411,7.50908
u0026523:i2446042,7.50908
u0026523:i2980516,7.50908
u0026531:i2179116,6.51607
u0026531:i2562232,6.51607
u0026531:i2758880,6.51607
u0026534:i1528100,7.13485
u0026534:i1823672,7.13485
u0026534:i2788710,7.13485
u0026534:i2872718,7.13485
u0026534:i2980516,7.13485
u0026544:i0075314,7.24167
u0026544:i0078748,7.24167
u0026544:i0093058,7.24167
u0026544:i0099674,7.24167
u0026544:i0099685,7.24167
u0026544:i0102926,7.24167
u0026544:i0114814,7.24167
u0026544:i0120586,7.24167
u0026544:i0120815,7.24167
u0026544:i0137523,7.24167
u0026544:i0167260,7.24167
u0026544:i0167261,7.24167
u0026544:i0169547,7.24167
u0026544:i0180093,7.24167
u0026544:i0209144,7.24167
u0026544:i0317248,7.24167
u0026544:i0364725,7.24167
u0026544:i0369339,7.24167
u0026544:i0369610,7.24167
u0026544:i0379725,7.24167
u0026544:i0445934,7.24167
u0026544:i0468569,7.24167
u0026544:i0477348,7.24167
u0026544:i0780536,7.24167
u0026544:i0790636,7.24167
u0026544:i0993846,7.24167
u0026544:i1065073,7.24167
u0026544:i1229340,7.24167
u0026544:i1386588,7.24167
u0026544:i1535109,7.24167
u0026544:i1798684,7.24167
u0026544:i2101441,7.24167
u0026544:i2562232,7.24167
u0026544:i2582802,7.24167
u0026546:i0365907,8.14003
u0026546:i0369610,8.14003
u0026546:i1600196,8.14003
u0026546:i1674771,8.14003
u0026546:i1772288,8.14003
u0026546:i2084970,8.14003
u0026546:i2179136,8.14003
u0026546:i2713180,8.14003
u0026566:i2381249,7.92598
u0026566:i2395427,7.92598
u0026566:i2802144,7.92598
u0026580:i1020072,8.10228
u0026580:i1800241,8.10228
u0026580:i1809398,8.10228
u0026580:i2084970,8.10228
u0026580:i2103281,8.10228
u0026580:i2179136,8.10228
u0026580:i2180411,8.10228
u0026580:i2216240,8.10228
u0026580:i2278388,8.10228
u0026580:i2562232,8.10228
u0026580:i2872732,8.10228
u0026580:i2980516,8.10228
u0026580:i2980648,8.10228
u0026580:i3114132,8.10228
u0026598:i0080861,6.86185
u0026598:i0087365,6.86185
u0026598:i0091059,6.86185
u0026598:i0114709,6.86185
u0026598:i0365907,6.86185
u0026598:i0369610,6.86185
u0026598:i0455944,6.86185
u0026598:i0458525,6.86185
u0026598:i0800320,6.86185
u0026598:i0816692,6.86185
u0026598:i1001508,6.86185
u0026598:i1033643,6.86185
u0026598:i1194173,6.86185
u0026598:i1253863,6.86185
u0026598:i1323594,6.86185
u0026598:i1392190,6.86185
u0026598:i1430132,6.86185
u0026598:i1440129,6.86185
u0026598:i1690953,6.86185
u0026598:i1707386,6.86185
u0026598:i1731141,6.86185
u0026598:i1790885,6.86185
u0026598:i1809398,6.86185
u0026598:i1855199,6.86185
u0026598:i1911658,6.86185
u0026598:i1981677,6.86185
u0026598:i2084970,6.86185
u0026598:i2172934,6.86185
u0026598:i2179136,6.86185
u0026598:i2193215,6.86185
u0026598:i2267998,6.86185
u0026598:i2293640,6.86185
u0026598:i2333784,6.86185
u0026598:i2404463,6.86185
u0026598:i2483516,6.86185
u0026598:i2493486,6.86185
u0026598:i2802144,6.86185
u0026598:i2911666,6.86185
u0026598:i3045616,6.86185
u0026630:i1617661,7.34963
u0026630:i2084970,7.34963
u0026630:i2717822,7.34963
u0026642:i1065073,7.6349
u0026642:i1392190,7.6349
u0026642:i1433811,7.6349
u0026642:i2397535,7.6349
u0026642:i2562232,7.6349
u0026642:i2872718,7.6349
u0026642:i2884206,7.6349
u0026642:i2980516,7.6349
u0026643:i0369610,7.342
u0026643:i1392190,7.342
u0026643:i1823672,7.342
u0026643:i2084970,7.342
u0026643:i2126355,7.342
u0026643:i2168000,7.342
u0026643:i2267998,7.342
u0026643:i2322441,7.342
u0026643:i2381249,7.342
u0026643:i2395427,7.342
u0026643:i2404425,7.342
u0026643:i2446042,7.342
u0026643:i2802144,7.342
u0026643:i2820852,7.342
u0026643:i3079380,7.342
u0026643:i3674140,7.342
u0026676:i0146882,7.9033
u0026676:i1244668,7.9033
u0026676:i1291584,7.9033
u0026676:i1392190,7.9033
u0026676:i1638355,7.9033
u0026676:i2194499,7.9033
u0026676:i2370248,7.9033
u0026676:i2582802,7.9033
u0026676:i2872732,7.9033
u0026679:i0154420,7.63478
u0026679:i1809398,7.63478
u0026679:i2179136,7.63478
u0026679:i2544766,7.63478
u0026679:i2562232,7.63478
u0026679:i2872750,7.63478
u0026679:i2883512,7.63478
u0026679:i2980516,7.63478
u0026692:i0098554,8.07675
u0026692:i0120601,8.07675
u0026692:i0146838,8.07675
u0026692:i0146882,8.07675
u0026692:i0277027,8.07675
u0026692:i0298203,8.07675
u0026692:i0372784,8.07675
u0026692:i2267998,8.07675
u0026692:i2582846,8.07675
u0026692:i2968804,8.07675
u0026694:i0369610,6.58856
u0026694:i0425061,4.85093
u0026694:i1392190,6.36946
u0026694:i2381249,6.40485
u0026698:i0470752,8.5991
u0026698:i1655441,8.5991
u0026698:i2802144,8.5991
u0026710:i0056194,7.54863
u0026710:i0069765,7.54863
u0026710:i0070510,7.54863
u0026710:i0072730,7.54863
u0026710:i0082694,7.54863
u0026710:i0087363,7.54863
u0026710:i0088247,7.54863
u0026710:i0089530,7.54863
u0026710:i0091680,7.54863
u0026710:i0232500,7.54863
u0026710:i0322259,7.54863
u0026710:i0361127,7.54863
u0026710:i0369610,7.54863
u0026710:i0470752,7.54863
u0026710:i0478970,7.54863
u0026710:i0949731,7.54863
u0026710:i1340138,7.54863
u0026710:i1392190,7.54863
u0026710:i1638355,7.54863
u0026710:i1767372,7.54863
u0026710:i1823672,7.54863
u0026710:i1964418,7.54863
u0026710:i1981677,7.54863
u0026710:i2126355,7.54863
u0026710:i2381249,7.54863
u0026710:i2395427,7.54863
u0026710:i2562232,7.54863
u0026710:i2784678,7.54863
u0026710:i2802144,7.54863
u0026710:i2820852,7.54863
u0026710:i2848292,7.54863
u0026710:i2955316,7.54863
u0026710:i2980592,7.54863
u0026710:i3079380,7.54863
u0026710:i3152624,7.54863
u0026710:i3205376,7.54863
u0026710:i3235888,7.54863
u0026710:i3395184,7.54863
u0026710:i3472226,7.54863
u0026710:i3622592,7.54863
u0026710:i4178092,7.54863
u0026733:i0073486,5.17692
u0026733:i0075314,5.73402
u0026733:i0086250,4.43723
u0026733:i0105695,4.44845
u0026733:i0110912,5.2244
u0026733:i0427152,0
u0026733:i0829482,4.16651
u0026733:i1045778,3.835
u0026733:i1392190,6.37485
u0026733:i2908446,6.37124
u0026733:i2941260,0
u0026733:i3203616,6.39815
u0026803:i1436568,7.60697
u0026803:i1742334,7.60697
u0026803:i1975249,7.60697
u0026808:i0463854,7.60697
u0026808:i1726592,7.60697
u0026808:i1823672,7.60697
u0026890:i0096256,7.60697
u0026890:i0460791,7.60697
u0026890:i0497465,7.60697
u0026890:i2582802,7.60697
u0026890:i2872718,7.60697
u0026930:i1723121,7.50908
u0026930:i1809398,7.50908
u0026930:i1872194,7.50908
u0026930:i1877832,7.50908
u0026930:i2015381,7.50908
u0026930:i2084970,7.50908
u0026930:i2096672,7.50908
u0026930:i2179136,7.50908
u0026930:i2310332,7.50908
u0026930:i2562232,7.50908
u0026930:i2802144,7.50908
u0026963:i1661199,7.30155
u0026963:i2820852,7.30155
u0026963:i2908446,7.30155
u0026964:i1392190,7.01876
u0026964:i1661199,7.01876
u0026964:i2096673,7.01876
u0026964:i2224026,7.01876
u0026964:i2395427,7.01876
u0026964:i2515034,7.01876
u0026964:i2820852,7.01876
u0026964:i2908446,7.01876
u0026972:i1392190,8.52381
u0026972:i1524930,8.52381
u0026972:i1552224,8.52381
u0026972:i1655441,8.52381
u0026972:i1661199,8.52381
u0026972:i1837562,8.52381
u0026972:i2126355,8.52381
u0026972:i2179136,8.52381
u0026972:i2381249,8.52381
u0026972:i2381941,8.52381
u0026972:i2802144,8.52381
u0026972:i2820852,8.52381
u0026972:i2908446,8.52381
u0026972:i3450650,8.52381
u0026981:i0816692,8.45034
u0026981:i2562232,8.45034
u0026981:i2582802,8.45034
u0026981:i2713180,8.45034
u0026993:i0054279,7.00579
u0026993:i0061512,7.00579
u0026993:i0087800,7.00579
u0026993:i0099487,7.00579
u0026993:i0104431,7.00579
u0026993:i0104452,7.00579
u0026993:i0118688,7.00579
u0026993:i0118883,7.00579
u0026993:i0120586,7.00579
u0026993:i0146882,7.00579
u0026993:i0167190,7.00579
u0026993:i0217505,7.00579
u0026993:i0286106,7.00579
u0026993:i0289043,7.00579
u0026993:i0290334,7.00579
u0026993:i0298148,7.00579
u0026993:i0368008,7.00579
u0026993:i0407887,7.00579
u0026993:i0445934,7.00579
u0026993:i0446029,7.00579
u0026993:i0463854,7.00579
u0026993:i0469021,7.00579
u0026993:i0477347,7.00579
u0026993:i0787474,7.00579
u0026993:i0825232,7.00579
u0026993:i0831387,7.00579
u0026993:i0945513,7.00579
u0026993:i1179904,7.00579
u0026993:i1276104,7.00579
u0026993:i1336608,7.00579
u0026993:i1392214,7.00579
u0026993:i1631867,7.00579
u0026993:i1646971,7.00579
u0026993:i1670345,7.00579
u0026993:i1800246,7.00579
u0026993:i1837703,7.00579
u0026993:i1840309,7.00579
u0026993:i1921064,7.00579
u0026993:i1951261,7.00579
u0026993:i1951265,7.00579
u0026993:i1979320,7.00579
u0026993:i2015381,7.00579
u0026993:i2267998,7.00579
u0026993:i2294449,7.00579
u0026993:i2310332,7.00579
u0026993:i2395427,7.00579
u0026993:i2872732,7.00579
u0026993:i3433074,7.00579
u0027013:i0056903,7.63196
u0027013:i0062794,7.63196
u0027013:i0068646,7.63196
u0027013:i0116282,7.63196
u0027013:i0169547,7.63196
u0027013:i0219699,7.63196
u0027013:i0433383,7.63196
u0027013:i0452623,7.63196
u0027013:i1881002,7.63196
u0027022:i0185937,7.4279
u0027022:i1204977,7.4279
u0027022:i1922777,7.4279
u0027022:i1981677,7.4279
u0027022:i2120120,7.4279
u0027022:i2300975,7.4279
u0027022:i2377322,7.4279
u0027022:i2848292,7.4279
u0027022:i2980648,7.4279
u0027022:i3863552,7.4279
u0027022:i4184878,7.4279
u0027040:i1398426,7.12978
u0027040:i2268016,7.12978
u0027040:i2381249,7.12978
u0027040:i2870648,7.12978
u0027041:i0085392,7.14887
u0027041:i1065073,7.14887
u0027041:i1392190,7.14887
u0027041:i1646127,7.14887
u0027041:i2140203,7.14887
u0027041:i2172584,7.14887
u0027041:i2359024,7.14887
u0027041:i2381249,7.14887
u0027041:i2969522,7.14887
u0027041:i3263614,7.14887
u0027041:i3689908,7.14887
u0027052:i0061184,6.62015
u0027052:i1791528,6.62015
u0027052:i1791682,6.62015
u0027052:i1905003,6.62015
u0027052:i2720680,6.62015
u0027052:i2967008,6.62015
u0027052:i3235888,6.62015
u0027052:i3265506,6.62015
u0027052:i3335048,6.62015
u0027052:i3480164,6.62015
u0027052:i3595966,6.62015
u0027052:i3596492,6.62015
u0027052:i4226388,6.62015
u0027069:i0369610,6.59573
u0027069:i0470752,6.67034
u0027069:i0478970,6.33178
u0027069:i0796366,5.91791
u0027069:i1020072,7.10771
u0027069:i1024648,4.95553
u0027069:i1065073,6.65418
u0027069:i1340138,6.48219
u0027069:i1392190,6.38024
u0027069:i1502712,6.35454
u0027069:i1823672,6.70191
u0027069:i1964418,6.41799
u0027069:i2084970,6.63594
u0027069:i2096673,6.64553
u0027069:i2179136,6.78977
u0027069:i2293640,6.51595
u0027069:i2381249,6.41631
u0027069:i2395427,6.72087
u0027069:i2582802,6.74407
u0027069:i2820852,6.50764
u0027069:i2918436,6.5272
u0027069:i3235888,6.79708
u0027069:i3713166,6.22292
u0027085:i2273657,6.01126
u0027085:i2667918,6.30113
u0027085:i2872718,6.79969
u0027124:i0470752,7.20485
u0027124:i2305051,7.20485
u0027124:i2802144,7.20485
u0027145:i0119094,7.80477
u0027145:i0187078,7.80477
u0027145:i0258000,7.80477
u0027145:i0332452,7.80477
u0027145:i0369610,7.80477
u0027145:i0435761,7.80477
u0027145:i0470752,7.80477
u0027145:i0816692,7.80477
u0027145:i0829150,7.80477
u0027145:i0884732,7.80477
u0027145:i1219289,7.80477
u0027145:i1392190,7.80477
u0027145:i1637725,7.80477
u0027145:i1698641,7.80477
u0027145:i1809398,7.80477
u0027145:i2103281,7.80477
u0027145:i2170593,7.80477
u0027145:i2180411,7.80477
u0027145:i2245084,7.80477
u0027145:i2267998,7.80477
u0027145:i2305051,7.80477
u0027145:i2357129,7.80477
u0027145:i2446042,7.80477
u0027145:i2452200,7.80477
u0027145:i2562232,7.80477
u0027145:i2599716,7.80477
u0027145:i2713180,7.80477
u0027145:i2788710,7.80477
u0027145:i2908446,7.80477
u0027145:i2980516,7.80477
u0027145:i3079380,7.80477
u0027145:i3149038,7.80477
u0027145:i3450650,7.80477
u0027150:i0359950,8.32037
u0027150:i1126590,8.32037
u0027150:i1322269,8.32037
u0027150:i1392190,8.32037
u0027150:i1560169,8.32037
u0027150:i1600196,8.32037
u0027150:i1661199,8.32037
u0027150:i2395427,8.32037
u0027150:i2499076,8.32037
u0027150:i2562232,8.32037
u0027150:i2737050,8.32037
u0027150:i2820852,8.32037
u0027150:i2937898,8.32037
u0027167:i0432283,6.65051
u0027167:i2582802,6.65051
u0027167:i2911666,6.65051
u0027167:i4458206,6.65051
u0027203:i0369610,6.60291
u0027203:i1674771,6.53761
u0027203:i2245084,6.88366
u0027203:i2548208,6.21846
u0027203:i2713180,6.73277
u0027203:i2908446,6.38894
u0027223:i0079501,6.46716
u0027223:i0129167,6.14486
u0027223:i2261331,6.11187
u0027256:i0470752,6.76769
u0027256:i0478970,6.76769
u0027256:i2261331,6.76769
u0027256:i2319580,6.76769
u0027256:i2395427,6.76769
u0027256:i2911666,6.76769
u0027256:i4044364,6.76769
u0027269:i0455944,6.60978
u0027269:i1020072,7.13861
u0027269:i1100089,6.73411
u0027269:i1109624,6.77707
u0027269:i2039393,6.53343
u0027269:i2180411,6.61585
u0027269:i2245084,6.89833
u0027269:i2322441,6.88978
u0027269:i2397535,6.70475
u0027269:i2398231,6.61409
u0027269:i2473794,6.45969
u0027269:i2582802,6.75151
u0027269:i2872718,6.81087
u0027269:i3316960,6.59634
u0027269:i3442006,7.00485
u0027270:i1340138,6.94242
u0027270:i1355630,6.94242
u0027270:i1392190,6.94242
u0027270:i1980929,6.94242
u0027270:i2096673,6.94242
u0027270:i2293640,6.94242
u0027270:i2294449,6.94242
u0027270:i2381249,6.94242
u0027270:i2395427,6.94242
u0027270:i2562232,6.94242
u0027270:i2582802,6.94242
u0027270:i2802144,6.94242
u0027270:i3079380,6.94242
u0027273:i1100089,7.92194
u0027273:i1392190,7.92194
u0027273:i2179136,7.92194
u0027273:i2395427,7.92194
u0027273:i2562232,7.92194
u0027273:i2820852,7.92194
u0027273:i2848292,7.92194
u0027273:i2980516,7.92194
u0027273:i3177316,7.92194
u0027273:i3316960,7.92194
u0027275:i0369610,6.6101
u0027275:i0398808,4.93092
u0027275:i0488604,0
u0027275:i0800240,4.69969
u0027275:i1340800,6.78615
u0027275:i1385867,5.35814
u0027275:i2397535,6.74221
u0027283:i0079596,0
u0027283:i0842926,4.85566
u0027283:i1103982,2.58676
u0027283:i1216496,1.52139
u0027283:i1327628,4.85883
u0027283:i2096673,6.66004
u0027283:i2268016,6.41656
u0027283:i2294677,6.68571
u0027284:i0361748,7.60697
u0027284:i0369610,7.60697
u0027284:i0443706,7.60697
u0027284:i0758752,7.60697
u0027284:i1598642,7.60697
u0027284:i1655441,7.60697
u0027284:i1810683,7.60697
u0027284:i1839492,7.60697
u0027284:i2399406,7.60697
u0027284:i2726560,7.60697
u0027284:i2908446,7.60697
u0027284:i2935476,7.60697
u0027284:i3079380,7.60697
u0027284:i3104818,7.60697
u0027284:i3713166,7.60697
u0027296:i0407887,4.92017
u0027296:i1024648,5.07078
u0027296:i2106476,5.79202
u0027296:i2267998,6.41807
u0027300:i0478970,6.3423
u0027300:i1809398,6.6175
u0027300:i2404425,6.46121
u0027300:i3007512,6.59795
u0027311:i0102059,7.65056
u0027311:i0139654,7.65056
u0027311:i0435651,7.65056
u0027311:i0448134,7.65056
u0027311:i0470752,7.65056
u0027311:i0884328,7.65056
u0027311:i1029360,7.65056
u0027311:i1130884,7.65056
u0027311:i1204977,7.65056
u0027311:i1392190,7.65056
u0027311:i1528100,7.65056
u0027311:i1661820,7.65056
u0027311:i1872194,7.65056
u0027311:i1881002,7.65056
u0027311:i1951265,7.65056
u0027311:i2096672,7.65056
u0027311:i2170593,7.65056
u0027311:i2395427,7.65056
u0027331:i0369610,7.60697
u0027331:i1243974,7.60697
u0027331:i1655441,7.60697
u0027331:i1698641,7.60697
u0027331:i1726592,7.60697
u0027331:i2305051,7.60697
u0027331:i2404425,7.60697
u0027331:i2848292,7.60697
u0027331:i2935476,7.60697
u0027331:i2967224,7.60697
u0027331:i3007512,7.60697
u0027331:i3079380,7.60697
u0027336:i0338013,5.19096
u0027336:i0376541,6.98208
u0027336:i1571402,0
u0027336:i2132285,6.06036
u0027338:i0062711,6.46701
u0027338:i0083658,6.46701
u0027338:i3612616,6.46701
u0027371:i1626146,7.73132
u0027371:i1726592,7.73132
u0027371:i1872194,7.73132
u0027371:i2911666,7.73132
u0027405:i1100089,7.55592
u0027405:i1398426,7.55592
u0027405:i2084970,7.55592
u0027405:i2179136,7.55592
u0027405:i2245084,7.55592
u0027405:i2273657,7.55592
u0027405:i2802144,7.55592
u0027405:i2872718,7.55592
u0027405:i3169706,7.55592
u0027411:i0455944,7.01876
u0027411:i1227378,7.01876
u0027411:i1621045,7.01876
u0027423:i1065073,8.40881
u0027423:i2096673,8.40881
u0027423:i3595966,8.40881
u0027439:i1355630,6.36317
u0027439:i1872194,6.86298
u0027439:i2091318,0
u0027439:i3322940,7.04419
u0027458:i0455944,7.8768
u0027458:i0470752,7.8768
u0027458:i1014763,7.8768
u0027458:i1065073,7.8768
u0027458:i1091191,7.8768
u0027458:i1291584,7.8768
u0027458:i1392190,7.8768
u0027458:i1613750,7.8768
u0027458:i1798709,7.8768
u0027458:i1823672,7.8768
u0027458:i1951265,7.8768
u0027458:i2096672,7.8768
u0027458:i2199571,7.8768
u0027458:i2245084,7.8768
u0027458:i2310332,7.8768
u0027458:i2316411,7.8768
u0027458:i2381249,7.8768
u0027458:i2562232,7.8768
u0027458:i2582802,7.8768
u0027458:i2713180,7.8768
u0027458:i2872718,7.8768
u0027478:i0343818,8.11036
u0027478:i0455944,8.11036
u0027478:i1109624,8.11036
u0027478:i1155076,8.11036
u0027478:i1490017,8.11036
u0027478:i1631867,8.11036
u0027478:i1726592,8.11036
u0027478:i1872194,8.11036
u0027478:i2015381,8.11036
u0027478:i2170439,8.11036
u0027478:i2179136,8.11036
u0027478:i2245084,8.11036
u0027478:i2267998,8.11036
u0027478:i2381941,8.11036
u0027478:i2446042,8.11036
u0027478:i2562232,8.11036
u0027478:i2713180,8.11036
u0027478:i2788710,8.11036
u0027478:i2802144,8.11036
u0027478:i2820852,8.11036
u0027478:i2872718,8.11036
u0027478:i2884206,8.11036
u0027478:i2917388,8.11036
u0027485:i0369610,7.09271
u0027485:i1065073,7.09271
u0027485:i1392190,7.09271
u0027485:i1617661,7.09271
u0027485:i1951265,7.09271
u0027485:i2170439,7.09271
u0027485:i2179136,7.09271
u0027485:i2245084,7.09271
u0027485:i2397535,7.09271
u0027485:i2446042,7.09271
u0027485:i2637276,7.09271
u0027485:i2713180,7.09271
u0027485:i2802144,7.09271
u0027485:i2820852,7.09271
u0027485:i2911666,7.09271
u0027485:i2980592,7.09271
u0027495:i1100089,7.60697
u0027495:i1631867,7.60697
u0027495:i2084970,7.60697
u0027495:i2179136,7.60697
u0027495:i2265171,7.60697
u0027495:i2582802,7.60697
u0027495:i2911666,7.60697
u0027495:i2980516,7.60697
u0027501:i0061722,7.28381
u0027501:i0066402,7.28381
u0027501:i0080455,7.28381
u0027501:i0097493,7.28381
u0027501:i0110413,7.28381
u0027501:i0114614,7.28381
u0027501:i0115988,7.28381
u0027501:i0117628,7.28381
u0027501:i0126886,7.28381
u0027501:i0146882,7.28381
u0027501:i0174480,7.28381
u0027501:i0190332,7.28381
u0027501:i0243155,7.28381
u0027501:i0243655,7.28381
u0027501:i0349683,7.28381
u0027501:i0424938,7.28381
u0027501:i1221208,7.28381
u0027501:i1426329,7.28381
u0027501:i1657510,7.28381
u0027501:i1715876,7.28381
u0027501:i1785669,7.28381
u0027501:i1823059,7.28381
u0027501:i1967545,7.28381
u0027503:i0068646,4.37407
u0027503:i0377092,2.78616
u0027503:i0993846,6.16313
u0027503:i1100089,6.75816
u0027503:i1532503,5.29297
u0027503:i1659337,6.17674
u0027503:i2180411,6.65012
u0027503:i2582802,6.75897
u0027503:i2937898,6.80155
u0027503:i3316960,6.61669
u0027563:i0073486,7.43514
u0027563:i0075314,7.43514
u0027563:i0076759,7.43514
u0027563:i0079116,7.43514
u0027563:i0088763,7.43514
u0027563:i0099685,7.43514
u0027563:i0102926,7.43514
u0027563:i0105236,7.43514
u0027563:i0105695,7.43514
u0027563:i0110912,7.43514
u0027563:i0114369,7.43514
u0027563:i0114746,7.43514
u0027563:i0119217,7.43514
u0027563:i0119488,7.43514
u0027563:i0120586,7.43514
u0027563:i0120815,7.43514
u0027563:i0128442,7.43514
u0027563:i0137523,7.43514
u0027563:i0140352,7.43514
u0027563:i0172495,7.43514
u0027563:i0180093,7.43514
u0027563:i0208092,7.43514
u0027563:i0240772,7.43514
u0027563:i0246578,7.43514
u0027563:i0257044,7.43514
u0027563:i0268978,7.43514
u0027563:i0327056,7.43514
u0027563:i0352248,7.43514
u0027563:i0364569,7.43514
u0027563:i0365748,7.43514
u0027563:i0371746,7.43514
u0027563:i0381061,7.43514
u0027563:i0385002,7.43514
u0027563:i0407887,7.43514
u0027563:i0425112,7.43514
u0027563:i0434409,7.43514
u0027563:i0440963,7.43514
u0027563:i0450259,7.43514
u0027563:i0452623,7.43514
u0027563:i0465602,7.43514
u0027563:i0478970,7.43514
u0027563:i0770828,7.43514
u0027563:i0780504,7.43514
u0027563:i0790636,7.43514
u0027563:i0800080,7.43514
u0027563:i0800369,7.43514
u0027563:i0816711,7.43514
u0027563:i0945513,7.43514
u0027563:i0974661,7.43514
u0027563:i1130884,7.43514
u0027563:i1211956,7.43514
u0027563:i1219289,7.43514
u0027563:i1291584,7.43514
u0027563:i1321870,7.43514
u0027563:i1392190,7.43514
u0027563:i1600196,7.43514
u0027563:i1666801,7.43514
u0027563:i1670345,7.43514
u0027563:i1702439,7.43514
u0027563:i1798684,7.43514
u0027563:i1800246,7.43514
u0027563:i1809398,7.43514
u0027563:i1825157,7.43514
u0027563:i1853728,7.43514
u0027563:i1855199,7.43514
u0027563:i1872194,7.43514
u0027563:i2106476,7.43514
u0027563:i2179136,7.43514
u0027563:i2199571,7.43514
u0027563:i2205697,7.43514
u0027563:i2245084,7.43514
u0027563:i2302755,7.43514
u0027563:i2381941,7.43514
u0027563:i2436386,7.43514
u0027563:i2561572,7.43514
u0027563:i2562232,7.43514
u0027563:i2582802,7.43514
u0027563:i2802144,7.43514
u0027563:i2872718,7.43514
u0027563:i2980516,7.43514
u0027563:i2980592,7.43514
u0027567:i0816442,7.29028
u0027567:i1398426,7.29028
u0027567:i1907668,7.29028
u0027567:i1924435,7.29028
u0027567:i2170593,7.29028
u0027567:i2179136,7.29028
u0027567:i2980516,7.29028
u0027579:i0052905,7.67
u0027579:i0065051,7.67
u0027579:i0067809,7.67
u0027579:i0068931,7.67
u0027579:i0085121,7.67
u0027579:i0089003,7.67
u0027579:i0089348,7.67
u0027579:i0091575,7.67
u0027579:i0092585,7.67
u0027579:i0092857,7.67
u0027579:i0094894,7.67
u0027579:i0095253,7.67
u0027579:i0095626,7.67
u0027579:i0107076,7.67
u0027579:i0109480,7.67
u0027579:i0111127,7.67
u0027579:i0112442,7.67
u0027579:i0112572,7.67
u0027579:i0113755,7.67
u0027579:i0117060,7.67
u0027579:i0145891,7.67
u0027579:i0150377,7.67
u0027579:i0271027,7.67
u0027579:i0324127,7.67
u0027579:i0326905,7.67
u0027579:i0365907,7.67
u0027579:i0368008,7.67
u0027579:i0375912,7.67
u0027579:i0413300,7.67
u0027579:i0450314,7.67
u0027579:i0462373,7.67
u0027579:i0499448,7.67
u0027579:i0770828,7.67
u0027579:i0780571,7.67
u0027579:i0822854,7.67
u0027579:i0976238,7.67
u0027579:i1034314,7.67
u0027579:i1129442,7.67
u0027579:i1201607,7.67
u0027579:i1210819,7.67
u0027579:i1250777,7.67
u0027579:i1289406,7.67
u0027579:i1337057,7.67
u0027579:i1430132,7.67
u0027579:i1606378,7.67
u0027579:i1640459,7.67
u0027579:i1646980,7.67
u0027579:i1661199,7.67
u0027579:i1663207,7.67
u0027579:i1690953,7.67
u0027579:i1766094,7.67
u0027579:i1788383,7.67
u0027579:i1905041,7.67
u0027579:i1925431,7.67
u0027579:i1975249,7.67
u0027579:i2113809,7.67
u0027579:i2234155,7.67
u0027579:i2275946,7.67
u0027579:i2333784,7.67
u0027579:i2404463,7.67
u0027579:i2542490,7.67
u0027579:i2675914,7.67
u0027579:i2870708,7.67
u0027587:i0108186,0
u0027587:i0118929,5.39256
u0027587:i1661199,6.65041
u0027587:i2140379,5.63475
u0027587:i2268016,6.59479
u0027587:i4219130,0
u0027595:i0081398,6.66759
u0027595:i0093058,6.66759
u0027595:i0099685,6.66759
u0027595:i0114814,6.66759
u0027595:i0118799,6.66759
u0027595:i0440963,6.66759
u0027595:i1038988,6.66759
u0027595:i1100089,6.66759
u0027595:i1392190,6.66759
u0027595:i2179136,6.66759
u0027595:i2395427,6.66759
u0027595:i2562232,6.66759
u0027595:i2582802,6.66759
u0027595:i2820852,6.66759
u0027595:i2872718,6.66759
u0027595:i2980516,6.66759
u0027595:i3235888,6.66759
u0027612:i0369610,7.80234
u0027612:i0478970,7.80234
u0027612:i0816692,7.80234
u0027612:i2245084,7.80234
u0027612:i2395427,7.80234
u0027612:i2717822,7.80234
u0027612:i2908446,7.80234
u0027616:i1392190,8.02
u0027616:i2084970,8.02
u0027616:i2872718,8.02
u0027623:i0102685,7.67
u0027623:i0109830,7.67
u0027623:i0177971,7.67
u0027623:i0250224,7.67
u0027623:i0470752,7.67
u0027623:i0816692,7.67
u0027623:i0995851,7.67
u0027623:i1091191,7.67
u0027623:i1109624,7.67
u0027623:i1232829,7.67
u0027623:i1666801,7.67
u0027623:i1809398,7.67
u0027623:i1823664,7.67
u0027623:i1972779,7.67
u0027623:i2015381,7.67
u0027623:i2224026,7.67
u0027623:i2305051,7.67
u0027623:i2322441,7.67
u0027623:i2381941,7.67
u0027623:i2395427,7.67
u0027623:i2802144,7.67
u0027623:i2872718,7.67
u0027623:i2872732,7.67
u0027623:i3235888,7.67
u0027623:i3449040,7.67
u0027625:i0816692,8.35179
u0027625:i1355630,8.35179
u0027625:i2557490,8.35179
u0027625:i3500528,8.35179
u0027632:i0369610,7.50684
u0027632:i1121096,7.50684
u0027632:i1392190,7.50684
u0027632:i2395427,7.50684
u0027632:i2820852,7.50684
u0027652:i0309698,7.62423
u0027652:i0367594,7.62423
u0027652:i1638355,7.62423
u0027652:i1911658,7.62423
u0027652:i2039393,7.62423
u0027652:i2319580,7.62423
u0027652:i2802144,7.62423
u0027652:i2908446,7.62423
u0027662:i1791528,7.40411
u0027662:i1872194,7.40411
u0027662:i2381941,7.40411
u0027662:i2717822,7.40411
u0027662:i2802144,7.40411
u0027662:i3007512,7.40411
u0027662:i3045616,7.40411
u0027663:i0258463,7.13248
u0027663:i0372183,6.4709
u0027663:i0440963,6.19595
u0027666:i0265666,7.41959
u0027666:i0272152,7.41959
u0027666:i0289992,7.41959
u0027666:i0359950,7.41959
u0027666:i0425112,7.41959
u0027666:i0435651,7.41959
u0027666:i1023114,7.41959
u0027666:i1065073,7.41959
u0027666:i1100089,7.41959
u0027666:i1234654,7.41959
u0027666:i1528100,7.41959
u0027666:i1600196,7.41959
u0027666:i1626146,7.41959
u0027666:i1872194,7.41959
u0027666:i2084970,7.41959
u0027666:i2170299,7.41959
u0027666:i2170439,7.41959
u0027666:i2267998,7.41959
u0027666:i2397535,7.41959
u0027666:i2562232,7.41959
u0027666:i2866360,7.41959
u0027666:i2884206,7.41959
u0027666:i2911666,7.41959
u0027673:i0470752,7.67
u0027673:i1392190,7.67
u0027673:i2395427,7.67
u0027677:i1881002,6.49348
u0027677:i2669336,6.49211
u0027677:i2675914,6.68962
u0027677:i2802144,6.58167
u0027677:i2844798,6.42672
u0027684:i1392190,6.9998
u0027684:i1617661,6.9998
u0027684:i1823672,6.9998
u0027684:i2395427,6.9998
u0027684:i2582802,6.9998
u0027684:i2872718,6.9998
u0027690:i0120815,7.60697
u0027690:i0155267,7.60697
u0027690:i0317740,7.60697
u0027690:i0359950,7.60697
u0027690:i0369610,7.60697
u0027690:i0390384,7.60697
u0027690:i0470752,7.60697
u0027690:i0478970,7.60697
u0027690:i0790724,7.60697
u0027690:i0945513,7.60697
u0027690:i1045658,7.60697
u0027690:i1205537,7.60697
u0027690:i1213663,7.60697
u0027690:i1291150,7.60697
u0027690:i1374992,7.60697
u0027690:i1439572,7.60697
u0027690:i1790864,7.60697
u0027690:i1959490,7.60697
u0027690:i2015381,7.60697
u0027690:i2084970,7.60697
u0027690:i2109248,7.60697
u0027690:i2140465,7.60697
u0027690:i2388715,7.60697
u0027690:i2395427,7.60697
u0027690:i3863552,7.60697
u0027698:i1121096,7.91742
u0027698:i1617661,7.91742
u0027698:i1661199,7.91742
u0027698:i1823672,7.91742
u0027698:i2084970,7.91742
u0027698:i2179136,7.91742
u0027698:i2322441,7.91742
u0027698:i2338151,7.91742
u0027698:i2381941,7.91742
u0027698:i2395427,7.91742
u0027698:i2802144,7.91742
u0027698:i3672840,7.91742
u0027698:i4222718,7.91742
u0027702:i0478813,7.81687
u0027702:i1392190,7.81687
u0027702:i2395427,7.81687
u0027740:i0232500,7.92598
u0027740:i0290673,7.92598
u0027740:i0322259,7.92598
u0027740:i0327056,7.92598
u0027740:i0369610,7.92598
u0027740:i0463985,7.92598
u0027740:i0478970,7.92598
u0027740:i1013752,7.92598
u0027740:i1132620,7.92598
u0027740:i1340138,7.92598
u0027740:i1392190,7.92598
u0027740:i1655442,7.92598
u0027740:i2126355,7.92598
u0027740:i2199571,7.92598
u0027740:i2278871,7.92598
u0027740:i2381249,7.92598
u0027740:i2679042,7.92598
u0027740:i2820852,7.92598
u0027740:i3197766,7.92598
u0027740:i3672840,7.92598
u0027740:i4415068,7.92598
u0027743:i0092099,7.7718
u0027743:i0111161,7.7718
u0027743:i0352248,7.7718
u0027743:i0372784,7.7718
u0027743:i0455944,7.7718
u0027743:i0884732,7.7718
u0027743:i1099212,7.7718
u0027743:i1109624,7.7718
u0027743:i1291150,7.7718
u0027743:i1411697,7.7718
u0027743:i1798684,7.7718
u0027743:i2024432,7.7718
u0027743:i2179136,7.7718
u0027743:i2267998,7.7718
u0027743:i2820852,7.7718
u0027743:i2911666,7.7718
u0027743:i2980516,7.7718
u0027743:i3079380,7.7718
u0027748:i0455944,6.23127
u0027748:i2084970,6.23127
u0027748:i3007512,6.23127
u0027750:i0120586,7.60697
u0027750:i1872194,7.60697
u0027750:i2713180,7.60697
u0027778:i0046250,5.43328
u0027778:i0117913,5.36411
u0027778:i0211915,5.89646
u0027778:i0369610,6.61729
u0027778:i0397535,5.82068
u0027778:i1020072,7.16965
u0027778:i1198156,5.26133
u0027778:i2381941,6.67446
u0027778:i2980516,6.83976
u0027807:i0308514,7.60697
u0027807:i0369610,7.60697
u0027807:i0470752,7.60697
u0027807:i1100089,7.60697
u0027807:i1340138,7.60697
u0027807:i1392190,7.60697
u0027807:i1421361,7.60697
u0027807:i1698652,7.60697
u0027807:i1798684,7.60697
u0027807:i1881002,7.60697
u0027807:i1945084,7.60697
u0027807:i2126355,7.60697
u0027807:i2381249,7.60697
u0027807:i2397535,7.60697
u0027807:i2582802,7.60697
u0027807:i2784678,7.60697
u0027807:i2820852,7.60697
u0027807:i2872732,7.60697
u0027807:i2911668,7.60697
u0027807:i2938416,7.60697
u0027807:i3264102,7.60697
u0027807:i3966544,7.60697
u0027811:i0250494,7.45435
u0027811:i0463034,7.45435
u0027811:i1020072,7.45435
u0027841:i1126590,7.60697
u0027841:i1980929,7.60697
u0027841:i2247476,7.60697
u0027851:i1690953,5.88782
u0027851:i3079380,6.34704
u0027851:i3605418,6.81494
u0027855:i0102926,7.70696
u0027855:i0103893,7.70696
u0027855:i0120749,7.70696
u0027855:i0144120,7.70696
u0027855:i1477076,7.70696
u0027855:i2184339,7.70696
u0027855:i2872732,7.70696
u0027855:i2975578,7.70696
u0027875:i0478970,6.35284
u0027875:i1638355,6.46739
u0027875:i2381249,6.42779
u0027875:i2395427,6.72815
u0027875:i2802144,6.58788
u0027875:i2820852,6.51621
u0027887:i0119654,7.01628
u0027887:i0455944,7.01628
u0027887:i0470752,7.01628
u0027887:i1109624,7.01628
u0027887:i1272878,7.01628
u0027887:i1731141,7.01628
u0027887:i2084970,7.01628
u0027887:i2113681,7.01628
u0027887:i2317225,7.01628
u0027887:i2562232,7.01628
u0027887:i2769184,7.01628
u0027887:i2802144,7.01628
u0027887:i2872718,7.01628
u0027887:i2980516,7.01628
u0027887:i3297330,7.01628
u0027887:i3433074,7.01628
u0027887:i3622120,7.01628
u0027899:i0100157,7.03534
u0027899:i0102536,7.03534
u0027899:i0114814,7.03534
u0027899:i0119174,7.03534
u0027899:i2713180,7.03534
u0027901:i0369610,6.62449
u0027901:i0783233,4.14135
u0027901:i1714206,6.10825
u0027901:i1840309,6.56843
u0027901:i2293640,6.53939
u0027901:i2637276,6.0767
u0027907:i0073486,7.26259
u0027907:i0075686,7.26259
u0027907:i0086879,7.26259
u0027907:i0097937,7.26259
u0027907:i0105695,7.26259
u0027907:i0112641,7.26259
u0027907:i0113277,7.26259
u0027907:i0114814,7.26259
u0027907:i0118715,7.26259
u0027907:i0119488,7.26259
u0027907:i0268978,7.26259
u0027907:i0277027,7.26259
u0027907:i0408306,7.26259
u0027907:i0758758,7.26259
u0027907:i0816692,7.26259
u0027907:i0884732,7.26259
u0027907:i1179031,7.26259
u0027907:i1392190,7.26259
u0027907:i1504320,7.26259
u0027907:i1568346,7.26259
u0027907:i1659337,7.26259
u0027907:i1666801,7.26259
u0027907:i1809398,7.26259
u0027907:i1823672,7.26259
u0027907:i1937149,7.26259
u0027907:i1980929,7.26259
u0027907:i2084970,7.26259
u0027907:i2170593,7.26259
u0027907:i2245084,7.26259
u0027907:i2294449,7.26259
u0027907:i2305051,7.26259
u0027907:i2310332,7.26259
u0027907:i2338151,7.26259
u0027907:i2370248,7.26259
u0027907:i2381941,7.26259
u0027907:i2561572,7.26259
u0027907:i2562232,7.26259
u0027907:i2614684,7.26259
u0027907:i2788710,7.26259
u0027907:i2802144,7.26259
u0027907:i2872718,7.26259
u0027907:i2884206,7.26259
u0027907:i2911666,7.26259
u0027907:i2937898,7.26259
u0027907:i2980516,7.26259
u0027907:i3316960,7.26259
u0027917:i0369610,8.7
u0027917:i0470752,8.7
u0027917:i1029360,8.7
u0027917:i2096673,8.7
u0027917:i2126355,8.7
u0027917:i2140619,8.7
u0027917:i2179136,8.7
u0027917:i2194499,8.7
u0027917:i2310332,8.7
u0027917:i2381941,8.7
u0027917:i2395427,8.7
u0027917:i2582496,8.7
u0027917:i3235888,8.7
u0027917:i3297330,8.7
u0027917:i3318750,8.7
u0027919:i0309698,7.25656
u0027919:i0315733,7.25656
u0027919:i0488120,7.25656
u0027919:i2096672,7.25656
u0027919:i2718492,7.25656
u0027919:i2980516,7.25656
u0027919:i3011894,7.25656
u0027919:i3316960,7.25656
u0027924:i1638002,7.11096
u0027924:i1872194,7.11096
u0027924:i1972779,7.11096
u0027924:i2170439,7.11096
u0027924:i2980592,7.11096
u0027931:i0110413,7.20215
u0027931:i0118715,7.20215
u0027931:i0172495,7.20215
u0027931:i1872194,7.20215
u0027938:i0091860,4.92226
u0027938:i0115734,3.2601
u0027938:i0427312,4.38324
u0027938:i1100089,6.7823
u0027938:i1560747,5.43603
u0027938:i1809398,6.64315
u0027938:i2039393,6.57531
u0027938:i2179136,6.79707
u0027938:i2382298,7.13279
u0027938:i2397535,6.77987
u0027938:i2562232,6.76998
u0027938:i3416742,6.93717
u0027947:i0217505,5.53375
u0027947:i1392190,6.38563
u0027947:i1675434,4.88599
u0027968:i0371746,5.84515
u0027968:i2395427,6.73544
u0027968:i2562232,6.77714
u0027968:i2582802,6.76643
u0027968:i2962876,7.15174
u0027968:i3316960,6.63712
u0027969:i1392190,6.39103
u0027969:i2261331,6.19228
u0027969:i2802144,6.59411
u0027969:i3674910,6.22436
u0027970:i0036868,5.74482
u0027970:i0050613,3.08384
u0027970:i0053198,5.6679
u0027970:i0053604,6.0095
u0027970:i0053779,4.67426
u0027970:i0055499,0
u0027970:i0060827,4.85809
u0027970:i0069293,4.37083
u0027970:i0072443,4.99662
u0027970:i0077631,5.48975
u0027970:i0101410,6.06552
u0027970:i0108394,4.11091
u0027970:i0113247,4.7558
u0027970:i0118694,4.31931
u0027970:i0168629,6.39604
u0027970:i0401711,5.32155
u0027970:i0419749,3.83807
u0027970:i0441909,4.19091
u0027970:i0470752,6.68186
u0027970:i0478970,6.36339
u0027970:i1028532,6.22775
u0027970:i1255953,5.35958
u0027970:i1392190,6.39643
u0027970:i1791528,6.68956
u0027970:i1798684,6.19301
u0027970:i2096673,6.67458
u0027970:i2322441,6.91283
u0027970:i2381249,6.43929
u0027970:i2381941,6.6866
u0027970:i2802144,6.60033
u0027970:i2820852,6.5248
u0027970:i3079380,6.36229
u0027970:i4877114,1.68371
u0027986:i0472033,6.89727
u0027986:i0884732,6.89727
u0027986:i1029360,6.89727
u0027986:i1587310,6.89727
u0027986:i1638002,6.89727
u0027986:i1661199,6.89727
u0027986:i1674771,6.89727
u0027986:i1780798,6.89727
u0027986:i1850397,6.89727
u0027986:i1881002,6.89727
u0027986:i2170439,6.89727
u0027986:i2203308,6.89727
u0027986:i2245084,6.89727
u0027986:i2283748,6.89727
u0027986:i2381941,6.89727
u0027986:i2402157,6.89727
u0027986:i2561572,6.89727
u0027986:i2820852,6.89727
u0027986:i2918436,6.89727
u0027986:i3175038,6.89727
u0027986:i3203616,6.89727
u0027986:i3247714,6.89727
u0027986:i3678938,6.89727
u0027986:i3767372,6.89727
u0027986:i3848892,6.89727
u0027988:i0096288,7.97525
u0027988:i0117913,7.97525
u0027988:i0119217,7.97525
u0027988:i0289992,7.97525
u0027988:i0376541,7.97525
u0027988:i0420223,7.97525
u0027988:i0795368,7.97525
u0027988:i0808417,7.97525
u0027988:i1839492,7.97525
u0027988:i2562232,7.97525
u0027988:i2692904,7.97525
u0027988:i2785032,7.97525
u0027988:i2800240,7.97525
u0027988:i3011894,7.97525
u0027988:i3442006,7.97525
u0028003:i0097216,7.60697
u0028003:i1020072,7.60697
u0028003:i1065073,7.60697
u0028003:i1798684,7.60697
u0028003:i1809398,7.60697
u0028003:i2515030,7.60697
u0028003:i2562232,7.60697
u0028003:i2582802,7.60697
u0028003:i2758880,7.60697
u0028003:i2872718,7.60697
u0028003:i3060492,7.60697
u0028003:i4257858,7.60697
u0028005:i1121096,7.50908
u0028005:i1568911,7.50908
u0028005:i2322441,7.50908
u0028005:i2802144,7.50908
u0028005:i2820852,7.50908
u0028005:i2908446,7.50908
u0028005:i4319112,7.50908
u0028056:i0114709,8.24493
u0028056:i0120363,8.24493
u0028056:i0120737,8.24493
u0028056:i1408253,8.24493
u0028056:i1726592,8.24493
u0028056:i2872718,8.24493
u0028056:i2911666,8.24493
u0028058:i1392190,6.40184
u0028058:i1661199,6.67504
u0028058:i2199571,6.16917
u0028058:i3045616,6.56453
u0028079:i1204977,7.60697
u0028079:i2179136,7.60697
u0028079:i2245084,7.60697
u0028079:i2278388,7.60697
u0028079:i2321549,7.60697
u0028079:i2452254,7.60697
u0028079:i2562232,7.60697
u0028079:i2582802,7.60697
u0028079:i2582846,7.60697
u0028079:i2713180,7.60697
u0028079:i2980516,7.60697
u0028079:i3253930,7.60697
u0028079:i3790012,7.60697
u0028087:i0054189,5.20674
u0028087:i0062229,3.6583
u0028087:i0067900,0
u0028098:i0369610,7.64022
u0028098:i0470752,7.64022
u0028098:i0884732,7.64022
u0028098:i1065073,7.64022
u0028098:i1109624,7.64022
u0028098:i1441952,7.64022
u0028098:i1441953,7.64022
u0028098:i1661199,7.64022
u0028098:i1979320,7.64022
u0028098:i2084970,7.64022
u0028098:i2170439,7.64022
u0028098:i2179136,7.64022
u0028098:i2180411,7.64022
u0028098:i2199571,7.64022
u0028098:i2224026,7.64022
u0028098:i2245084,7.64022
u0028098:i2446042,7.64022
u0028098:i2562232,7.64022
u0028098:i2637294,7.64022
u0028098:i2802144,7.64022
u0028098:i2872718,7.64022
u0028098:i2908446,7.64022
u0028098:i2980516,7.64022
u0028099:i1355630,7.3866
u0028099:i2381941,7.3866
u0028099:i2802144,7.3866
u0028114:i1091191,5.87639
u0028114:i2199571,6.1912
u0028114:i2562232,6.7843
u0028154:i0816692,7.23429
u0028154:i2582802,7.23429
u0028154:i2820852,7.23429
u0028178:i0455944,6.85288
u0028178:i0478970,6.85288
u0028178:i1245492,6.85288
u0028178:i1823672,6.85288
u0028178:i2279373,6.85288
u0028178:i2310332,6.85288
u0028178:i2339741,6.85288
u0028178:i2381941,6.85288
u0028178:i2397535,6.85288
u0028178:i2561572,6.85288
u0028178:i2637294,6.85288
u0028178:i2802144,6.85288
u0028178:i2908446,6.85288
u0028178:i3472226,6.85288
u0028192:i1486834,7.10758
u0028192:i1638002,7.10758
u0028192:i2245084,7.10758
u0028192:i2446042,7.10758
u0028192:i2692250,7.10758
u0028229:i0475276,4.28209
u0028229:i1023114,5.13992
u0028229:i1285016,6.39557
u0028229:i2179136,6.80439
u0028281:i0241527,6.401
u0028281:i0369610,6.401
u0028281:i0455407,6.401
u0028281:i1091191,6.401
u0028281:i2084970,6.401
u0028281:i2179136,6.401
u0028281:i2446042,6.401
u0028281:i2980516,6.401
u0028281:i3195644,6.401
u0028283:i0790636,7.60697
u0028283:i2582802,7.60697
u0028283:i2980516,7.60697
u0028283:i3079380,7.60697
u0028283:i3195644,7.60697
u0028333:i0964517,7.01876
u0028333:i1528071,7.01876
u0028333:i2359024,7.01876
u0028333:i2395427,7.01876
u0028333:i2866360,7.01876
u0028335:i2395427,6.94009
u0028335:i2446042,6.94009
u0028335:i2802144,6.94009
u0028335:i3450072,6.94009
u0028337:i0108037,7.67
u0028337:i0414387,7.67
u0028337:i0458352,7.67
u0028337:i0790627,7.67
u0028337:i1126590,7.67
u0028337:i1412386,7.67
u0028337:i1570728,7.67
u0028337:i1823672,7.67
u0028337:i2084970,7.67
u0028337:i2179136,7.67
u0028337:i2515034,7.67
u0028337:i2562232,7.67
u0028337:i2714900,7.67
u0028337:i2796678,7.67
u0028337:i2802144,7.67
u0028337:i2870756,7.67
u0028337:i3007512,7.67
u0028337:i3316960,7.67
u0028337:i3442006,7.67
u0028344:i0038650,7.01876
u0028344:i0455944,7.01876
u0028344:i0783233,7.01876
u0028344:i1872194,7.01876
u0028344:i2179136,7.01876
u0028344:i2562232,7.01876
u0028344:i2718492,7.01876
u0028344:i2872718,7.01876
u0028344:i2980516,7.01876
u0028377:i0369610,7.54565
u0028377:i2802144,7.54565
u0028377:i3197766,7.54565
u0028405:i0043456,5.93727
u0028405:i0049366,5.93727
u0028405:i0070723,5.93727
u0028405:i0079501,5.93727
u0028405:i0080120,5.93727
u0028405:i0083866,5.93727
u0028405:i0088247,5.93727
u0028405:i0088846,5.93727
u0028405:i0089869,5.93727
u0028405:i0090605,5.93727
u0028405:i0094012,5.93727
u0028405:i0094625,5.93727
u0028405:i0096928,5.93727
u0028405:i0100405,5.93727
u0028405:i0101452,5.93727
u0028405:i0105793,5.93727
u0028405:i0107290,5.93727
u0028405:i0116282,5.93727
u0028405:i0116367,5.93727
u0028405:i0118880,5.93727
u0028405:i0119177,5.93727
u0028405:i0133093,5.93727
u0028405:i0180093,5.93727
u0028405:i0193253,5.93727
u0028405:i0235327,5.93727
u0028405:i0243655,5.93727
u0028405:i0271211,5.93727
u0028405:i0342172,5.93727
u0028405:i0369610,5.93727
u0028405:i0381940,5.93727
u0028405:i0383028,5.93727
u0028405:i0390384,5.93727
u0028405:i0455944,5.93727
u0028405:i0458413,5.93727
u0028405:i0458481,5.93727
u0028405:i0470752,5.93727
u0028405:i0758774,5.93727
u0028405:i0884328,5.93727
u0028405:i0898367,5.93727
u0028405:i0905372,5.93727
u0028405:i0970416,5.93727
u0028405:i1065073,5.93727
u0028405:i1100089,5.93727
u0028405:i1104001,5.93727
u0028405:i1109624,5.93727
u0028405:i1127877,5.93727
u0028405:i1136608,5.93727
u0028405:i1230414,5.93727
u0028405:i1242422,5.93727
u0028405:i1270262,5.93727
u0028405:i1276104,5.93727
u0028405:i1288558,5.93727
u0028405:i1311071,5.93727
u0028405:i1313092,5.93727
u0028405:i1331025,5.93727
u0028405:i1352717,5.93727
u0028405:i1392190,5.93727
u0028405:i1424432,5.93727
u0028405:i1470827,5.93727
u0028405:i1483831,5.93727
u0028405:i1527186,5.93727
u0028405:i1541874,5.93727
u0028405:i1567437,5.93727
u0028405:i1605717,5.93727
u0028405:i1621444,5.93727
u0028405:i1680136,5.93727
u0028405:i1706593,5.93727
u0028405:i1714915,5.93727
u0028405:i1784432,5.93727
u0028405:i1791682,5.93727
u0028405:i1823672,5.93727
u0028405:i1824254,5.93727
u0028405:i1837613,5.93727
u0028405:i1853739,5.93727
u0028405:i1872181,5.93727
u0028405:i1924435,5.93727
u0028405:i1935156,5.93727
u0028405:i1935302,5.93727
u0028405:i1937118,5.93727
u0028405:i1971325,5.93727
u0028405:i1972571,5.93727
u0028405:i1976000,5.93727
u0028405:i1980209,5.93727
u0028405:i1980929,5.93727
u0028405:i2051879,5.93727
u0028405:i2084989,5.93727
u0028405:i2177771,5.93727
u0028405:i2179136,5.93727
u0028405:i2184339,5.93727
u0028405:i2209764,5.93727
u0028405:i2223990,5.93727
u0028405:i2245084,5.93727
u0028405:i2273657,5.93727
u0028405:i2274570,5.93727
u0028405:i2316411,5.93727
u0028405:i2333804,5.93727
u0028405:i2354205,5.93727
u0028405:i2359024,5.93727
u0028405:i2366572,5.93727
u0028405:i2397535,5.93727
u0028405:i2428170,5.93727
u0028405:i2479800,5.93727
u0028405:i2518788,5.93727
u0028405:i2561572,5.93727
u0028405:i2562232,5.93727
u0028405:i2581244,5.93727
u0028405:i2582802,5.93727
u0028405:i2637294,5.93727
u0028405:i2713180,5.93727
u0028405:i2756032,5.93727
u0028405:i2784678,5.93727
u0028405:i2802144,5.93727
u0028405:i2866360,5.93727
u0028405:i2870708,5.93727
u0028405:i2872732,5.93727
u0028405:i2884206,5.93727
u0028405:i2910274,5.93727
u0028405:i2910814,5.93727
u0028405:i2911666,5.93727
u0028405:i2937898,5.93727
u0028405:i2938416,5.93727
u0028405:i2980516,5.93727
u0028405:i3074780,5.93727
u0028405:i3152624,5.93727
u0028405:i3186318,5.93727
u0028405:i3209076,5.93727
u0028405:i3235888,5.93727
u0028405:i3249478,5.93727
u0028405:i3268030,5.93727
u0028405:i3416742,5.93727
u0028405:i3455224,5.93727
u0028405:i3518988,5.93727
u0028405:i3539664,5.93727
u0028405:i3638012,5.93727
u0028405:i3657420,5.93727
u0028405:i4229236,5.93727
u0028441:i0081505,4.95228
u0028441:i0088847,5.04305
u0028441:i0097216,5.01505
u0028441:i0113247,4.99359
u0028441:i0190590,4.94774
u0028441:i0327056,6.25719
u0028441:i0357413,5.84284
u0028441:i0381849,4.78658
u0028441:i0382625,4.58579
u0028441:i0384793,3.07191
u0028441:i0411270,5.19342
u0028441:i0425112,6.04788
u0028441:i0427470,4.88869
u0028441:i0465494,5.56652
u0028441:i0468569,4.72633
u0028441:i0475276,4.67137
u0028441:i0765429,5.28795
u0028441:i0825232,5.53396
u0028441:i0838283,3.3735
u0028441:i1182345,5.56152
u0028441:i1205489,5.4095
u0028441:i1392190,6.40725
u0028441:i1661820,6.5948
u0028441:i1748122,6.63178
u0028441:i1791528,6.74223
u0028441:i1823672,6.71641
u0028441:i2199571,6.21332
u0028441:i2438644,6.00779
u0028441:i2561572,6.6119
u0028441:i2669336,6.70851
u0028441:i3042408,5.31363
u0028441:i3079380,6.37759
u0028441:i3316960,6.6576
u0028455:i0120591,7.46913
u0028455:i0816442,7.46913
u0028455:i0816692,7.46913
u0028455:i0832266,7.46913
u0028455:i2381941,7.46913
u0028455:i2395427,7.46913
u0028459:i0369610,6.6317
u0028459:i0379786,3.90686
u0028459:i1029360,7.09211
u0028459:i1392190,6.41266
u0028459:i1674771,6.59495
u0028459:i2170593,6.88961
u0028459:i2278388,6.47712
u0028459:i2395427,6.74274
u0028459:i2535470,6.58804
u0028459:i2848292,6.59083
u0028459:i3079380,6.39292
u0028459:i3099498,6.69082
u0028459:i3152624,6.51019
u0028459:i3235888,6.82207
u0028486:i0057012,6.89727
u0028486:i0114746,6.89727
u0028486:i0116922,6.89727
u0028486:i0118884,6.89727
u0028486:i0166924,6.89727
u0028486:i0414993,6.89727
u0028486:i0446029,6.89727
u0028486:i1065073,6.89727
u0028486:i2084970,6.89727
u0028486:i2103281,6.89727
u0028486:i2179136,6.89727
u0028486:i2245084,6.89727
u0028486:i2322441,6.89727
u0028486:i2338151,6.89727
u0028486:i2562232,6.89727
u0028486:i2582802,6.89727
u0028486:i2872718,6.89727
u0028486:i2980516,6.89727
u0028486:i3698408,6.89727
u0028504:i0369610,6.63891
u0028504:i0477080,5.86197
u0028504:i1291584,4.88177
u0028504:i1638355,6.50022
u0028504:i2179136,6.81171
u0028504:i2446042,6.80081
u0028505:i1638002,5.74577
u0028505:i2205697,5.76829
u0028505:i2726560,6.05521
u0028520:i0071315,7.60455
u0028520:i0079501,7.60455
u0028520:i0109830,7.60455
u0028520:i0910936,7.60455
u0028520:i1392190,7.60455
u0028520:i1456635,7.60455
u0028520:i1535109,7.60455
u0028520:i1626146,7.60455
u0028520:i1872194,7.60455
u0028520:i2084970,7.60455
u0028520:i2096672,7.60455
u0028520:i2582802,7.60455
u0028520:i2872718,7.60455
u0028520:i2883512,7.60455
u0028520:i2980516,7.60455
u0028532:i1527788,7.75455
u0028532:i1600196,7.75455
u0028532:i2937898,7.75455
u0028532:i3007512,7.75455
u0028532:i3697566,7.75455
u0028535:i0449061,3.94564
u0028535:i2381941,6.69876
u0028535:i2636522,2.53566
u0028537:i0026123,7.10307
u0028537:i0031614,7.10307
u0028537:i0032245,7.10307
u0028537:i0032484,7.10307
u0028537:i0034248,7.10307
u0028537:i0034540,7.10307
u0028537:i0035279,7.10307
u0028537:i0036621,7.10307
u0028537:i0036659,7.10307
u0028537:i0038109,7.10307
u0028537:i0038338,7.10307
u0028537:i0049782,7.10307
u0028537:i0050177,7.10307
u0028537:i0052969,7.10307
u0028537:i0055198,7.10307
u0028537:i0056040,7.10307
u0028537:i0056142,7.10307
u0028537:i0058379,7.10307
u0028537:i0058544,7.10307
u0028537:i0059346,7.10307
u0028537:i0060168,7.10307
u0028537:i0060464,7.10307
u0028537:i0061452,7.10307
u0028537:i0061856,7.10307
u0028537:i0063172,7.10307
u0028537:i0064373,7.10307
u0028537:i0065851,7.10307
u0028537:i0066816,7.10307
u0028537:i0067148,7.10307
u0028537:i0067713,7.10307
u0028537:i0068284,7.10307
u0028537:i0068371,7.10307
u0028537:i0070122,7.10307
u0028537:i0070656,7.10307
u0028537:i0071200,7.10307
u0028537:i0071565,7.10307
u0028537:i0073373,7.10307
u0028537:i0074751,7.10307
u0028537:i0076191,7.10307
u0028537:i0076759,7.10307
u0028537:i0077681,7.10307
u0028537:i0079894,7.10307
u0028537:i0080402,7.10307
u0028537:i0080440,7.10307
u0028537:i0080684,7.10307
u0028537:i0082307,7.10307
u0028537:i0083624,7.10307
u0028537:i0083629,7.10307
u0028537:i0083767,7.10307
u0028537:i0086312,7.10307
u0028537:i0087289,7.10307
u0028537:i0087344,7.10307
u0028537:i0089274,7.10307
u0028537:i0089469,7.10307
u0028537:i0089885,7.10307
u0028537:i0092610,7.10307
u0028537:i0092632,7.10307
u0028537:i0093560,7.10307
u0028537:i0094721,7.10307
u0028537:i0095173,7.10307
u0028537:i0096889,7.10307
u0028537:i0097444,7.10307
u0028537:i0099108,7.10307
u0028537:i0099180,7.10307
u0028537:i0099612,7.10307
u0028537:i0101962,7.10307
u0028537:i0103773,7.10307
u0028537:i0104352,7.10307
u0028537:i0104759,7.10307
u0028537:i0105249,7.10307
u0028537:i0107027,7.10307
u0028537:i0107290,7.10307
u0028537:i0110620,7.10307
u0028537:i0112896,7.10307
u0028537:i0115610,7.10307
u0028537:i0119567,7.10307
u0028537:i0120804,7.10307
u0028537:i0120915,7.10307
u0028537:i0121765,7.10307
u0028537:i0121766,7.10307
u0028537:i0138581,7.10307
u0028537:i0146336,7.10307
u0028537:i0160862,7.10307
u0028537:i0163025,7.10307
u0028537:i0163651,7.10307
u0028537:i0192731,7.10307
u0028537:i0212985,7.10307
u0028537:i0222812,7.10307
u0028537:i0252866,7.10307
u0028537:i0267891,7.10307
u0028537:i0268995,7.10307
u0028537:i0276816,7.10307
u0028537:i0304722,7.10307
u0028537:i0318627,7.10307
u0028537:i0338526,7.10307
u0028537:i0343818,7.10307
u0028537:i0360232,7.10307
u0028537:i0365748,7.10307
u0028537:i0369610,7.10307
u0028537:i0371572,7.10307
u0028537:i0373883,7.10307
u0028537:i0416449,7.10307
u0028537:i0432021,7.10307
u0028537:i0437857,7.10307
u0028537:i0454841,7.10307
u0028537:i0456554,7.10307
u0028537:i0458481,7.10307
u0028537:i0470752,7.10307
u0028537:i0795461,7.10307
u0028537:i0800069,7.10307
u0028537:i0829150,7.10307
u0028537:i0848557,7.10307
u0028537:i0880578,7.10307
u0028537:i0884732,7.10307
u0028537:i0938347,7.10307
u0028537:i0947798,7.10307
u0028537:i0993846,7.10307
u0028537:i1029360,7.10307
u0028537:i1100089,7.10307
u0028537:i1121096,7.10307
u0028537:i1134854,7.10307
u0028537:i1174954,7.10307
u0028537:i1185834,7.10307
u0028537:i1220634,7.10307
u0028537:i1243974,7.10307
u0028537:i1311067,7.10307
u0028537:i1340138,7.10307
u0028537:i1345836,7.10307
u0028537:i1371150,7.10307
u0028537:i1392170,7.10307
u0028537:i1398426,7.10307
u0028537:i1418377,7.10307
u0028537:i1477835,7.10307
u0028537:i1479269,7.10307
u0028537:i1571249,7.10307
u0028537:i1591095,7.10307
u0028537:i1596343,7.10307
u0028537:i1622979,7.10307
u0028537:i1634022,7.10307
u0028537:i1674771,7.10307
u0028537:i1714196,7.10307
u0028537:i1716747,7.10307
u0028537:i1855325,7.10307
u0028537:i1872181,7.10307
u0028537:i1872194,7.10307
u0028537:i1921064,7.10307
u0028537:i1924435,7.10307
u0028537:i1951264,7.10307
u0028537:i1951265,7.10307
u0028537:i1959438,7.10307
u0028537:i2011159,7.10307
u0028537:i2105044,7.10307
u0028537:i2170439,7.10307
u0028537:i2179136,7.10307
u0028537:i2203939,7.10307
u0028537:i2247476,7.10307
u0028537:i2309260,7.10307
u0028537:i2322441,7.10307
u0028537:i2339741,7.10307
u0028537:i2637294,7.10307
u0028537:i2713180,7.10307
u0028537:i2788710,7.10307
u0028537:i2820852,7.10307
u0028537:i2870612,7.10307
u0028537:i2872718,7.10307
u0028537:i3195644,7.10307
u0028537:i3322940,7.10307
u0028537:i3704538,7.10307
u0028566:i0455944,6.70517
u0028566:i1600196,6.70517
u0028566:i1823672,6.70517
u0028566:i2103281,6.70517
u0028566:i2446042,6.70517
u0028566:i2802144,6.70517
u0028567:i0091209,8.16197
u0028567:i0387575,8.16197
u0028567:i0455960,8.16197
u0028567:i0470752,8.16197
u0028567:i0831387,8.16197
u0028567:i1065073,8.16197
u0028567:i1392190,8.16197
u0028567:i1440129,8.16197
u0028567:i1450321,8.16197
u0028567:i1564368,8.16197
u0028567:i1631867,8.16197
u0028567:i1726592,8.16197
u0028567:i1809287,8.16197
u0028567:i1872181,8.16197
u0028567:i1951216,8.16197
u0028567:i1956620,8.16197
u0028567:i1979320,8.16197
u0028567:i2004420,8.16197
u0028567:i2084970,8.16197
u0028567:i2179136,8.16197
u0028567:i2209764,8.16197
u0028567:i2446042,8.16197
u0028567:i2509850,8.16197
u0028567:i2614700,8.16197
u0028567:i2717860,8.16197
u0028567:i2725962,8.16197
u0028567:i2788710,8.16197
u0028567:i2975578,8.16197
u0028567:i2980516,8.16197
u0028567:i3097204,8.16197
u0028583:i0050083,7.60697
u0028583:i0114746,7.60697
u0028583:i0180093,7.60697
u0028583:i0253474,7.60697
u0028583:i0338013,7.60697
u0028583:i0790636,7.60697
u0028583:i1340138,7.60697
u0028583:i1371111,7.60697
u0028583:i1528071,7.60697
u0028583:i2395427,7.60697
u0028583:i2562232,7.60697
u0028583:i2582802,7.60697
u0028583:i2637276,7.60697
u0028583:i2669336,7.60697
u0028583:i2692904,7.60697
u0028583:i2918436,7.60697
u0028583:i3195644,7.60697
u0028588:i0068646,4.4536
u0028588:i0071562,4.55617
u0028588:i0099674,4.11366
u0028588:i0099685,5.63103
u0028588:i0110413,4.36237
u0028588:i0111161,4.5487
u0028588:i0114369,4.72525
u0028588:i0114814,4.96642
u0028588:i0137523,5.13885
u0028588:i0266697,5.33116
u0028588:i0443543,4.68978
u0028588:i0468569,4.79904
u0028588:i0816692,6.22877
u0028588:i1130884,4.4802
u0028588:i1152836,4.87961
u0028588:i1197624,4.90935
u0028588:i1375666,5.19535
u0028588:i1392190,6.41809
u0028588:i1491044,7.2412
u0028588:i1591095,5.49209
u0028588:i1855199,5.34734
u0028588:i1979320,6.29228
u0028588:i2802144,6.60656
u0028597:i0369610,7.69718
u0028597:i2126355,7.69718
u0028597:i2338151,7.69718
u0028597:i2802144,7.69718
u0028606:i0064116,5.14391
u0028606:i0464041,3.01937
u0028606:i1014763,6.14089
u0028606:i2096672,6.88882
u0028606:i2179136,6.81905
u0028606:i2395427,6.75004
u0028606:i2562232,6.79147
u0028633:i0369610,7.67
u0028633:i1020072,7.67
u0028633:i1216491,7.67
u0028633:i1392190,7.67
u0028633:i1646971,7.67
u0028633:i1674771,7.67
u0028633:i1798684,7.67
u0028633:i1825157,7.67
u0028633:i1872194,7.67
u0028633:i2179136,7.67
u0028633:i2562232,7.67
u0028633:i2802154,7.67
u0028633:i2866360,7.67
u0028633:i2991224,7.67
u0028633:i3079380,7.67
u0028633:i3253930,7.67
u0028633:i3390572,7.67
u0028644:i0054215,6.76868
u0028644:i0290673,6.76868
u0028644:i1074638,6.76868
u0028644:i1392190,6.76868
u0028644:i2278388,6.76868
u0028644:i2310332,6.76868
u0028644:i2511670,6.76868
u0028644:i2562232,6.76868
u0028644:i3079380,6.76868
u0028669:i0315733,5.25189
u0028669:i0455323,5.61274
u0028669:i0455944,6.63996
u0028669:i1682180,4.94958
u0028669:i2322441,6.93595
u0028669:i2446042,6.81949
u0028669:i2788710,6.92317
u0028669:i3045616,6.61834
u0028692:i0391304,7.89127
u0028692:i2139555,7.89127
u0028692:i2381249,7.89127
u0028692:i2395427,7.89127
u0028692:i2582802,7.89127
u0028710:i0478970,7.49363
u0028710:i1126590,7.49363
u0028710:i2002718,7.49363
u0028710:i2084970,7.49363
u0028710:i2096673,7.49363
u0028710:i2141751,7.49363
u0028710:i2293640,7.49363
u0028710:i2322441,7.49363
u0028710:i2395427,7.49363
u0028710:i2980516,7.49363
u0028710:i3729920,7.49363
u0028710:i3730518,7.49363
u0028710:i3958276,7.49363
u0028732:i1823672,6.48479
u0028732:i2245084,6.48479
u0028732:i2395427,6.48479
u0028732:i2545118,6.48479
u0028742:i0806102,3.55403
u0028742:i0816692,6.2378
u0028742:i1065073,6.67358
u0028742:i1137470,6.10737
u0028742:i1143143,0
u0028742:i1295909,0
u0028742:i1355630,6.46417
u0028742:i1638002,5.79947
u0028742:i1716767,0
u0028742:i2088003,5.75016
u0028742:i2224026,6.76704
u0028742:i2245084,6.91304
u0028742:i2802144,6.6128
u0028742:i2820852,6.53339
u0028742:i2980472,5.65099
u0028742:i3316960,6.67815
u0028742:i3420108,5.35556
u0028750:i0083944,7.92598
u0028750:i0092563,7.92598
u0028750:i0098273,7.92598
u0028750:i0100814,7.92598
u0028750:i0102005,7.92598
u0028750:i0107290,7.92598
u0028750:i0107362,7.92598
u0028750:i0109417,7.92598
u0028750:i0114814,7.92598
u0028750:i0116277,7.92598
u0028750:i0116676,7.92598
u0028750:i0120735,7.92598
u0028750:i0120877,7.92598
u0028750:i0139699,7.92598
u0028750:i0209144,7.92598
u0028750:i0266465,7.92598
u0028750:i0287978,7.92598
u0028750:i0309698,7.92598
u0028750:i0330793,7.92598
u0028750:i0348150,7.92598
u0028750:i0365907,7.92598
u0028750:i0369610,7.92598
u0028750:i0375912,7.92598
u0028750:i0421054,7.92598
u0028750:i0480255,7.92598
u0028750:i0780536,7.92598
u0028750:i0790724,7.92598
u0028750:i0816462,7.92598
u0028750:i0848228,7.92598
u0028750:i0870111,7.92598
u0028750:i1132620,7.92598
u0028750:i1213648,7.92598
u0028750:i1216487,7.92598
u0028750:i1219289,7.92598
u0028750:i1297919,7.92598
u0028750:i1320253,7.92598
u0028750:i1340138,7.92598
u0028750:i1375666,7.92598
u0028750:i1392190,7.92598
u0028750:i1424381,7.92598
u0028750:i1568346,7.92598
u0028750:i1599975,7.92598
u0028750:i1615065,7.92598
u0028750:i1637725,7.92598
u0028750:i1931533,7.92598
u0028750:i2096673,7.92598
u0028750:i2126355,7.92598
u0028750:i2293640,7.92598
u0028750:i2321549,7.92598
u0028750:i2333784,7.92598
u0028750:i2381941,7.92598
u0028750:i2395427,7.92598
u0028750:i2820852,7.92598
u0028750:i3450116,7.92598
u0028750:i3572132,7.92598
u0028750:i3970854,7.92598
u0028766:i0076759,7.45651
u0028766:i0080684,7.45651
u0028766:i0082971,7.45651
u0028766:i0086190,7.45651
u0028766:i0087469,7.45651
u0028766:i0107290,7.45651
u0028766:i0119567,7.45651
u0028766:i0120915,7.45651
u0028766:i0121765,7.45651
u0028766:i0121766,7.45651
u0028766:i0163025,7.45651
u0028766:i0286716,7.45651
u0028766:i0367882,7.45651
u0028766:i0425112,7.45651
u0028766:i0433035,7.45651
u0028766:i0458339,7.45651
u0028766:i0796366,7.45651
u0028766:i0800080,7.45651
u0028766:i1213663,7.45651
u0028766:i1234721,7.45651
u0028766:i1408101,7.45651
u0028766:i1843866,7.45651
u0028766:i1872181,7.45651
u0028766:i2015381,7.45651
u0028766:i2096672,7.45651
u0028766:i2692250,7.45651
u0028771:i1065073,7.41959
u0028771:i2267998,7.41959
u0028771:i2911666,7.41959
u0028771:i2980592,7.41959
u0028787:i0067116,7.10271
u0028787:i0095687,7.10271
u0028787:i0099052,7.10271
u0028787:i0103003,7.10271
u0028787:i0104926,7.10271
u0028787:i0107504,7.10271
u0028787:i0107612,7.10271
u0028787:i0139134,7.10271
u0028787:i0322802,7.10271
u0028787:i0338526,7.10271
u0028787:i0418763,7.10271
u0028787:i0489270,7.10271
u0028818:i0079501,7.51892
u0028818:i0080487,7.51892
u0028818:i0080761,7.51892
u0028818:i0082418,7.51892
u0028818:i0084516,7.51892
u0028818:i0085995,7.51892
u0028818:i0097958,7.51892
u0028818:i0113855,7.51892
u0028818:i0114609,7.51892
u0028818:i0114682,7.51892
u0028818:i0118583,7.51892
u0028818:i0119654,7.51892
u0028818:i0119698,7.51892
u0028818:i0119707,7.51892
u0028818:i0126029,7.51892
u0028818:i0212338,7.51892
u0028818:i0222850,7.51892
u0028818:i0367594,7.51892
u0028818:i0367959,7.51892
u0028818:i0396269,7.51892
u0028818:i0449088,7.51892
u0028818:i0458352,7.51892
u0028818:i1074638,7.51892
u0028818:i1155056,7.51892
u0028818:i1179904,7.51892
u0028818:i1300854,7.51892
u0028818:i1392190,7.51892
u0028818:i1631867,7.51892
u0028818:i1790864,7.51892
u0028818:i1823672,7.51892
u0028818:i2011159,7.51892
u0028818:i2179136,7.51892
u0028818:i2395427,7.51892
u0028818:i2428170,7.51892
u0028818:i2446042,7.51892
u0028818:i2561572,7.51892
u0028818:i2562232,7.51892
u0028818:i2802144,7.51892
u0028818:i2820852,7.51892
u0028818:i2848292,7.51892
u0028818:i3235888,7.51892
u0028829:i0455944,7.53995
u0028829:i1109624,7.53995
u0028829:i1441395,7.53995
u0028829:i1457767,7.53995
u0028829:i1490017,7.53995
u0028829:i1531901,7.53995
u0028829:i1790864,7.53995
u0028829:i1959490,7.53995
u0028829:i2004420,7.53995
u0028829:i2015381,7.53995
u0028829:i2101341,7.53995
u0028829:i2194499,7.53995
u0028829:i2317225,7.53995
u0028829:i2321549,7.53995
u0028829:i2377322,7.53995
u0028829:i2403029,7.53995
u0028829:i2404463,7.53995
u0028829:i2581244,7.53995
u0028829:i2692904,7.53995
u0028829:i2802144,7.53995
u0028829:i2980516,7.53995
u0028829:i2980592,7.53995
u0028841:i2381249,7.64261
u0028841:i2381941,7.64261
u0028841:i2561572,7.64261
u0028841:i2820852,7.64261
u0028841:i3079380,7.64261
u0028842:i0478970,6.37396
u0028842:i1340138,6.49773
u0028842:i1392190,6.42351
u0028842:i1502712,6.39305
u0028842:i2096673,6.68916
u0028842:i2120120,6.13781
u0028842:i2293640,6.56291
u0028842:i2309260,6.59711
u0028847:i0088944,7.41081
u0028847:i0101921,7.41081
u0028847:i0114898,7.41081
u0028847:i0391198,7.41081
u0028847:i1656190,7.41081
u0028850:i0111161,4.60486
u0028850:i1637688,5.9865
u0028850:i3195644,6.45399
u0028850:i3397556,4.63707
u0028857:i0056676,6.65362
u0028857:i0061075,6.65362
u0028857:i0091225,6.65362
u0028857:i0091369,6.65362
u0028857:i0103644,6.65362
u0028857:i0332379,6.65362
u0028857:i0770752,6.65362
u0028857:i1646971,6.65362
u0028857:i1980209,6.65362
u0028857:i3079016,6.65362
u0028890:i0443706,7.27739
u0028890:i1392190,7.27739
u0028890:i1398426,7.27739
u0028890:i1798684,7.27739
u0028890:i2179136,7.27739
u0028890:i2381941,7.27739
u0028890:i2446042,7.27739
u0028890:i2637276,7.27739
u0028890:i2802144,7.27739
u0028890:i2820852,7.27739
u0028890:i2872718,7.27739
u0028890:i4044364,7.27739
u0028890:i4178092,7.27739
u0028896:i0369610,7.01977
u0028896:i0478970,7.01977
u0028896:i0829150,7.01977
u0028896:i1528100,7.01977
u0028896:i2179136,7.01977
u0028896:i2381249,7.01977
u0028896:i2395427,7.01977
u0028896:i2436386,7.01977
u0028898:i1772288,6.65124
u0028898:i1836808,4.64462
u0028898:i2614684,6.21149
u0028898:i2785032,6.79308
u0028898:i2802144,6.61905
u0028898:i2884206,6.43071
u0028898:i2937898,6.84156
u0028917:i0816692,7.3278
u0028917:i0955308,7.3278
u0028917:i2267998,7.3278
u0028917:i2310332,7.3278
u0028933:i0371746,5.98432
u0028933:i1228705,6.38681
u0028933:i1392190,6.42894
u0028933:i1655441,6.30619
u0028933:i1877832,6.18585
u0028933:i1964418,6.44553
u0028933:i2395427,6.75736
u0028933:i2582846,5.70301
u0028933:i2820852,6.542
u0028933:i3079380,6.40829
u0028945:i0478970,6.73482
u0028945:i0816692,6.73482
u0028945:i1340138,6.73482
u0028945:i2381249,6.73482
u0028945:i4877114,6.73482
u0028955:i2305051,7.98667
u0028955:i2562232,7.98667
u0028955:i2674040,7.98667
u0028955:i3169706,7.98667
u0028955:i3253930,7.98667
u0028955:i3316960,7.98667
u0028955:i3825638,7.98667
u0028974:i0086979,7.46565
u0028974:i0088763,7.46565
u0028974:i0088846,7.46565
u0028974:i0092005,7.46565
u0028974:i0096283,7.46565
u0028974:i0096874,7.46565
u0028974:i0099088,7.46565
u0028974:i0109830,7.46565
u0028974:i0113568,7.46565
u0028974:i0120770,7.46565
u0028974:i0125022,7.46565
u0028974:i0230600,7.46565
u0028974:i0272152,7.46565
u0028974:i0470752,7.46565
u0028974:i0829150,7.46565
u0028974:i1121096,7.46565
u0028974:i1470827,7.46565
u0028974:i1486185,7.46565
u0028974:i1527186,7.46565
u0028974:i1567437,7.46565
u0028974:i1600196,7.46565
u0028974:i1617661,7.46565
u0028974:i1655441,7.46565
u0028974:i1698641,7.46565
u0028974:i1809398,7.46565
u0028974:i1823672,7.46565
u0028974:i1872194,7.46565
u0028974:i1881002,7.46565
u0028974:i1951095,7.46565
u0028974:i1951265,7.46565
u0028974:i2084970,7.46565
u0028974:i2096672,7.46565
u0028974:i2170439,7.46565
u0028974:i2170593,7.46565
u0028974:i2179136,7.46565
u0028974:i2180411,7.46565
u0028974:i2245084,7.46565
u0028974:i2305051,7.46565
u0028974:i2339741,7.46565
u0028974:i2345737,7.46565
u0028974:i2361700,7.46565
u0028974:i2473794,7.46565
u0028974:i2562232,7.46565
u0028974:i2582802,7.46565
u0028974:i2788716,7.46565
u0028974:i2802144,7.46565
u0028974:i2820852,7.46565
u0028974:i2872718,7.46565
u0028974:i2980516,7.46565
u0028974:i2994190,7.46565
u0028974:i3007512,7.46565
u0028974:i3297330,7.46565
u0028974:i3328716,7.46565
u0028974:i3395184,7.46565
u0028974:i3442006,7.46565
u0028977:i0064406,7.60552
u0028977:i0213847,7.60552
u0028977:i0361748,7.60552
u0028977:i0816692,7.60552
u0028977:i1020072,7.60552
u0028977:i1067765,7.60552
u0028977:i1250777,7.60552
u0028977:i1723811,7.60552
u0028977:i1748122,7.60552
u0028977:i1935179,7.60552
u0028977:i1937390,7.60552
u0028977:i2084970,7.60552
u0028977:i2179136,7.60552
u0028977:i2576852,7.60552
u0028977:i2714900,7.60552
u0028977:i2788710,7.60552
u0028977:i2884206,7.60552
u0028977:i3011894,7.60552
u0029006:i0369610,7.21327
u0029006:i0455944,7.21327
u0029006:i1327773,7.21327
u0029006:i1911658,7.21327
u0029006:i2245084,7.21327
u0029006:i2310332,7.21327
u0029006:i2338151,7.21327
u0029006:i2372222,7.21327
u0029006:i2404425,7.21327
u0029006:i2461132,7.21327
u0029006:i2555736,7.21327
u0029006:i2726560,7.21327
u0029006:i2820852,7.21327
u0029006:i2883512,7.21327
u0029006:i2908856,7.21327
u0029006:i2926068,7.21327
u0029006:i2988272,7.21327
u0029006:i3142688,7.21327
u0029006:i3173910,7.21327
u0029006:i3390572,7.21327
u0029006:i3398052,7.21327
u0029006:i3495000,7.21327
u0029006:i3495030,7.21327
u0029006:i3541262,7.21327
u0029006:i3780094,7.21327
u0029018:i0107156,8.0726
u0029018:i0117951,8.0726
u0029018:i0206634,8.0726
u0029018:i0312004,8.0726
u0029018:i1100089,8.0726
u0029018:i1126590,8.0726
u0029018:i1951265,8.0726
u0029018:i2084970,8.0726
u0029018:i2180411,8.0726
u0029018:i2937898,8.0726
u0029045:i1014763,6.20838
u0029045:i2218003,5.78472
u0029045:i2582802,6.77389
u0029047:i0257044,8.50533
u0029047:i1065073,8.50533
u0029047:i1398426,8.50533
u0029047:i2024469,8.50533
u0029047:i2084970,8.50533
u0029047:i2096673,8.50533
u0029047:i2097298,8.50533
u0029047:i2103254,8.50533
u0029047:i2179136,8.50533
u0029047:i2395427,8.50533
u0029047:i2557490,8.50533
u0029047:i2802144,8.50533
u0029047:i2848292,8.50533
u0029047:i3316960,8.50533
u0029047:i3713166,8.50533
u0029051:i0071360,7.68551
u0029051:i0094625,7.68551
u0029051:i0095647,7.68551
u0029051:i0130827,7.68551
u0029051:i0469494,7.68551
u0029051:i0758758,7.68551
u0029051:i1631867,7.68551
u0029051:i2152198,7.68551
u0029051:i2267998,7.68551
u0029051:i2582802,7.68551
u0029051:i2980516,7.68551
u0029068:i1290414,7.92598
u0029068:i1439572,7.92598
u0029068:i1745710,7.92598
u0029068:i3011894,7.92598
u0029068:i3253930,7.92598
u0029068:i3654964,7.92598
u0029072:i0023649,6.67505
u0029072:i0028597,6.67505
u0029072:i0048960,6.67505
u0029072:i0068327,6.67505
u0029072:i0069945,6.67505
u0029072:i0074312,6.67505
u0029072:i0082671,6.67505
u0029072:i0082736,6.67505
u0029072:i0087020,6.67505
u0029072:i0090967,6.67505
u0029072:i0096337,6.67505
u0029072:i0097728,6.67505
u0029072:i0100269,6.67505
u0029072:i0109685,6.67505
u0029072:i0110057,6.67505
u0029072:i0116962,6.67505
u0029072:i0159097,6.67505
u0029072:i2179136,6.67505
u0029072:i2562232,6.67505
u0029072:i2582802,6.67505
u0029080:i0112606,0
u0029080:i0117887,3.69084
u0029080:i0325710,6.71583
u0029080:i0369610,6.64614
u0029080:i0388183,0
u0029080:i0455944,6.67028
u0029080:i0816692,6.24684
u0029080:i0884732,6.56029
u0029080:i1065073,6.69304
u0029080:i1085492,6.86489
u0029080:i1086772,6.07659
u0029080:i1094666,0
u0029080:i1100089,6.80652
u0029080:i1205537,6.8786
u0029080:i1253863,6.41062
u0029080:i1272878,5.91697
u0029080:i1340138,6.51331
u0029080:i1371150,6.93513
u0029080:i1392190,6.43438
u0029080:i1408253,6.04056
u0029080:i1411250,4.79742
u0029080:i1631867,6.70505
u0029080:i1872194,6.88443
u0029080:i1924435,6.39812
u0029080:i1956620,6.68387
u0029080:i2084970,6.64282
u0029080:i2096672,6.93474
u0029080:i2103254,6.19525
u0029080:i2170299,7.12642
u0029080:i2170439,6.70671
u0029080:i2179136,6.82639
u0029080:i2199571,6.23551
u0029080:i2231253,6.61174
u0029080:i2267998,6.43388
u0029080:i2293640,6.58652
u0029080:i2381941,6.71094
u0029080:i2431286,6.58854
u0029080:i2561572,6.64116
u0029080:i2582802,6.78137
u0029080:i2582846,5.76568
u0029080:i2637276,6.10071
u0029080:i2692250,7.00901
u0029080:i2713180,6.74952
u0029080:i2802144,6.6253
u0029080:i2820852,6.55062
u0029080:i2883512,6.66072
u0029080:i2911666,6.98282
u0029080:i3007512,6.63794
u0029080:i3079380,6.42369
u0029080:i3450650,5.89757
u0029080:i3525346,2.55901
u0029082:i0092890,7.88275
u0029082:i0469623,7.88275
u0029082:i1020072,7.88275
u0029082:i1126590,7.88275
u0029082:i1809398,7.88275
u0029082:i2039393,7.88275
u0029082:i2555736,7.88275
u0029082:i2562232,7.88275
u0029082:i2582802,7.88275
u0029082:i2980516,7.88275
u0029091:i0369610,7.32906
u0029091:i2179136,7.32906
u0029091:i2199571,7.32906
u0029091:i2279373,7.32906
u0029091:i2339741,7.32906
u0029091:i2446042,7.32906
u0029091:i2562232,7.32906
u0029091:i2717822,7.32906
u0029091:i2820852,7.32906
u0029091:i2908446,7.32906
u0029091:i3042408,7.32906
u0029091:i3179568,7.32906
u0029091:i3203616,7.32906
u0029107:i0420223,5.50336
u0029107:i2561572,6.67054
u0029107:i2802144,6.63155
u0029128:i0369610,7.92598
u0029128:i0478970,7.92598
u0029128:i1638355,7.92598
u0029128:i2381249,7.92598
u0029173:i0181875,7.72584
u0029173:i0824747,7.72584
u0029173:i1198156,7.72584
u0029173:i2582802,7.72584
u0029173:i2980516,7.72584
u0029173:i3042408,7.72584
u0029180:i0057358,6.94513
u0029180:i0138704,6.94513
u0029180:i2101473,6.94513
u0029180:i2872718,6.94513
u0029180:i2884206,6.94513
u0029182:i0107207,7.79478
u0029182:i0816692,7.79478
u0029182:i1187043,7.79478
u0029182:i1375666,7.79478
u0029182:i3538766,7.79478
u0029203:i0073486,7.60697
u0029203:i0427944,7.60697
u0029203:i2084970,7.60697
u0029203:i2582802,7.60697
u0029203:i2802144,7.60697
u0029203:i2884206,7.60697
u0029203:i2980516,7.60697
u0029203:i3042408,7.60697
u0029208:i0365907,7.92598
u0029208:i1972779,7.92598
u0029208:i2024469,7.92598
u0029208:i2199571,7.92598
u0029208:i2446042,7.92598
u0029208:i2820852,7.92598
u0029208:i2872718,7.92598
u0029208:i2923316,7.92598
u0029208:i3247714,7.92598
u0029208:i3316960,7.92598
u0029211:i0470752,6.6934
u0029211:i1014763,6.2766
u0029211:i1294688,5.41213
u0029211:i1343092,5.00147
u0029211:i1392190,6.43981
u0029211:i1441953,6.09226
u0029211:i1528100,6.74599
u0029211:i1638002,5.85367
u0029211:i1706620,6.50048
u0029211:i1707386,5.81168
u0029211:i1723121,5.77428
u0029211:i1781769,5.231
u0029211:i1809398,6.6689
u0029211:i2193215,6.58189
u0029211:i2395427,6.76468
u0029211:i2402101,6.16969
u0029211:i2713180,6.76631
u0029211:i2802144,6.63782
u0029211:i2935476,6.53084
u0029211:i3011894,6.69573
u0029211:i3079380,6.43913
u0029211:i3195644,6.50689
u0029211:i3322940,7.156
u0029231:i0147800,3.95
u0029231:i0808151,5.31964
u0029231:i4084744,6.73006
u0029252:i0758758,5.65753
u0029252:i1661199,6.69976
u0029252:i2199571,6.25778
u0029254:i0388795,6.88267
u0029254:i0421715,6.88267
u0029254:i0780511,6.88267
u0029254:i2545118,6.88267
u0029258:i0816692,7.67
u0029258:i1528100,7.67
u0029258:i1823672,7.67
u0029258:i2179116,7.67
u0029258:i2820852,7.67
u0029285:i0040522,7.67
u0029285:i0045152,7.67
u0029285:i0047528,7.67
u0029285:i0056592,7.67
u0029285:i0118819,7.67
u0029285:i0206634,7.67
u0029285:i0254455,7.67
u0029285:i0327056,7.67
u0029285:i0361862,7.67
u0029285:i1318514,7.67
u0029285:i1392190,7.67
u0029285:i1637688,7.67
u0029285:i2103281,7.67
u0029285:i2245084,7.67
u0029285:i2473794,7.67
u0029285:i2582802,7.67
u0029285:i2737050,7.67
u0029285:i2870756,7.67
u0029285:i2872718,7.67
u0029285:i2991224,7.67
u0029285:i3011894,7.67
u0029288:i0268978,7.14418
u0029288:i1321860,7.14418
u0029288:i1686821,7.14418
u0029288:i1798709,7.14418
u0029288:i1995341,7.14418
u0029288:i2370034,7.14418
u0029371:i1380799,7.01876
u0029371:i2338151,7.01876
u0029371:i2896036,7.01876
u0029385:i0110413,4.43389
u0029385:i0421715,5.08344
u0029385:i1411238,5.23027
u0029385:i1581835,3.96299
u0029385:i1840417,4.62247
u0029385:i2726560,6.11576
u0029385:i2980472,5.86833
u0029385:i3060492,6.52
u0029396:i0090056,7.01876
u0029396:i0096969,7.01876
u0029396:i0098328,7.01876
u0029396:i0099005,7.01876
u0029396:i0103064,7.01876
u0029396:i0109830,7.01876
u0029396:i0113568,7.01876
u0029396:i0345549,7.01876
u0029396:i0369610,7.01876
u0029396:i0462504,7.01876
u0029396:i0470752,7.01876
u0029396:i0840361,7.01876
u0029396:i1014763,7.01876
u0029396:i1035730,7.01876
u0029396:i1216491,7.01876
u0029396:i1229238,7.01876
u0029396:i1392190,7.01876
u0029396:i1393746,7.01876
u0029396:i1398426,7.01876
u0029396:i1428538,7.01876
u0029396:i1788391,7.01876
u0029396:i1790885,7.01876
u0029396:i1798684,7.01876
u0029396:i2072230,7.01876
u0029396:i2170593,7.01876
u0029396:i2179136,7.01876
u0029396:i2395427,7.01876
u0029396:i2532528,7.01876
u0029396:i2637276,7.01876
u0029396:i2832470,7.01876
u0029396:i3279124,7.01876
u0029396:i3813310,7.01876
u0029426:i0887912,7.08833
u0029426:i1034303,7.08833
u0029426:i1229238,7.08833
u0029436:i0488120,7.34963
u0029436:i0903624,7.34963
u0029436:i0955308,7.34963
u0029436:i0990372,7.34963
u0029436:i1068773,7.34963
u0029436:i1130884,7.34963
u0029436:i1297919,7.34963
u0029436:i1392170,7.34963
u0029436:i1430612,7.34963
u0029436:i1587310,7.34963
u0029436:i1596343,7.34963
u0029436:i1661199,7.34963
u0029436:i1840309,7.34963
u0029436:i1840372,7.34963
u0029436:i1905041,7.34963
u0029436:i1951264,7.34963
u0029436:i1951265,7.34963
u0029436:i2294629,7.34963
u0029436:i2388715,7.34963
u0029436:i2820852,7.34963
u0029436:i2908446,7.34963
u0029436:i3335192,7.34963
u0029444:i0108002,7.22273
u0029444:i2170439,7.22273
u0029444:i2562232,7.22273
u0029444:i2788710,7.22273
u0029445:i0478970,7.71349
u0029445:i1638355,7.71349
u0029445:i1951265,7.71349
u0029445:i2679042,7.71349
u0029445:i2938956,7.71349
u0029473:i1392190,7.92598
u0029473:i1617661,7.92598
u0029473:i2381941,7.92598
u0029473:i2562232,7.92598
u0029473:i2582802,7.92598
u0029473:i2802144,7.92598
u0029474:i0369610,7.60697
u0029474:i1600196,7.60697
u0029474:i1655441,7.60697
u0029474:i1964418,7.60697
u0029474:i2397535,7.60697
u0029474:i2580658,7.60697
u0029474:i2637276,7.60697
u0029474:i2800240,7.60697
u0029474:i2980516,7.60697
u0029474:i3278330,7.60697
u0029474:i3312830,7.60697
u0029474:i3705388,7.60697
u0029474:i4114456,7.60697
u0029474:i4487766,7.60697
u0029526:i0369610,6.95423
u0029526:i1340138,6.95423
u0029526:i2637276,6.95423
u0029530:i0816692,6.25589
u0029530:i1408253,6.22933
u0029530:i1666801,5.82338
u0029530:i2199571,6.28012
u0029530:i2381941,6.72314
u0029530:i2713180,6.78314
u0029530:i2726560,6.17692
u0029530:i2820852,6.55925
u0029530:i2908446,6.40668
u0029530:i2967224,6.01201
u0029539:i0478970,7.79268
u0029539:i1020072,7.79268
u0029539:i1392190,7.79268
u0029539:i2120120,7.79268
u0029539:i2395427,7.79268
u0029550:i0115678,7.60697
u0029550:i1065073,7.60697
u0029550:i1100089,7.60697
u0029550:i1486834,7.60697
u0029550:i1490017,7.60697
u0029550:i1706620,7.60697
u0029550:i1772925,7.60697
u0029550:i1874789,7.60697
u0029550:i2096673,7.60697
u0029550:i2235108,7.60697
u0029550:i2395427,7.60697
u0029550:i2509850,7.60697
u0029550:i2562232,7.60697
u0029550:i2582802,7.60697
u0029550:i2713180,7.60697
u0029550:i2784678,7.60697
u0029550:i2872718,7.60697
u0029550:i2872732,7.60697
u0029550:i2911666,7.60697
u0029550:i3455224,7.60697
u0029560:i0816692,6.26496
u0029560:i1980929,6.56665
u0029560:i2267998,6.44973
u0029560:i2980516,6.84888
u0029607:i0040522,7.57291
u0029607:i0056687,7.57291
u0029607:i0070735,7.57291
u0029607:i0075686,7.57291
u0029607:i0091042,7.57291
u0029607:i1245492,7.57291
u0029607:i1872194,7.57291
u0029607:i2084970,7.57291
u0029607:i2273657,7.57291
u0029607:i3416742,7.57291
u0029646:i1638002,7.34389
u0029646:i1790864,7.34389
u0029646:i2338151,7.34389
u0029646:i2582802,7.34389
u0029662:i0369610,7.60697
u0029662:i0470752,7.60697
u0029662:i1100089,7.60697
u0029662:i1109624,7.60697
u0029662:i1126590,7.60697
u0029662:i1291150,7.60697
u0029662:i1340138,7.60697
u0029662:i1528100,7.60697
u0029662:i1567437,7.60697
u0029662:i1617661,7.60697
u0029662:i1649444,7.60697
u0029662:i1702014,7.60697
u0029662:i1772264,7.60697
u0029662:i1780798,7.60697
u0029662:i1823672,7.60697
u0029662:i1850397,7.60697
u0029662:i1945084,7.60697
u0029662:i2172584,7.60697
u0029662:i2180411,7.60697
u0029662:i2231253,7.60697
u0029662:i2261331,7.60697
u0029662:i2305051,7.60697
u0029662:i2319580,7.60697
u0029662:i2339741,7.60697
u0029662:i2357770,7.60697
u0029662:i2366608,7.60697
u0029662:i2381941,7.60697
u0029662:i2562232,7.60697
u0029662:i2614684,7.60697
u0029662:i2639344,7.60697
u0029662:i2713180,7.60697
u0029662:i2717822,7.60697
u0029662:i2799166,7.60697
u0029662:i2802144,7.60697
u0029662:i2870708,7.60697
u0029662:i2884206,7.60697
u0029662:i2911666,7.60697
u0029662:i2937898,7.60697
u0029662:i2962726,7.60697
u0029662:i2962876,7.60697
u0029662:i3007512,7.60697
u0029662:i3021360,7.60697
u0029662:i3128900,7.60697
u0029662:i3235888,7.60697
u0029662:i3442006,7.60697
u0029719:i1798684,7.29468
u0029719:i2084970,7.29468
u0029719:i2562232,7.29468
u0029719:i2582802,7.29468
u0029719:i2802144,7.29468
u0029719:i2980516,7.29468
u0029719:i3461252,7.29468
u0029729:i0816692,6.60806
u0029729:i1198156,6.60806
u0029729:i1355630,6.60806
u0029729:i1454029,6.60806
u0029729:i1809398,6.60806
u0029729:i1972779,6.60806
u0029729:i2182972,6.60806
u0029729:i2980516,6.60806
u0029748:i0108394,7.79362
u0029748:i0338337,7.79362
u0029748:i0455944,7.79362
u0029748:i1706620,7.79362
u0029748:i2015381,7.79362
u0029748:i2172934,7.79362
u0029748:i2278388,7.79362
u0029748:i2321549,7.79362
u0029781:i1674771,6.93884
u0029781:i1809398,6.93884
u0029781:i2039393,6.93884
u0029781:i2562232,6.93884
u0029781:i2582802,6.93884
u0029781:i4229236,6.93884
u0029783:i0103074,8.24371
u0029783:i0120102,8.24371
u0029783:i0120762,8.24371
u0029783:i0356910,8.24371
u0029783:i0443680,8.24371
u0029783:i0988045,8.24371
u0029783:i1798188,8.24371
u0029783:i1924396,8.24371
u0029783:i2347569,8.24371
u0029785:i2179136,7.98757
u0029785:i2381941,7.98757
u0029785:i2820852,7.98757
u0029787:i0082432,7.51912
u0029787:i0084945,7.51912
u0029787:i0983193,7.51912
u0029787:i0993846,7.51912
u0029787:i1391116,7.51912
u0029787:i1392190,7.51912
u0029787:i1777551,7.51912
u0029787:i3416742,7.51912
u0029803:i0208092,8.5283
u0029803:i0251160,8.5283
u0029803:i0258463,8.5283
u0029803:i0317740,8.5283
u0029803:i0440963,8.5283
u0029803:i1457767,8.5283
u0029803:i1723121,8.5283
u0029803:i2381941,8.5283
u0029803:i2397535,8.5283
u0029803:i2582802,8.5283
u0029803:i3541262,8.5283
u0029839:i0068646,6.395
u0029839:i0071562,6.395
u0029839:i0099674,6.395
u0029839:i0106697,6.395
u0029839:i0369610,6.395
u0029839:i0371746,6.395
u0029839:i0800369,6.395
u0029839:i0816692,6.395
u0029839:i1020072,6.395
u0029839:i1228705,6.395
u0029839:i1340138,6.395
u0029839:i1392190,6.395
u0029839:i1881002,6.395
u0029839:i1911658,6.395
u0029839:i1981115,6.395
u0029839:i2084970,6.395
u0029839:i2096672,6.395
u0029839:i2179136,6.395
u0029839:i2279373,6.395
u0029839:i2310332,6.395
u0029839:i2322441,6.395
u0029839:i2381941,6.395
u0029839:i2395427,6.395
u0029839:i2397535,6.395
u0029839:i2637276,6.395
u0029839:i2637294,6.395
u0029839:i2802144,6.395
u0029839:i2820852,6.395
u0029839:i2908446,6.395
u0029839:i3450650,6.395
u0029852:i1014763,7.61123
u0029852:i1340138,7.61123
u0029852:i1617661,7.61123
u0029852:i1638355,7.61123
u0029852:i2395427,7.61123
u0029852:i2637276,7.61123
u0029852:i2911666,7.61123
u0029852:i3007512,7.61123
u0029852:i3450650,7.61123
u0029857:i0369610,7.44305
u0029857:i0470752,7.44305
u0029857:i0860907,7.44305
u0029857:i1340138,7.44305
u0029857:i1392190,7.44305
u0029857:i1535108,7.44305
u0029857:i1646971,7.44305
u0029857:i1674771,7.44305
u0029857:i1823672,7.44305
u0029857:i1951265,7.44305
u0029857:i2084970,7.44305
u0029857:i2179136,7.44305
u0029857:i2310332,7.44305
u0029857:i2395427,7.44305
u0029857:i2582802,7.44305
u0029857:i2788710,7.44305
u0029857:i2802144,7.44305
u0029857:i2820852,7.44305
u0029857:i2872732,7.44305
u0029857:i2908446,7.44305
u0029857:i2980516,7.44305
u0029885:i0114814,7.50908
u0029885:i0208092,7.50908
u0029885:i0278504,7.50908
u0029885:i0325710,7.50908
u0029885:i0470752,7.50908
u0029885:i0478970,7.50908
u0029885:i0816692,7.50908
u0029885:i1126590,7.50908
u0029885:i1216491,7.50908
u0029885:i1340138,7.50908
u0029885:i1433811,7.50908
u0029885:i1486834,7.50908
u0029885:i2084970,7.50908
u0029885:i2096673,7.50908
u0029885:i2097298,7.50908
u0029885:i2179136,7.50908
u0029885:i2245084,7.50908
u0029885:i2293640,7.50908
u0029885:i2381249,7.50908
u0029885:i2395427,7.50908
u0029885:i2397535,7.50908
u0029885:i2402101,7.50908
u0029885:i2848292,7.50908
u0029885:i2908446,7.50908
u0029885:i2911666,7.50908
u0029885:i3079380,7.50908
u0029885:i3442006,7.50908
u0029885:i3622592,7.50908
u0029889:i1638002,5.90837
u0029889:i1840309,6.62761
u0029889:i2084970,6.6497
u0029889:i2194499,6.34352
u0029889:i2267998,6.46561
u0029889:i2397535,6.81775
u0029895:i1014763,7.92598
u0029895:i1528100,7.92598
u0029895:i2273657,7.92598
u0029895:i2582802,7.92598
u0029895:i2713180,7.92598
u0029895:i2935476,7.92598
u0029918:i0111161,8.5991
u0029918:i0404978,8.5991
u0029918:i0433035,8.5991
u0029918:i1127896,8.5991
u0029918:i1433811,8.5991
u0029918:i1441940,8.5991
u0029918:i1840417,8.5991
u0029918:i1872181,8.5991
u0029918:i1980929,8.5991
u0029918:i2064968,8.5991
u0029918:i2103281,8.5991
u0029918:i2172934,8.5991
u0029918:i2390237,8.5991
u0029922:i0044081,7.67
u0029922:i0118928,7.67
u0029922:i0369610,7.67
u0029922:i0478970,7.67
u0029922:i1020072,7.67
u0029922:i1065073,7.67
u0029922:i1100089,7.67
u0029922:i1340138,7.67
u0029922:i1392190,7.67
u0029922:i1791682,7.67
u0029922:i1964418,7.67
u0029922:i2096673,7.67
u0029922:i2245084,7.67
u0029922:i2322441,7.67
u0029922:i2404425,7.67
u0029922:i2452254,7.67
u0029922:i2848292,7.67
u0029922:i2935476,7.67
u0029922:i3079380,7.67
u0029922:i3152624,7.67
u0029923:i0144084,7.68581
u0029923:i0369610,7.68581
u0029923:i0478970,7.68581
u0029923:i1065073,7.68581
u0029923:i1340138,7.68581
u0029923:i1371150,7.68581
u0029923:i1638355,7.68581
u0029923:i2293640,7.68581
u0029923:i2381249,7.68581
u0029923:i2381941,7.68581
u0029923:i2555736,7.68581
u0029923:i2631186,7.68581
u0029923:i2980516,7.68581
u0029923:i3079380,7.68581
u0029923:i4178092,7.68581
u0029923:i4430212,7.68581
u0029930:i1661199,6.72458
u0029930:i2395427,6.77201
u0029930:i2515034,6.32889
u0029933:i0041959,8.0792
u0029933:i0206634,8.0792
u0029933:i0310775,8.0792
u0029933:i0353969,8.0792
u0029933:i0898367,8.0792
u0029933:i1527788,8.0792
u0029933:i1817273,8.0792
u0029933:i2802144,8.0792
u0029961:i0478970,8.42308
u0029961:i0790636,8.42308
u0029961:i0816692,8.42308
u0029961:i1532503,8.42308
u0029961:i1859650,8.42308
u0029961:i1951265,8.42308
u0029961:i1964418,8.42308
u0029961:i2084970,8.42308
u0029961:i2170593,8.42308
u0029961:i2245084,8.42308
u0029961:i2395427,8.42308
u0029961:i2446042,8.42308
u0029961:i2562232,8.42308
u0029961:i2802144,8.42308
u0029961:i2911666,8.42308
u0030010:i1951265,6.56767
u0030010:i2479800,6.56767
u0030010:i2856738,6.56767
u0030015:i0119874,6.87999
u0030015:i0375568,6.87999
u0030015:i0404978,6.87999
u0030015:i0443272,6.87999
u0030015:i0478970,6.87999
u0030015:i1024648,6.87999
u0030015:i1181795,6.87999
u0030015:i1182350,6.87999
u0030015:i1210819,6.87999
u0030015:i1213663,6.87999
u0030015:i1234719,6.87999
u0030015:i1235522,6.87999
u0030015:i1259521,6.87999
u0030015:i1301990,6.87999
u0030015:i1340138,6.87999
u0030015:i1343727,6.87999
u0030015:i1374992,6.87999
u0030015:i1418377,6.87999
u0030015:i1480295,6.87999
u0030015:i1490017,6.87999
u0030015:i1559547,6.87999
u0030015:i1588173,6.87999
u0030015:i1591095,6.87999
u0030015:i1592281,6.87999
u0030015:i1641624,6.87999
u0030015:i1653690,6.87999
u0030015:i1656186,6.87999
u0030015:i1680045,6.87999
u0030015:i1682180,6.87999
u0030015:i1758692,6.87999
u0030015:i1821658,6.87999
u0030015:i1823672,6.87999
u0030015:i1829012,6.87999
u0030015:i1839591,6.87999
u0030015:i1840417,6.87999
u0030015:i1894476,6.87999
u0030015:i1911644,6.87999
u0030015:i1942989,6.87999
u0030015:i1951261,6.87999
u0030015:i1984153,6.87999
u0030015:i2024432,6.87999
u0030015:i2062622,6.87999
u0030015:i2091473,6.87999
u0030015:i2126355,6.87999
u0030015:i2170593,6.87999
u0030015:i2194499,6.87999
u0030015:i2199571,6.87999
u0030015:i2203939,6.87999
u0030015:i2223990,6.87999
u0030015:i2395427,6.87999
u0030015:i2404463,6.87999
u0030015:i2483260,6.87999
u0030015:i2557490,6.87999
u0030015:i2802144,6.87999
u0030015:i2820852,6.87999
u0030015:i2854894,6.87999
u0030015:i2908446,6.87999
u0030015:i2975578,6.87999
u0030015:i3107886,6.87999
u0030015:i3672840,6.87999
u0030027:i0455944,7.60697
u0030027:i1591479,7.60697
u0030027:i2039393,7.60697
u0030027:i2084970,7.60697
u0030027:i2170439,7.60697
u0030027:i2177771,7.60697
u0030027:i2179136,7.60697
u0030027:i2267998,7.60697
u0030027:i2294449,7.60697
u0030027:i2713180,7.60697
u0030027:i2980516,7.60697
u0030027:i2980592,7.60697
u0030076:i1109624,6.82413
u0030076:i1638002,5.96359
u0030076:i1823672,6.73095
u0030076:i2436386,6.7745
u0030076:i2582802,6.78886
u0030076:i2802144,6.64408
u0030089:i1212450,5.14628
u0030089:i1392190,6.44526
u0030089:i1649419,5.95931
u0030091:i0114694,8.05324
u0030091:i0325980,8.05324
u0030091:i0432289,8.05324
u0030091:i0454876,8.05324
u0030091:i0482571,8.05324
u0030091:i1024648,8.05324
u0030091:i1065073,8.05324
u0030091:i1085492,8.05324
u0030091:i1119646,8.05324
u0030091:i1235522,8.05324
u0030091:i1524137,8.05324
u0030091:i1571249,8.05324
u0030091:i1631867,8.05324
u0030091:i1637725,8.05324
u0030091:i1654523,8.05324
u0030091:i1935179,8.05324
u0030091:i1972571,8.05324
u0030091:i2024544,8.05324
u0030091:i2267998,8.05324
u0030091:i2357129,8.05324
u0030091:i2381335,8.05324
u0030091:i2397535,8.05324
u0030091:i2562232,8.05324
u0030091:i2872718,8.05324
u0030091:i2883512,8.05324
u0030091:i2911666,8.05324
u0030091:i2980516,8.05324
u0030092:i0102915,3.51305
u0030092:i0108052,5.82837
u0030092:i0155711,0
u0030092:i0261392,4.15892
u0030092:i1100089,6.83083
u0030092:i1131729,5.51972
u0030092:i1196204,0
u0030092:i1772288,6.74764
u0030092:i2084970,6.65659
u0030092:i2245084,6.92778
u0030092:i2273657,6.06962
u0030092:i2358925,6.61799
u0030092:i2493486,5.95129
u0030092:i2717822,6.58719
u0030092:i3450650,5.99586
u0030092:i3480796,5.74994
u0030122:i0093058,7.92598
u0030122:i1065073,7.92598
u0030122:i2310332,7.92598
u0030122:i2370140,7.92598
u0030122:i2582802,7.92598
u0030122:i2752688,7.92598
u0030125:i0088247,7.34593
u0030125:i0110357,7.34593
u0030125:i0120363,7.34593
u0030125:i0462538,7.34593
u0030125:i0470752,7.34593
u0030125:i1291584,7.34593
u0030125:i1392190,7.34593
u0030125:i2179136,7.34593
u0030125:i2267998,7.34593
u0030125:i2279373,7.34593
u0030125:i2582802,7.34593
u0030125:i2872718,7.34593
u0030133:i0034583,7.60697
u0030133:i0049366,7.60697
u0030133:i0051622,7.60697
u0030133:i0052893,7.60697
u0030133:i0054215,7.60697
u0030133:i0056119,7.60697
u0030133:i0062136,7.60697
u0030133:i0087800,7.60697
u0030133:i0090190,7.60697
u0030133:i0091790,7.60697
u0030133:i0093177,7.60697
u0030133:i0096463,7.60697
u0030133:i0097815,7.60697
u0030133:i0098503,7.60697
u0030133:i0100332,7.60697
u0030133:i0105665,7.60697
u0030133:i0106341,7.60697
u0030133:i0116277,7.60697
u0030133:i0300214,7.60697
u0030133:i0347149,7.60697
u0030133:i0369610,7.60697
u0030133:i0470752,7.60697
u0030133:i0892769,7.60697
u0030133:i0903657,7.60697
u0030133:i1020072,7.60697
u0030133:i1063669,7.60697
u0030133:i1176740,7.60697
u0030133:i1182345,7.60697
u0030133:i1232826,7.60697
u0030133:i1232829,7.60697
u0030133:i1392190,7.60697
u0030133:i1398426,7.60697
u0030133:i1646971,7.60697
u0030133:i1649419,7.60697
u0030133:i1690455,7.60697
u0030133:i1758795,7.60697
u0030133:i1791528,7.60697
u0030133:i1791682,7.60697
u0030133:i1881002,7.60697
u0030133:i2096673,7.60697
u0030133:i2179136,7.60697
u0030133:i2180411,7.60697
u0030133:i2244889,7.60697
u0030133:i2321549,7.60697
u0030133:i2381249,7.60697
u0030133:i2395133,7.60697
u0030133:i2395427,7.60697
u0030133:i2473682,7.60697
u0030133:i2561572,7.60697
u0030133:i2570858,7.60697
u0030133:i2576852,7.60697
u0030133:i2626964,7.60697
u0030133:i2637294,7.60697
u0030133:i2639344,7.60697
u0030133:i2753778,7.60697
u0030133:i2844798,7.60697
u0030133:i2872462,7.60697
u0030133:i2910814,7.60697
u0030133:i2937898,7.60697
u0030133:i2938416,7.60697
u0030133:i3077108,7.60697
u0030133:i3097204,7.60697
u0030133:i3100636,7.60697
u0030133:i3149038,7.60697
u0030133:i3152624,7.60697
u0030133:i3172532,7.60697
u0030133:i3205376,7.60697
u0030133:i3235888,7.60697
u0030133:i3263614,7.60697
u0030133:i3294200,7.60697
u0030133:i3316960,7.60697
u0030133:i3399024,7.60697
u0030133:i3442006,7.60697
u0030133:i3622120,7.60697
u0030133:i3630276,7.60697
u0030133:i3655522,7.60697
u0030133:i4229236,7.60697
u0030133:i4382552,7.60697
u0030133:i4382618,7.60697
u0030137:i0369610,8.12274
u0030137:i1964418,8.12274
u0030137:i2096673,8.12274
u0030144:i0108052,7.92598
u0030144:i0482571,7.92598
u0030144:i1392190,7.92598
u0030144:i1542344,7.92598
u0030144:i1638355,7.92598
u0030144:i1798684,7.92598
u0030144:i2179136,7.92598
u0030144:i2561572,7.92598
u0030144:i2562232,7.92598
u0030144:i2582802,7.92598
u0030147:i0120689,4.06725
u0030147:i0470752,6.70496
u0030147:i0486051,0
u0030147:i1790864,6.40939
u0030147:i1823672,6.74552
u0030147:i2017038,5.57894
u0030147:i2322441,6.95914
u0030147:i2561572,6.70006
u0030147:i3007512,6.67817
u0030148:i0032943,6.66558
u0030148:i0036855,6.66558
u0030148:i0063663,6.66558
u0030148:i0088161,6.66558
u0030148:i0104756,6.66558
u0030148:i0110081,6.66558
u0030148:i0252444,6.66558
u0030148:i0369610,6.66558
u0030148:i0433362,6.66558
u0030148:i0470752,6.66558
u0030148:i0473308,6.66558
u0030148:i0935075,6.66558
u0030148:i1020072,6.66558
u0030148:i1109624,6.66558
u0030148:i1137470,6.66558
u0030148:i1392190,6.66558
u0030148:i1506999,6.66558
u0030148:i1598778,6.66558
u0030148:i1666801,6.66558
u0030148:i1823672,6.66558
u0030148:i2224026,6.66558
u0030148:i2263944,6.66558
u0030148:i2310332,6.66558
u0030148:i2321549,6.66558
u0030148:i2751310,6.66558
u0030148:i2784512,6.66558
u0030148:i2802144,6.66558
u0030148:i2820852,6.66558
u0030148:i2832470,6.66558
u0030148:i3235888,6.66558
u0030151:i0369610,6.65337
u0030151:i1972571,6.87734
u0030151:i2326554,6.36551
u0030151:i2402157,7.04019
u0030151:i2725962,6.21571
u0030157:i0114369,4.7802
u0030157:i0395169,5.12852
u0030157:i1392190,6.45071
u0030157:i1440232,3.80348
u0030157:i1675434,4.97171
u0030157:i2165236,0
u0030157:i2224026,6.80907
u0030195:i0119174,5.57602
u0030195:i1291584,4.96594
u0030195:i1392214,5.20199
u0030195:i1726592,6.88323
u0030197:i1661199,6.74948
u0030197:i2199571,6.30255
u0030197:i2381941,6.73536
u0030197:i3742284,5.84249
u0030204:i0369610,7.92598
u0030204:i0478970,7.92598
u0030204:i0829150,7.92598
u0030204:i1020072,7.92598
u0030204:i1216491,7.92598
u0030204:i1392190,7.92598
u0030204:i1567437,7.92598
u0030204:i1600196,7.92598
u0030204:i1850397,7.92598
u0030204:i1924429,7.92598
u0030204:i1972779,7.92598
u0030204:i1979320,7.92598
u0030204:i2039393,7.92598
u0030204:i2084970,7.92598
u0030204:i2278388,7.92598
u0030204:i2286990,7.92598
u0030204:i2293640,7.92598
u0030204:i2381249,7.92598
u0030204:i2397535,7.92598
u0030204:i2582846,7.92598
u0030204:i2637276,7.92598
u0030204:i2802144,7.92598
u0030204:i2820852,7.92598
u0030204:i2911666,7.92598
u0030204:i2980516,7.92598
u0030204:i3480796,7.92598
u0030204:i3505712,7.92598
u0030276:i0884732,7.67
u0030276:i1120985,7.67
u0030276:i2395427,7.67
u0030280:i0246578,7.05167
u0030280:i0254455,7.05167
u0030280:i0470752,7.05167
u0030280:i0817177,7.05167
u0030280:i1032755,7.05167
u0030280:i1057500,7.05167
u0030280:i1392190,7.05167
u0030280:i1636826,7.05167
u0030280:i1661199,7.05167
u0030280:i1706620,7.05167
u0030280:i1809398,7.05167
u0030280:i1810683,7.05167
u0030280:i1823672,7.05167
u0030280:i1872194,7.05167
u0030280:i2036416,7.05167
u0030280:i2084970,7.05167
u0030280:i2126355,7.05167
u0030280:i2170593,7.05167
u0030280:i2235108,7.05167
u0030280:i2245084,7.05167
u0030280:i2273657,7.05167
u0030280:i2310332,7.05167
u0030280:i2338151,7.05167
u0030280:i2398231,7.05167
u0030280:i2404425,7.05167
u0030280:i2436386,7.05167
u0030280:i2562232,7.05167
u0030280:i2582802,7.05167
u0030280:i2713180,7.05167
u0030280:i2802144,7.05167
u0030280:i2820852,7.05167
u0030280:i2872718,7.05167
u0030280:i2884206,7.05167
u0030280:i2908446,7.05167
u0030280:i2935476,7.05167
u0030280:i2980648,7.05167
u0030280:i2994190,7.05167
u0030280:i3011894,7.05167
u0030280:i3205376,7.05167
u0030280:i3316960,7.05167
u0030280:i3409392,7.05167
u0030280:i3622120,7.05167
u0030280:i4044364,7.05167
u0030288:i1014763,7.60697
u0030288:i1772264,7.60697
u0030288:i2381249,7.60697
u0030291:i1065073,7.45109
u0030291:i1659337,7.45109
u0030291:i1979320,7.45109
u0030291:i2084970,7.45109
u0030291:i2267998,7.45109
u0030291:i2562232,7.45109
u0030291:i2872718,7.45109
u0030291:i2883512,7.45109
u0030291:i2980516,7.45109
u0030292:i0373469,7.22385
u0030292:i0454876,7.22385
u0030292:i1189340,7.22385
u0030292:i1670345,7.22385
u0030292:i2179136,7.22385
u0030292:i2582802,7.22385
u0030306:i0046912,5.13296
u0030306:i0050083,5.17158
u0030306:i0054215,5.24548
u0030306:i0060196,5.53378
u0030306:i0081505,5.11736
u0030306:i0096895,5.08104
u0030306:i0102926,5.21791
u0030306:i0103772,6.71135
u0030306:i0105236,5.62179
u0030306:i0105275,0
u0030306:i0105695,4.65065
u0030306:i0108330,2.72588
u0030306:i0108550,5.50466
u0030306:i0109707,6.09824
u0030306:i0110413,4.50658
u0030306:i0112641,5.17979
u0030306:i0116695,5.74935
u0030306:i0118799,5.34046
u0030306:i0119488,5.59959
u0030306:i0221027,4.61891
u0030306:i0268978,4.98662
u0030306:i0301357,5.53542
u0030306:i0325980,5.76215
u0030306:i0352248,5.11577
u0030306:i0369702,5.62348
u0030306:i0381849,4.97805
u0030306:i0395972,4.89168
u0030306:i0396171,5.45522
u0030306:i0399095,3.18665
u0030306:i0407887,4.99953
u0030306:i0454876,4.87037
u0030306:i0457430,6.22466
u0030306:i0464141,5.31428
u0030306:i0802948,5.30819
u0030306:i0816692,6.27404
u0030306:i0926762,5.38371
u0030306:i0947798,4.71245
u0030306:i1198156,5.38965
u0030306:i1277737,5.11241
u0030306:i1307068,5.16644
u0030306:i1375666,5.26029
u0030306:i1437358,3.29771
u0030306:i1542344,6.17441
u0030306:i1655441,6.33258
u0030306:i1661199,6.77448
u0030306:i1707386,6.07584
u0030306:i1791528,6.79532
u0030306:i1937149,5.08242
u0030306:i2245084,6.94255
u0030306:i2338151,6.47286
u0030306:i2562232,6.79865
u0030306:i2582802,6.79635
u0030306:i2614684,6.27179
u0030306:i2820852,6.56789
u0030306:i2872718,6.82208
u0030306:i3011894,6.74159
u0030306:i3179568,6.19356
u0030306:i3390572,6.85036
u0030311:i0129290,6.14148
u0030311:i0369610,6.66061
u0030311:i1872194,6.90594
u0030387:i0102812,7.69301
u0030387:i0332280,7.69301
u0030387:i0390384,7.69301
u0030387:i0892769,7.69301
u0030387:i1483013,7.69301
u0030387:i1646971,7.69301
u0030387:i2013293,7.69301
u0030387:i2024544,7.69301
u0030387:i2866360,7.69301
u0030401:i0086250,4.54816
u0030401:i0099685,5.72488
u0030401:i0108052,5.99979
u0030401:i0117381,4.92899
u0030401:i1152850,0
u0030401:i1291584,5.05156
u0030401:i1670345,6.15676
u0030401:i1675434,5.05893
u0030401:i1683526,4.72198
u0030401:i2802144,6.65036
u0030401:i3263614,6.55305
u0030408:i0062622,6.53685
u0030408:i0079501,6.58475
u0030408:i0082694,6.47355
u0030408:i0088763,4.24313
u0030408:i0089530,6.57841
u0030408:i0096874,3.13388
u0030408:i0099088,4.4507
u0030408:i0099685,5.8203
u0030408:i0253474,4.79152
u0030408:i1126590,6.97733
u0030408:i1661199,6.79957
u0030408:i1823664,6.38801
u0030408:i2381249,6.45081
u0030408:i2872732,6.57542
u0030415:i1243974,6.72538
u0030415:i1398426,6.72538
u0030415:i1655441,6.72538
u0030415:i1674771,6.72538
u0030415:i1791682,6.72538
u0030415:i1823672,6.72538
u0030415:i2097298,6.72538
u0030415:i2199571,6.72538
u0030415:i2273657,6.72538
u0030415:i2358925,6.72538
u0030415:i2436386,6.72538
u0030415:i2561572,6.72538
u0030415:i2802144,6.72538
u0030415:i2820852,6.72538
u0030415:i2848292,6.72538
u0030415:i2967224,6.72538
u0030415:i2980472,6.72538
u0030415:i3079380,6.72538
u0030415:i3152624,6.72538
u0030415:i3195644,6.72538
u0030415:i3450650,6.72538
u0030415:i3813310,6.72538
u0030451:i0209144,7.4686
u0030451:i1905041,7.4686
u0030451:i2582802,7.4686
u0030451:i2616810,7.4686
u0030451:i2911666,7.4686
u0030465:i0369339,7.45772
u0030465:i0477348,7.45772
u0030465:i0816692,7.45772
u0030465:i1832382,7.45772
u0030465:i1850397,7.45772
u0030465:i1855199,7.45772
u0030465:i1967545,7.45772
u0030465:i2397535,7.45772
u0030465:i2713180,7.45772
u0030465:i2788710,7.45772
u0030465:i2802144,7.45772
u0030465:i2872718,7.45772
u0030465:i3079380,7.45772
u0030484:i0012349,6.37331
u0030484:i0087553,6.37331
u0030484:i0301357,6.37331
u0030492:i0454876,5.00566
u0030492:i0478970,6.38455
u0030492:i1204975,7.11101
u0030492:i1340138,6.52893
u0030492:i1392190,6.45616
u0030492:i1457767,5.46904
u0030492:i1540741,3.48111
u0030492:i1666335,6.49359
u0030492:i1742334,6.52928
u0030492:i1821658,6.45483
u0030492:i1911553,0
u0030492:i2132285,6.6664
u0030492:i2172934,6.2974
u0030492:i2231253,6.6852
u0030492:i2293640,6.61021
u0030492:i2381249,6.46234
u0030492:i2381941,6.74761
u0030492:i2395427,6.77935
u0030492:i2854894,4.50526
u0030505:i0470752,6.32426
u0030505:i1528100,6.32426
u0030505:i2267998,6.32426
u0030505:i2278388,6.32426
u0030505:i2582802,6.32426
u0030524:i0163867,7.64088
u0030524:i0340378,7.64088
u0030524:i1276104,7.64088
u0030524:i2062497,7.64088
u0030539:i0096283,5.68704
u0030539:i0120338,4.41087
u0030539:i0213149,4.26014
u0030539:i0388795,5.96033
u0030539:i0454876,5.1447
u0030579:i0082406,5.20028
u0030579:i0087538,4.16926
u0030579:i0095327,6.68739
u0030579:i0096283,6.00299
u0030579:i0097814,5.36505
u0030579:i0232500,6.08246
u0030579:i0245429,5.28325
u0030579:i0332280,5.7785
u0030579:i0347149,6.2658
u0030579:i0369610,6.66786
u0030579:i0377092,3.09574
u0030579:i0477347,6.35761
u0030579:i0478970,6.39515
u0030579:i0947798,4.81955
u0030579:i1109624,6.87152
u0030579:i1234721,6.7059
u0030579:i1392190,6.46162
u0030579:i1638002,6.01933
u0030579:i1661199,6.82476
u0030579:i1964418,6.47319
u0030579:i1980929,6.63366
u0030579:i2245084,6.95735
u0030579:i2267998,6.48154
u0030579:i2388715,6.31236
u0030579:i2395427,6.78669
u0030579:i2802144,6.65664
u0030579:i2820852,6.57655
u0030579:i3086442,4.98962
u0030579:i3713166,6.28054
u0030586:i1065073,6.71255
u0030586:i1100089,6.85523
u0030586:i2179136,6.83374
u0030586:i2980516,6.85801
u0030599:i0046183,4.34084
u0030599:i0116695,6.13264
u0030599:i0253474,4.87708
u0030599:i0369339,5.62887
u0030599:i0382625,5.00268
u0030599:i0443543,4.98289
u0030599:i1126590,7.01425
u0030599:i1243974,6.01785
u0030599:i1255953,5.45702
u0030599:i2096673,6.70376
u0030599:i2278871,6.02976
u0030599:i2370718,0
u0030599:i2395427,6.79404
u0030599:i2404425,6.52714
u0030599:i2562232,6.80584
u0030599:i2870756,7.37928
u0030599:i2872718,6.8333
u0030603:i2096673,7.00264
u0030603:i2395417,7.00264
u0030603:i2582802,7.00264
u0030603:i3416742,7.00264
u0030603:i3561348,7.00264
u0030618:i0458339,7.67
u0030618:i1951264,7.67
u0030618:i2395427,7.67
u0030639:i0369610,7.60697
u0030639:i1361318,7.60697
u0030639:i1392190,7.60697
u0030639:i1430132,7.60697
u0030639:i1528100,7.60697
u0030639:i1655441,7.60697
u0030639:i1911607,7.60697
u0030639:i1964418,7.60697
u0030639:i1972779,7.60697
u0030639:i2126355,7.60697
u0030639:i2179136,7.60697
u0030639:i2180411,7.60697
u0030639:i2300975,7.60697
u0030639:i2381941,7.60697
u0030639:i2395427,7.60697
u0030639:i2446042,7.60697
u0030639:i2788710,7.60697
u0030639:i2872718,7.60697
u0030639:i2908446,7.60697
u0030639:i3322940,7.60697
u0030655:i2802144,7.60697
u0030655:i2872718,7.60697
u0030655:i2908446,7.60697
u0030671:i0369610,6.67511
u0030671:i0478970,6.40578
u0030671:i0816692,6.28313
u0030671:i1392190,6.46708
u0030671:i2179136,6.84109
u0030671:i2245084,6.97219
u0030671:i2395427,6.8014
u0030671:i2802144,6.66292
u0030698:i0328432,7.01876
u0030698:i1126590,7.01876
u0030698:i1340138,7.01876
u0030698:i1392190,7.01876
u0030698:i2180411,7.01876
u0030723:i0018839,7.43881
u0030723:i1124035,7.43881
u0030723:i1843866,7.43881
u0030723:i2013293,7.43881
u0030723:i2103281,7.43881
u0030723:i2245084,7.43881
u0030723:i2310332,7.43881
u0030751:i0369610,7.65563
u0030751:i0478970,7.65563
u0030751:i1798684,7.65563
u0030751:i2302966,7.65563
u0030751:i2395427,7.65563
u0030751:i2820852,7.65563
u0030792:i0267035,7.60697
u0030792:i0369610,7.60697
u0030792:i0990407,7.60697
u0030792:i1100089,7.60697
u0030792:i1133985,7.60697
u0030792:i1392190,7.60697
u0030792:i1440728,7.60697
u0030792:i1441395,7.60697
u0030792:i1596343,7.60697
u0030792:i1600196,7.60697
u0030792:i1840309,7.60697
u0030792:i1905041,7.60697
u0030792:i2023587,7.60697
u0030792:i2084970,7.60697
u0030792:i2321549,7.60697
u0030792:i2388715,7.60697
u0030792:i2397535,7.60697
u0030792:i2713180,7.60697
u0030792:i2911666,7.60697
u0030792:i4263482,7.60697
u0030813:i0369610,7.67
u0030813:i0478970,7.67
u0030813:i1340138,7.67
u0030813:i1392190,7.67
u0030813:i1502712,7.67
u0030813:i1655441,7.67
u0030813:i1964418,7.67
u0030813:i2126355,7.67
u0030813:i2140379,7.67
u0030813:i2381249,7.67
u0030813:i2395427,7.67
u0030813:i3181822,7.67
u0030828:i0099582,7.67
u0030828:i0848228,7.67
u0030828:i3713166,7.67
u0030834:i0111161,7.41959
u0030834:i1060277,7.41959
u0030834:i1655441,7.41959
u0030834:i1661199,7.41959
u0030834:i2199571,7.41959
u0030834:i2381941,7.41959
u0030834:i2802144,7.41959
u0030834:i2848292,7.41959
u0030834:i3079380,7.41959
u0030842:i0036868,7.63478
u0030842:i0046268,7.63478
u0030842:i0053472,7.63478
u0030842:i0055257,7.63478
u0030842:i0061770,7.63478
u0030842:i0064040,7.63478
u0030842:i0064276,7.63478
u0030842:i0068473,7.63478
u0030842:i0070511,7.63478
u0030842:i0087884,7.63478
u0030842:i0096332,7.63478
u0030842:i0190590,7.63478
u0030842:i0369702,7.63478
u0030842:i0961066,7.63478
u0030842:i1392190,7.63478
u0030842:i1791528,7.63478
u0030842:i1823672,7.63478
u0030842:i2084970,7.63478
u0030842:i2096673,7.63478
u0030842:i2179136,7.63478
u0030842:i2395427,7.63478
u0030842:i2582802,7.63478
u0030842:i2637276,7.63478
u0030842:i2692904,7.63478
u0030842:i2802154,7.63478
u0030842:i2872718,7.63478
u0030842:i2980516,7.63478
u0030856:i0369610,7.65242
u0030856:i0478970,7.65242
u0030856:i1020072,7.65242
u0030856:i1100089,7.65242
u0030856:i1392190,7.65242
u0030856:i2096673,7.65242
u0030856:i2180411,7.65242
u0030856:i2381249,7.65242
u0030856:i2395427,7.65242
u0030856:i2582802,7.65242
u0030856:i2820852,7.65242
u0030856:i2980516,7.65242
u0030856:i3316960,7.65242
u0030862:i0068575,7.67
u0030862:i1798709,7.67
u0030862:i2493486,7.67
u0030862:i2515034,7.67
u0030862:i3278330,7.67
u0030890:i0086006,3.81635
u0030890:i0089941,5.57369
u0030890:i0396269,5.15996
u0030890:i0768212,0
u0030890:i0948470,5.63467
u0030890:i1639826,3.835
u0030890:i1731141,6.38293
u0030890:i1911658,6.92653
u0030890:i1959490,6.8977
u0030890:i2369135,6.29276
u0030892:i1130884,7.67
u0030892:i1392190,7.67
u0030892:i1499658,7.67
u0030892:i1790864,7.67
u0030892:i1980929,7.67
u0030892:i2084970,7.67
u0030892:i2179136,7.67
u0030892:i2381941,7.67
u0030892:i2395427,7.67
u0030892:i2820852,7.67
u0030892:i2908446,7.67
u0030892:i2980516,7.67
u0030914:i0816692,7.92598
u0030914:i1392190,7.92598
u0030914:i1850397,7.92598
u0030914:i1872194,7.92598
u0030914:i2039393,7.92598
u0030914:i2179136,7.92598
u0030914:i2199571,7.92598
u0030914:i2231253,7.92598
u0030914:i2261331,7.92598
u0030914:i2267998,7.92598
u0030914:i2381941,7.92598
u0030914:i2402101,7.92598
u0030914:i2452200,7.92598
u0030914:i2515034,7.92598
u0030914:i2802144,7.92598
u0030914:i2911666,7.92598
u0030914:i3247714,7.92598
u0030936:i0993846,7.63386
u0030936:i1458915,7.63386
u0030936:i1638364,7.63386
u0030936:i2084970,7.63386
u0030936:i2194499,7.63386
u0030936:i2357291,7.63386
u0030936:i2562232,7.63386
u0030936:i3316960,7.63386
u0030941:i1666287,7.6317
u0030941:i2084970,7.6317
u0030941:i2170439,7.6317
u0030941:i2179136,7.6317
u0030941:i2562232,7.6317
u0030954:i0045152,7.92598
u0030954:i0045810,7.92598
u0030954:i0047437,7.92598
u0030954:i0048545,7.92598
u0030954:i0048605,7.92598
u0030954:i0050083,7.92598
u0030954:i0061722,7.92598
u0030954:i0064116,7.92598
u0030954:i0094074,7.92598
u0030954:i0117060,7.92598
u0030954:i0119567,7.92598
u0030954:i0120667,7.92598
u0030954:i0120755,7.92598
u0030954:i0126886,7.92598
u0030954:i0279113,7.92598
u0030954:i0310281,7.92598
u0030954:i0388795,7.92598
u0030954:i0470752,7.92598
u0030954:i0903657,7.92598
u0030954:i1020072,7.92598
u0030954:i1109624,7.92598
u0030954:i1229238,7.92598
u0030954:i1340138,7.92598
u0030954:i1361318,7.92598
u0030954:i1502712,7.92598
u0030954:i1617661,7.92598
u0030954:i1638355,7.92598
u0030954:i1767372,7.92598
u0030954:i1791528,7.92598
u0030954:i1791682,7.92598
u0030954:i1823672,7.92598
u0030954:i1881002,7.92598
u0030954:i1964418,7.92598
u0030954:i2034031,7.92598
u0030954:i2039393,7.92598
u0030954:i2180411,7.92598
u0030954:i2224026,7.92598
u0030954:i2293640,7.92598
u0030954:i2322441,7.92598
u0030954:i2366608,7.92598
u0030954:i2381941,7.92598
u0030954:i2397535,7.92598
u0030954:i2446042,7.92598
u0030954:i2515034,7.92598
u0030954:i2561572,7.92598
u0030954:i2637276,7.92598
u0030954:i2637294,7.92598
u0030954:i2692250,7.92598
u0030954:i2717822,7.92598
u0030954:i2788716,7.92598
u0030954:i2793490,7.92598
u0030954:i2802136,7.92598
u0030954:i2802144,7.92598
u0030954:i2820852,7.92598
u0030954:i2848292,7.92598
u0030954:i2866360,7.92598
u0030954:i2872462,7.92598
u0030954:i2911666,7.92598
u0030954:i2960930,7.92598
u0030954:i2965412,7.92598
u0030954:i2977090,7.92598
u0030954:i3021360,7.92598
u0030954:i3045616,7.92598
u0030954:i3079016,7.92598
u0030954:i3079380,7.92598
u0030954:i3181822,7.92598
u0030954:i3203616,7.92598
u0030954:i3205376,7.92598
u0030954:i3235888,7.92598
u0030954:i3297330,7.92598
u0030954:i3316960,7.92598
u0030954:i3318750,7.92598
u0030954:i3339674,7.92598
u0030954:i3416742,7.92598
u0030954:i3442006,7.92598
u0030954:i3824412,7.92598
u0030957:i0435651,7.45651
u0030957:i0443543,7.45651
u0030957:i0993846,7.45651
u0030957:i1800241,7.45651
u0030957:i2106361,7.45651
u0030957:i2203939,7.45651
u0030962:i0363163,7.41959
u0030962:i0985699,7.41959
u0030962:i1170358,7.41959
u0030962:i2084970,7.41959
u0030962:i2267998,7.41959
u0030962:i2310332,7.41959
u0030962:i2562232,7.41959
u0030962:i2713180,7.41959
u0030962:i2872732,7.41959
u0030962:i2911666,7.41959
u0030982:i0421239,7.17552
u0030982:i0889573,7.17552
u0030982:i1037705,7.17552
u0030982:i1210166,7.17552
u0030982:i1375666,7.17552
u0030982:i1392190,7.17552
u0030982:i1606652,7.17552
u0030982:i1798684,7.17552
u0030982:i2084970,7.17552
u0030982:i2112210,7.17552
u0030982:i2140379,7.17552
u0030982:i2338151,7.17552
u0030982:i2562232,7.17552
u0030982:i2872718,7.17552
u0030982:i2980516,7.17552
u0030982:i2980648,7.17552
u0030982:i3103342,7.17552
u0030982:i3136646,7.17552
u0030982:i3140100,7.17552
u0030982:i3560686,7.17552
u0030982:i4312536,7.17552
u0031034:i0816692,7.72584
u0031034:i1124052,7.72584
u0031034:i1457767,7.72584
u0031034:i1661199,7.72584
u0031034:i2170593,7.72584
u0031034:i2245084,7.72584
u0031034:i2359002,7.72584
u0031034:i2562232,7.72584
u0031034:i2614684,7.72584
u0031059:i0083987,7.33997
u0031059:i1065073,7.33997
u0031059:i1392190,7.33997
u0031059:i2261331,7.33997
u0031059:i2381941,7.33997
u0031064:i1649419,7.76641
u0031064:i2567712,7.76641
u0031064:i2692904,7.76641
u0031064:i2718492,7.76641
u0031069:i0047478,5.18989
u0031069:i0056443,5.79954
u0031069:i0384537,4.80638
u0031069:i0470752,6.71654
u0031069:i0478304,6.58654
u0031069:i0478970,6.41642
u0031069:i0884328,5.28451
u0031069:i0947798,4.92908
u0031069:i1340138,6.54459
u0031069:i2381249,6.47391
u0031069:i4044364,7.2402
u0031074:i0369610,6.68238
u0031074:i1109624,6.91924
u0031074:i1392190,6.47254
u0031074:i2084970,6.66349
u0031074:i2180411,6.68458
u0031074:i2397535,6.85584
u0031074:i3079380,6.45461
u0031086:i0055913,4.98997
u0031086:i0107958,4.01786
u0031086:i0286112,5.93381
u0031086:i0323807,2.67857
u0031086:i1691917,5.64363
u0031086:i2293640,6.63399
u0031086:i3210686,5.45346
u0031086:i3916354,2.67857
u0031091:i0243655,7.59476
u0031091:i0322259,7.59476
u0031091:i1013752,7.59476
u0031091:i1228705,7.59476
u0031091:i1772341,7.59476
u0031091:i1788391,7.59476
u0031091:i2562232,7.59476
u0031091:i2692904,7.59476
u0031110:i0023940,7.60697
u0031110:i0031725,7.60697
u0031110:i0054861,7.60697
u0031110:i0067962,7.60697
u0031110:i0068205,7.60697
u0031110:i0076263,7.60697
u0031110:i0079095,7.60697
u0031110:i0082280,7.60697
u0031110:i0087164,7.60697
u0031110:i0100157,7.60697
u0031110:i0119485,7.60697
u0031110:i0168629,7.60697
u0031110:i0347840,7.60697
u0031110:i0423176,7.60697
u0031110:i0478970,7.60697
u0031110:i0780536,7.60697
u0031110:i0816692,7.60697
u0031110:i1020072,7.60697
u0031110:i1440266,7.60697
u0031110:i1598642,7.60697
u0031110:i1723811,7.60697
u0031110:i1745787,7.60697
u0031110:i2125496,7.60697
u0031110:i2179136,7.60697
u0031110:i2278871,7.60697
u0031110:i2326554,7.60697
u0031110:i2395427,7.60697
u0031110:i2415458,7.60697
u0031110:i2802154,7.60697
u0031110:i2820852,7.60697
u0031110:i2866360,7.60697
u0031110:i2870648,7.60697
u0031110:i2980516,7.60697
u0031110:i3119416,7.60697
u0031110:i3168230,7.60697
u0031110:i3263614,7.60697
u0031110:i3317522,7.60697
u0031110:i3674910,7.60697
u0031110:i3715320,7.60697
u0031110:i4284010,7.60697
u0031113:i0081398,6.48068
u0031113:i0114814,5.02554
u0031113:i0209144,5.50643
u0031113:i0268978,5.06453
u0031113:i0816692,6.29224
u0031113:i2267998,6.4975
u0031113:i3007512,6.71864
u0031144:i0118715,7.88962
u0031144:i0119822,7.88962
u0031144:i0359950,7.88962
u0031144:i0455944,7.88962
u0031144:i0458481,7.88962
u0031144:i0993846,7.88962
u0031144:i1091191,7.88962
u0031144:i1206543,7.88962
u0031144:i1213663,7.88962
u0031144:i1267297,7.88962
u0031144:i1291150,7.88962
u0031144:i1587310,7.88962
u0031144:i1663207,7.88962
u0031144:i1726669,7.88962
u0031144:i1758595,7.88962
u0031144:i2004420,7.88962
u0031144:i2172985,7.88962
u0031144:i2177771,7.88962
u0031144:i2191701,7.88962
u0031144:i2278388,7.88962
u0031144:i2316411,7.88962
u0031144:i2343793,7.88962
u0031144:i2364841,7.88962
u0031144:i2387559,7.88962
u0031144:i2557490,7.88962
u0031144:i2562232,7.88962
u0031144:i2582846,7.88962
u0031144:i2713180,7.88962
u0031144:i2788710,7.88962
u0031154:i0470752,6.72814
u0031154:i1392190,6.47802
u0031154:i3079380,6.47013
u0031157:i0096895,7.43514
u0031157:i0103776,7.43514
u0031157:i0108550,7.43514
u0031157:i0110632,7.43514
u0031157:i0119668,7.43514
u0031157:i0120632,7.43514
u0031157:i0120910,7.43514
u0031157:i0121164,7.43514
u0031157:i0217505,7.43514
u0031157:i0248808,7.43514
u0031157:i0268380,7.43514
u0031157:i0332452,7.43514
u0031157:i0351283,7.43514
u0031157:i0356910,7.43514
u0031157:i0365907,7.43514
u0031157:i0368574,7.43514
u0031157:i0372764,7.43514
u0031157:i0382932,7.43514
u0031157:i0397892,7.43514
u0031157:i0408236,7.43514
u0031157:i0414993,7.43514
u0031157:i0416449,7.43514
u0031157:i0455944,7.43514
u0031157:i0470752,7.43514
u0031157:i0481499,7.43514
u0031157:i0496806,7.43514
u0031157:i0787474,7.43514
u0031157:i0816692,7.43514
u0031157:i0848537,7.43514
u0031157:i0884732,7.43514
u0031157:i0887912,7.43514
u0031157:i0903624,7.43514
u0031157:i0944835,7.43514
u0031157:i0947798,7.43514
u0031157:i0989757,7.43514
u0031157:i0993846,7.43514
u0031157:i1045658,7.43514
u0031157:i1109624,7.43514
u0031157:i1142977,7.43514
u0031157:i1170358,7.43514
u0031157:i1210819,7.43514
u0031157:i1217209,7.43514
u0031157:i1245492,7.43514
u0031157:i1285016,7.43514
u0031157:i1318514,7.43514
u0031157:i1323594,7.43514
u0031157:i1386588,7.43514
u0031157:i1446192,7.43514
u0031157:i1448755,7.43514
u0031157:i1542344,7.43514
u0031157:i1617661,7.43514
u0031157:i1623288,7.43514
u0031157:i1790864,7.43514
u0031157:i1809398,7.43514
u0031157:i1823672,7.43514
u0031157:i1840309,7.43514
u0031157:i1853728,7.43514
u0031157:i1860353,7.43514
u0031157:i1872194,7.43514
u0031157:i1951264,7.43514
u0031157:i2103281,7.43514
u0031157:i2179136,7.43514
u0031157:i2199571,7.43514
u0031157:i2209764,7.43514
u0031157:i2224026,7.43514
u0031157:i2278388,7.43514
u0031157:i2294629,7.43514
u0031157:i2310332,7.43514
u0031157:i2381941,7.43514
u0031157:i2395427,7.43514
u0031157:i2561572,7.43514
u0031157:i2562232,7.43514
u0031157:i2713180,7.43514
u0031157:i2802144,7.43514
u0031157:i2872732,7.43514
u0031157:i2908446,7.43514
u0031157:i2911666,7.43514
u0031157:i2918436,7.43514
u0031157:i2980516,7.43514
u0031157:i3203616,7.43514
u0031161:i2562232,7.60697
u0031161:i2980516,7.60697
u0031161:i4229236,7.60697
u0031190:i1570989,7.67
u0031190:i1647668,7.67
u0031190:i1666801,7.67
u0031190:i2096673,7.67
u0031190:i2235108,7.67
u0031190:i4257858,7.67
u0031194:i1392190,7.645
u0031194:i1655441,7.645
u0031194:i1823672,7.645
u0031194:i1872194,7.645
u0031194:i1964418,7.645
u0031194:i1980929,7.645
u0031194:i2179136,7.645
u0031194:i2267998,7.645
u0031194:i2395427,7.645
u0031194:i2820852,7.645
u0031194:i2935476,7.645
u0031207:i0119695,8.39091
u0031207:i0361748,8.39091
u0031207:i1136608,8.39091
u0031207:i1386588,8.39091
u0031207:i1392190,8.39091
u0031207:i1441395,8.39091
u0031207:i1734433,8.39091
u0031207:i1823672,8.39091
u0031207:i2381249,8.39091
u0031207:i2692904,8.39091
u0031207:i2802144,8.39091
u0031207:i3152624,8.39091
u0031207:i3263520,8.39091
u0031207:i3892434,8.39091
u0031210:i0080678,7.41959
u0031210:i0093822,7.41959
u0031210:i0110912,7.41959
u0031210:i0111161,7.41959
u0031210:i0209144,7.41959
u0031210:i0250258,7.41959
u0031210:i0765010,7.41959
u0031210:i1152836,7.41959
u0031210:i1504320,7.41959
u0031210:i1798684,7.41959
u0031210:i1907668,7.41959
u0031210:i2179136,7.41959
u0031210:i2245084,7.41959
u0031210:i2562232,7.41959
u0031210:i2917388,7.41959
u0031210:i2937898,7.41959
u0031210:i3007512,7.41959
u0031210:i3021360,7.41959
u0031225:i0017925,7.76029
u0031225:i0025316,7.76029
u0031225:i0037884,7.76029
u0031225:i0038787,7.76029
u0031225:i0046268,7.76029
u0031225:i0046911,7.76029
u0031225:i0051201,7.76029
u0031225:i0052311,7.76029
u0031225:i0053198,7.76029
u0031225:i0054452,7.76029
u0031225:i0060161,7.76029
u0031225:i0064816,7.76029
u0031225:i0070291,7.76029
u0031225:i0077416,7.76029
u0031225:i0082353,7.76029
u0031225:i0088247,7.76029
u0031225:i0093105,7.76029
u0031225:i0094082,7.76029
u0031225:i0095031,7.76029
u0031225:i0097965,7.76029
u0031225:i0099160,7.76029
u0031225:i0105151,7.76029
u0031225:i0169547,7.76029
u0031225:i1100089,7.76029
u0031225:i1103982,7.76029
u0031225:i1109624,7.76029
u0031225:i1392190,7.76029
u0031225:i1638355,7.76029
u0031225:i1767372,7.76029
u0031225:i1772288,7.76029
u0031225:i1791528,7.76029
u0031225:i1915581,7.76029
u0031225:i1964418,7.76029
u0031225:i2084970,7.76029
u0031225:i2096672,7.76029
u0031225:i2096673,7.76029
u0031225:i2101383,7.76029
u0031225:i2268016,7.76029
u0031225:i2305051,7.76029
u0031225:i2509850,7.76029
u0031225:i2562232,7.76029
u0031225:i2637276,7.76029
u0031225:i2679042,7.76029
u0031225:i2802144,7.76029
u0031225:i3713166,7.76029
u0031225:i4229236,7.76029
u0031232:i0369610,7.60697
u0031232:i1392190,7.60697
u0031232:i1772288,7.60697
u0031232:i1810683,7.60697
u0031232:i2273657,7.60697
u0031232:i2361700,7.60697
u0031232:i2493486,7.60697
u0031232:i2515034,7.60697
u0031232:i2788716,7.60697
u0031232:i2944198,7.60697
u0031232:i3247714,7.60697
u0031232:i3297330,7.60697
u0031298:i0091605,8.36812
u0031298:i0122690,8.36812
u0031298:i0265086,8.36812
u0031298:i0325805,8.36812
u0031298:i0365907,8.36812
u0031298:i0401445,8.36812
u0031298:i0473705,8.36812
u0031298:i0758774,8.36812
u0031298:i0790724,8.36812
u0031298:i0955308,8.36812
u0031298:i1197624,8.36812
u0031298:i1401152,8.36812
u0031298:i1458175,8.36812
u0031298:i1528100,8.36812
u0031298:i1600196,8.36812
u0031298:i1601913,8.36812
u0031298:i2084970,8.36812
u0031298:i2170593,8.36812
u0031298:i2267998,8.36812
u0031298:i2402157,8.36812
u0031298:i2802144,8.36812
u0031298:i2908856,8.36812
u0031298:i2911666,8.36812
u0031332:i0047396,6.83384
u0031332:i0054215,6.83384
u0031332:i0425112,6.83384
u0031332:i0814075,6.83384
u0031332:i0975645,6.83384
u0031332:i1340138,6.83384
u0031332:i1412386,6.83384
u0031332:i1995341,6.83384
u0031332:i2357788,6.83384
u0031332:i2481554,6.83384
u0031332:i2802144,6.83384
u0031332:i3986532,6.83384
u0031355:i2084970,7.5572
u0031355:i2096673,7.5572
u0031355:i2245084,7.5572
u0031393:i0369610,6.68965
u0031393:i0478970,6.42708
u0031393:i1029360,7.15717
u0031393:i1340138,6.56028
u0031393:i2224026,6.85136
u0031393:i2637276,6.12483
u0031393:i3195644,6.56022
u0031393:i4660980,6.28717
u0031399:i0087884,7.60751
u0031399:i0116282,7.60751
u0031399:i0305224,7.60751
u0031399:i0362227,7.60751
u0031399:i0790724,7.60751
u0031399:i2267998,7.60751
u0031399:i2338151,7.60751
u0031399:i3079380,7.60751
u0031399:i3247714,7.60751
u0031422:i0081059,5.08271
u0031422:i0096283,6.33649
u0031422:i0117381,5.13437
u0031422:i0119114,3.66914
u0031422:i1392190,6.48349
u0031422:i1798684,6.21629
u0031422:i2120120,6.19213
u0031422:i2293640,6.65785
u0031422:i2395427,6.80877
u0031433:i0264464,7.60697
u0031433:i0486655,7.60697
u0031433:i0780536,7.60697
u0031433:i0816692,7.60697
u0031433:i1186830,7.60697
u0031433:i1853728,7.60697
u0031433:i2338151,7.60697
u0031433:i2883512,7.60697
u0031433:i2884206,7.60697
u0031454:i0369610,6.83384
u0031454:i0816692,6.83384
u0031454:i1065073,6.83384
u0031454:i1091191,6.83384
u0031454:i1179031,6.83384
u0031454:i1204977,6.83384
u0031454:i1528071,6.83384
u0031454:i1600196,6.83384
u0031454:i1707392,6.83384
u0031454:i1809398,6.83384
u0031454:i2084970,6.83384
u0031454:i2170439,6.83384
u0031454:i2179136,6.83384
u0031454:i2267998,6.83384
u0031454:i2273657,6.83384
u0031454:i2305051,6.83384
u0031454:i2316411,6.83384
u0031454:i2321549,6.83384
u0031454:i2395427,6.83384
u0031454:i2614684,6.83384
u0031454:i2692250,6.83384
u0031454:i2802144,6.83384
u0031454:i2872718,6.83384
u0031454:i3007512,6.83384
u0031454:i3322940,6.83384
u0031463:i0238380,6.66186
u0031463:i0497465,6.66186
u0031463:i1193138,6.66186
u0031463:i1322269,6.66186
u0031463:i1433811,6.66186
u0031463:i1528100,6.66186
u0031463:i1836808,6.66186
u0031463:i1840417,6.66186
u0031463:i1935179,6.66186
u0031463:i1979320,6.66186
u0031463:i2305051,6.66186
u0031463:i2562232,6.66186
u0031463:i2726560,6.66186
u0031463:i2980516,6.66186
u0031463:i2980648,6.66186
u0031463:i2994190,6.66186
u0031463:i3863552,6.66186
u0031481:i1210819,7.17989
u0031481:i1823672,7.17989
u0031481:i1872194,7.17989
u0031481:i2084970,7.17989
u0031481:i2305051,7.17989
u0031481:i2381941,7.17989
u0031481:i2911666,7.17989
u0031521:i0369610,7.41959
u0031521:i0478970,7.41959
u0031521:i1617661,7.41959
u0031521:i1964418,7.41959
u0031521:i2084970,7.41959
u0031521:i2126355,7.41959
u0031521:i2395427,7.41959
u0031521:i2980516,7.41959
u0031521:i3079380,7.41959
u0031521:i3195644,7.41959
u0031527:i0119116,7.75657
u0031527:i0315327,7.75657
u0031527:i0317705,7.75657
u0031527:i1065073,7.75657
u0031527:i1528071,7.75657
u0031527:i1600196,7.75657
u0031527:i1646971,7.75657
u0031527:i2084970,7.75657
u0031527:i2179136,7.75657
u0031527:i2205697,7.75657
u0031527:i2562232,7.75657
u0031527:i2802144,7.75657
u0031532:i0247638,3.53046
u0031532:i0416320,5.202
u0031532:i0461770,3.75298
u0031532:i1000774,4.94106
u0031532:i1178665,0
u0031532:i1438173,2.39115
u0031532:i1453403,0
u0031532:i1524930,6.027
u0031532:i1638355,6.53322
u0031532:i1727770,5.7294
u0031532:i1781922,6.19981
u0031532:i1798684,6.23966
u0031532:i2096673,6.7184
u0031532:i2140379,5.76891
u0031532:i2381249,6.48549
u0031532:i2752772,6.59418
u0031532:i3152624,6.56355
u0031532:i3442990,6.09889
u0031532:i3787590,4.50037
u0031532:i4178092,6.12246
u0031533:i1219289,8.52381
u0031533:i1251757,8.52381
u0031533:i1340138,8.52381
u0031533:i1454029,8.52381
u0031533:i1840309,8.52381
u0031533:i2245084,8.52381
u0031533:i2261331,8.52381
u0031533:i2395427,8.52381
u0031533:i2404425,8.52381
u0031533:i2802144,8.52381
u0031533:i2911666,8.52381
u0031536:i0112870,0
u0031536:i0347304,0
u0031536:i0367110,0
u0031536:i0420332,3.80348
u0031536:i1188996,5.55136
u0031539:i0084548,0
u0031539:i0097904,0
u0031539:i0470752,6.73976
u0031539:i1020072,7.20082
u0031539:i1360860,4.80022
u0031539:i1791528,6.84883
u0031539:i2326554,6.51354
u0031539:i2358891,6.49547
u0031539:i2614684,6.33268
u0031539:i3062880,4.50341
u0031539:i3253930,6.47867
u0031563:i0455944,7.98757
u0031563:i2179136,7.98757
u0031563:i2911666,7.98757
u0031588:i0381061,8.03843
u0031588:i0758730,8.03843
u0031588:i1335975,8.03843
u0031588:i1823672,8.03843
u0031588:i2172934,8.03843
u0031588:i2245084,8.03843
u0031588:i2267998,8.03843
u0031588:i2911666,8.03843
u0031588:i3455822,8.03843
u0031600:i0088847,7.48805
u0031600:i0111149,7.48805
u0031600:i0458413,7.48805
u0031600:i0964517,7.48805
u0031600:i1226229,7.48805
u0031614:i0369610,6.69693
u0031614:i0814314,7.09334
u0031614:i0829482,4.36491
u0031614:i1307068,5.51087
u0031614:i1638002,6.07558
u0031614:i1655441,6.35907
u0031614:i1810683,6.19932
u0031614:i3042408,5.38847
u0031615:i0084602,7.09432
u0031615:i0118548,7.09432
u0031615:i0369610,7.09432
u0031615:i1109624,7.09432
u0031615:i1276104,7.09432
u0031615:i1631867,7.09432
u0031615:i2015381,7.09432
u0031615:i2084970,7.09432
u0031615:i2304771,7.09432
u0031615:i2713180,7.09432
u0031615:i2980516,7.09432
u0031623:i1020072,7.68762
u0031623:i2177771,7.68762
u0031623:i2382298,7.68762
u0031623:i2611390,7.68762
u0031623:i2692250,7.68762
u0031623:i2788556,7.68762
u0031623:i3316960,7.68762
u0031623:i3705388,7.68762
u0031626:i0137523,5.2083
u0031626:i0455407,5.50984
u0031626:i0470752,6.7514
u0031626:i0478970,6.43775
u0031626:i0816692,6.30136
u0031626:i0884732,6.60054
u0031626:i1136608,5.08176
u0031626:i1823672,6.76012
u0031626:i1840309,6.68732
u0031626:i1999995,4.20472
u0031626:i2084970,6.6704
u0031626:i2381941,6.75988
u0031626:i2802144,6.66921
u0031654:i0048021,7.7333
u0031654:i0408777,7.7333
u0031654:i0923752,7.7333
u0031654:i1570728,7.7333
u0031673:i0369610,7.69718
u0031673:i1219289,7.69718
u0031673:i1267297,7.69718
u0031673:i2322441,7.69718
u0031673:i2381249,7.69718
u0031673:i3045616,7.69718
u0031675:i0101507,6.16589
u0031675:i0381849,5.17717
u0031675:i1014763,6.34557
u0031675:i1235166,3.15911
u0031675:i2273657,6.12855
u0031688:i1392190,6.48897
u0031688:i2024544,6.20621
u0031688:i2980516,6.86716
u0031697:i0369610,7.81687
u0031697:i0478970,7.81687
u0031697:i1502712,7.81687
u0031697:i2381249,7.81687
u0031697:i2395427,7.81687
u0031697:i2561572,7.81687
u0031697:i2679042,7.81687
u0031697:i2752772,7.81687
u0031697:i3713166,7.81687
u0031716:i0369610,6.94499
u0031716:i0884732,6.94499
u0031716:i1020072,6.94499
u0031716:i1340138,6.94499
u0031716:i1502712,6.94499
u0031716:i1661199,6.94499
u0031716:i1772264,6.94499
u0031716:i1790886,6.94499
u0031716:i1823672,6.94499
u0031716:i1850397,6.94499
u0031716:i1865505,6.94499
u0031716:i2096672,6.94499
u0031716:i2096673,6.94499
u0031716:i2120120,6.94499
u0031716:i2126355,6.94499
u0031716:i2170439,6.94499
u0031716:i2199571,6.94499
u0031716:i2262227,6.94499
u0031716:i2293640,6.94499
u0031716:i2381249,6.94499
u0031716:i2381941,6.94499
u0031716:i2561572,6.94499
u0031716:i2562232,6.94499
u0031716:i2935476,6.94499
u0031716:i2967224,6.94499
u0031716:i2980516,6.94499
u0031716:i3079380,6.94499
u0031718:i0300471,7.60697
u0031718:i0816692,7.60697
u0031718:i1661199,7.60697
u0031718:i2267998,7.60697
u0031731:i0063442,7.72229
u0031731:i0065462,7.72229
u0031731:i0067065,7.72229
u0031731:i0068408,7.72229
u0031731:i0069768,7.72229
u0031731:i0144084,7.72229
u0031731:i0365907,7.72229
u0031731:i0397535,7.72229
u0031731:i0470752,7.72229
u0031731:i0816692,7.72229
u0031731:i0829150,7.72229
u0031731:i1029360,7.72229
u0031731:i1204977,7.72229
u0031731:i1392190,7.72229
u0031731:i1403241,7.72229
u0031731:i1528100,7.72229
u0031731:i1600196,7.72229
u0031731:i1617661,7.72229
u0031731:i1661199,7.72229
u0031731:i1726592,7.72229
u0031731:i1823672,7.72229
u0031731:i1881002,7.72229
u0031731:i1951265,7.72229
u0031731:i2096672,7.72229
u0031731:i2170593,7.72229
u0031731:i2180994,7.72229
u0031731:i2231253,7.72229
u0031731:i2245084,7.72229
u0031731:i2267998,7.72229
u0031731:i2300975,7.72229
u0031731:i2305051,7.72229
u0031731:i2310332,7.72229
u0031731:i2321549,7.72229
u0031731:i2395427,7.72229
u0031731:i2397535,7.72229
u0031731:i2436386,7.72229
u0031731:i2446042,7.72229
u0031731:i2799166,7.72229
u0031731:i2820852,7.72229
u0031731:i2872718,7.72229
u0031731:i2872732,7.72229
u0031731:i2908446,7.72229
u0031731:i2911666,7.72229
u0031731:i2918436,7.72229
u0031731:i2960930,7.72229
u0031731:i2980516,7.72229
u0031731:i3025410,7.72229
u0031731:i3212002,7.72229
u0031731:i3235888,7.72229
u0031731:i3316960,7.72229
u0031731:i3322940,7.72229
u0031732:i1655441,7.15237
u0031732:i1706620,7.15237
u0031732:i1809398,7.15237
u0031732:i2096673,7.15237
u0031732:i2120120,7.15237
u0031732:i2293640,7.15237
u0031732:i2381249,7.15237
u0031732:i2397535,7.15237
u0031732:i2980516,7.15237
u0031750:i2562232,6.81303
u0031750:i2582802,6.80385
u0031750:i2802144,6.67551
u0031750:i3316960,6.69876
u0031750:i3850214,6.58641
u0031753:i0079116,7.67
u0031753:i0478970,7.67
u0031753:i0480242,7.67
u0031753:i0482571,7.67
u0031753:i1245492,7.67
u0031753:i2199571,7.67
u0031753:i2293640,7.67
u0031753:i2381941,7.67
u0031753:i2561572,7.67
u0031763:i0102926,7.92598
u0031763:i0369610,7.92598
u0031763:i0420293,7.92598
u0031763:i0478970,7.92598
u0031763:i0903657,7.92598
u0031763:i1029360,7.92598
u0031763:i1392190,7.92598
u0031763:i1502712,7.92598
u0031763:i1524930,7.92598
u0031763:i1638355,7.92598
u0031763:i1661199,7.92598
u0031763:i1964418,7.92598
u0031763:i2096673,7.92598
u0031763:i2120120,7.92598
u0031763:i2126355,7.92598
u0031763:i2179136,7.92598
u0031763:i2293640,7.92598
u0031763:i2358925,7.92598
u0031763:i2381249,7.92598
u0031763:i2381941,7.92598
u0031763:i2395427,7.92598
u0031763:i2415458,7.92598
u0031763:i2582496,7.92598
u0031763:i2637276,7.92598
u0031763:i2802144,7.92598
u0031763:i2848292,7.92598
u0031763:i2908446,7.92598
u0031763:i2967224,7.92598
u0031763:i3079380,7.92598
u0031763:i3152624,7.92598
u0031763:i3235888,7.92598
u0031763:i3316948,7.92598
u0031763:i3316960,7.92598
u0031763:i3622592,7.92598
u0031763:i3713166,7.92598
u0031763:i3850214,7.92598
u0031763:i4178092,7.92598
u0031765:i0369610,7.2163
u0031765:i1065073,7.2163
u0031765:i2084970,7.2163
u0031765:i2179136,7.2163
u0031816:i0108394,4.40454
u0031816:i0119668,5.64723
u0031816:i0120586,5.20662
u0031816:i0180093,5.72929
u0031816:i0223897,4.98933
u0031816:i0268978,5.14366
u0031816:i0317740,5.13334
u0031816:i0374546,4.14545
u0031816:i0408306,6.81959
u0031816:i0437800,3.86713
u0031816:i0478970,6.44845
u0031816:i0790636,6.69969
u0031816:i1065073,6.73212
u0031816:i1130884,4.54808
u0031816:i1375666,5.32605
u0031816:i1647668,6.33584
u0031816:i1798684,6.26312
u0031816:i2024544,6.3233
u0031816:i2223990,6.4529
u0031816:i2261434,3.35487
u0031816:i2278388,6.50076
u0031816:i2334873,6.85359
u0031816:i2515030,6.84693
u0031816:i2582846,5.82904
u0031816:i2802144,6.68182
u0031816:i2852406,0
u0031816:i2893490,5.23525
u0031816:i3011894,6.78776
u0031816:i3646462,6.24867
u0031843:i1655441,8.15884
u0031843:i2395427,8.15884
u0031843:i2582802,8.15884
u0031843:i3674140,8.15884
u0031852:i0478970,7.13811
u0031852:i2395427,7.13811
u0031852:i3165552,7.13811
u0031852:i3538766,7.13811
u0031852:i3819668,7.13811
u0031886:i0317705,7.03983
u0031886:i0369610,7.03983
u0031886:i0478970,7.03983
u0031886:i1340138,7.03983
u0031886:i1392190,7.03983
u0031886:i1398426,7.03983
u0031886:i2268016,7.03983
u0031886:i2293640,7.03983
u0031886:i2381249,7.03983
u0031886:i3079380,7.03983
u0031895:i1853739,4.75947
u0031895:i2535470,6.9998
u0031895:i2562232,6.82023
u0031895:i2637276,6.14904
u0031895:i3722248,5.05993
u0031959:i0070047,7.49043
u0031959:i0078788,7.49043
u0031959:i0102685,7.49043
u0031959:i0108394,7.49043
u0031959:i0369610,7.49043
u0031959:i0434409,7.49043
u0031959:i0455944,7.49043
u0031959:i0947798,7.49043
u0031959:i1194238,7.49043
u0031959:i1211956,7.49043
u0031959:i1255953,7.49043
u0031959:i1392190,7.49043
u0031959:i1392214,7.49043
u0031959:i1726669,7.49043
u0031959:i2179136,7.49043
u0031959:i2184339,7.49043
u0031959:i2267998,7.49043
u0031959:i2302755,7.49043
u0031959:i2582802,7.49043
u0031959:i2820852,7.49043
u0031974:i0067116,7.58422
u0031974:i0119510,7.58422
u0031974:i0289043,7.58422
u0031974:i0322332,7.58422
u0031974:i0405094,7.58422
u0031974:i0465556,7.58422
u0031974:i1187043,7.58422
u0031974:i2562232,7.58422
u0031974:i2884206,7.58422
u0031974:i4458206,7.58422
u0032017:i1392190,6.49446
u0032017:i1850397,6.61741
u0032017:i2088003,5.8725
u0032017:i3079380,6.48568
u0032017:i3247714,6.70354
u0032017:i3746298,6.11622
u0032019:i0068646,7.59005
u0032019:i0104691,7.59005
u0032019:i0105236,7.59005
u0032019:i0114369,7.59005
u0032019:i0139654,7.59005
u0032019:i0488120,7.59005
u0032019:i1179031,7.59005
u0032019:i3316960,7.59005
u0032043:i0323807,3.57143
u0032043:i2554722,4.01786
u0032043:i3013610,5.57034
u0032043:i3078296,4.01786
u0032043:i3623376,4.01786
u0032043:i3916354,3.57143
u0032049:i0373469,7.97525
u0032049:i1470827,7.97525
u0032049:i1617661,7.97525
u0032049:i2381249,7.97525
u0032049:i2415458,7.97525
u0032049:i4082068,7.97525
u0032053:i0081505,5.28794
u0032053:i0137523,5.27868
u0032053:i0144084,5.18306
u0032053:i0246578,5.67902
u0032053:i0482571,4.36373
u0032053:i2244901,6.90232
u0032053:i2381941,6.77217
u0032058:i0369610,7.17518
u0032058:i1340138,7.17518
u0032058:i2381249,7.17518
u0032058:i2395427,7.17518
u0032058:i3235888,7.17518
u0032060:i0050976,7.48008
u0032060:i0080843,7.48008
u0032060:i0408664,7.48008
u0032060:i1748122,7.48008
u0032060:i2562232,7.48008
u0032060:i2720680,7.48008
u0032060:i2785032,7.48008
u0032060:i2980516,7.48008
u0032060:i3630276,7.48008
u0032060:i3674140,7.48008
u0032098:i1020072,8.08333
u0032098:i2179136,8.08333
u0032098:i2338151,8.08333
u0032103:i0052357,7.60697
u0032103:i0082694,7.60697
u0032103:i0094226,7.60697
u0032103:i0102926,7.60697
u0032103:i0112697,7.60697
u0032103:i0122515,7.60697
u0032103:i0137523,7.60697
u0032103:i0181875,7.60697
u0032103:i0230011,7.60697
u0032103:i0335266,7.60697
u0032103:i0449059,7.60697
u0032103:i0981227,7.60697
u0032103:i1109624,7.60697
u0032103:i1638002,7.60697
u0032103:i1655441,7.60697
u0032103:i1809398,7.60697
u0032103:i1865505,7.60697
u0032103:i1951181,7.60697
u0032103:i2053425,7.60697
u0032103:i2085893,7.60697
u0032103:i2322441,7.60697
u0032103:i2326554,7.60697
u0032103:i2381249,7.60697
u0032103:i2562232,7.60697
u0032103:i2570858,7.60697
u0032103:i2582802,7.60697
u0032103:i2717860,7.60697
u0032103:i2737050,7.60697
u0032103:i2872718,7.60697
u0032103:i2935476,7.60697
u0032103:i2965412,7.60697
u0032103:i3079380,7.60697
u0032108:i0068646,4.53457
u0032108:i0099685,5.9173
u0032108:i0102926,5.30345
u0032108:i0120815,5.63074
u0032108:i0407887,5.08016
u0032108:i1130884,4.61699
u0032108:i1563738,4.62558
u0032108:i2582846,5.8931
u0032108:i2802144,6.68813
u0032108:i3079380,6.50127
u0032109:i0369610,7.38779
u0032109:i0470752,7.38779
u0032109:i1340138,7.38779
u0032109:i1392190,7.38779
u0032109:i1398426,7.38779
u0032109:i1798684,7.38779
u0032109:i2305051,7.38779
u0032109:i2381249,7.38779
u0032109:i2381941,7.38779
u0032109:i2395427,7.38779
u0032109:i2637276,7.38779
u0032109:i2753778,7.38779
u0032109:i2820852,7.38779
u0032109:i3074780,7.38779
u0032109:i3152624,7.38779
u0032109:i3195644,7.38779
u0032126:i1340138,7.60697
u0032126:i1392190,7.60697
u0032126:i2126355,7.60697
u0032126:i2381249,7.60697
u0032138:i0361748,5.65407
u0032138:i0477348,5.92891
u0032138:i0816692,6.31049
u0032138:i1454468,5.49277
u0032138:i2267998,6.51351
u0032138:i2713180,6.80001
u0032138:i2872718,6.84453
u0032149:i0816692,6.31964
u0032149:i1798709,6.09625
u0032149:i3612616,6.26614
u0032180:i0169102,7.10271
u0032180:i0419887,7.10271
u0032180:i0455944,7.10271
u0032180:i0804522,7.10271
u0032180:i1175709,7.10271
u0032180:i1289406,7.10271
u0032180:i1392190,7.10271
u0032180:i1790864,7.10271
u0032180:i1907668,7.10271
u0032180:i1921149,7.10271
u0032180:i2039393,7.10271
u0032180:i2084970,7.10271
u0032180:i2179136,7.10271
u0032180:i2267998,7.10271
u0032180:i2381941,7.10271
u0032180:i2717822,7.10271
u0032180:i2911666,7.10271
u0032180:i3079380,7.10271
u0032180:i3863552,7.10271
u0032190:i0266697,7.01876
u0032190:i0332379,7.01876
u0032190:i1840309,7.01876
u0032190:i2097298,7.01876
u0032194:i0369610,6.70421
u0032194:i1392190,6.49995
u0032194:i2126355,6.81366
u0032194:i3079380,6.5169
u0032225:i0109040,7.17232
u0032225:i0112281,7.17232
u0032225:i0120382,7.17232
u0032225:i0264464,7.17232
u0032225:i0268995,7.17232
u0032225:i0272020,7.17232
u0032225:i0315327,7.17232
u0032225:i0328107,7.17232
u0032225:i0398165,7.17232
u0032225:i0427309,7.17232
u0032225:i0454848,7.17232
u0032225:i0486578,7.17232
u0032225:i0762107,7.17232
u0032225:i0814314,7.17232
u0032225:i1222817,7.17232
u0032225:i1385867,7.17232
u0032225:i1535612,7.17232
u0032225:i1583420,7.17232
u0032225:i1587310,7.17232
u0032225:i1840309,7.17232
u0032225:i1907668,7.17232
u0032225:i2103254,7.17232
u0032225:i2326612,7.17232
u0032225:i2369135,7.17232
u0032225:i2402157,7.17232
u0032225:i2582846,7.17232
u0032225:i2980516,7.17232
u0032255:i0369610,7.68754
u0032255:i1631867,7.68754
u0032255:i2103281,7.68754
u0032255:i3099638,7.68754
u0032255:i3742284,7.68754
u0032255:i4110568,7.68754
u0032260:i0478970,6.78343
u0032260:i1392190,6.78343
u0032260:i1790864,6.78343
u0032260:i2179136,6.78343
u0032260:i2293640,6.78343
u0032260:i2545118,6.78343
u0032260:i2582802,6.78343
u0032352:i0086465,7.60697
u0032352:i0106856,7.60697
u0032352:i0119488,7.60697
u0032352:i0159365,7.60697
u0032352:i0264464,7.60697
u0032352:i0405159,7.60697
u0032352:i0816692,7.60697
u0032352:i1205489,7.60697
u0032352:i1614989,7.60697
u0032352:i1655441,7.60697
u0032352:i2562232,7.60697
u0032352:i2802144,7.60697
u0032352:i2872718,7.60697
u0032352:i2911666,7.60697
u0032352:i2980516,7.60697
u0032366:i0230600,6.20034
u0032366:i0448694,5.8815
u0032366:i0470752,6.76306
u0032366:i0478970,6.45916
u0032366:i1148204,5.19257
u0032366:i1216491,6.45002
u0032366:i1392170,4.391
u0032366:i1392214,5.27526
u0032366:i1396218,6.44993
u0032366:i1568346,5.31625
u0032366:i1661199,6.85003
u0032366:i1758595,5.65564
u0032366:i1772250,5.78745
u0032366:i1790864,6.44623
u0032366:i1840309,6.74756
u0032366:i1865505,6.27211
u0032366:i1869716,6.40478
u0032366:i1951264,5.23782
u0032366:i2084970,6.67731
u0032366:i2096673,6.73307
u0032366:i2106361,6.81066
u0032366:i2199571,6.32506
u0032366:i2267998,6.52955
u0032366:i2310332,6.66125
u0032366:i2381249,6.49709
u0032366:i2446042,6.83822
u0032366:i2562232,6.82744
u0032366:i2679042,6.05438
u0032366:i2788710,6.95238
u0032366:i2872732,6.60719
u0032366:i3672840,6.07689
u0032373:i0111161,4.66171
u0032373:i0215750,4.16414
u0032373:i0421206,5.19866
u0032373:i0426931,5.613
u0032373:i0822854,5.32431
u0032373:i0936501,5.59819
u0032373:i1267297,6.13475
u0032373:i1397280,5.64451
u0032373:i1583421,5.72798
u0032373:i2199571,6.34765
u0032373:i2295722,5.92229
u0032373:i2333784,6.82854
u0032373:i2446042,6.85701
u0032373:i2637276,6.17334
u0032373:i2713180,6.81693
u0032373:i2820852,6.58521
u0032373:i2883512,6.70796
u0032408:i0332452,6.95938
u0032408:i1655441,6.95938
u0032408:i3181822,6.95938
u0032444:i0119008,7.67
u0032444:i0208092,7.67
u0032444:i1454029,7.67
u0032444:i1638355,7.67
u0032458:i0365929,7.67
u0032458:i0780536,7.67
u0032458:i1020072,7.67
u0032458:i1033575,7.67
u0032458:i1092026,7.67
u0032458:i1109624,7.67
u0032458:i1654829,7.67
u0032458:i1764234,7.67
u0032458:i1855199,7.67
u0032458:i1937118,7.67
u0032458:i2165859,7.67
u0032458:i2179136,7.67
u0032458:i2446042,7.67
u0032458:i2783020,7.67
u0032458:i3099498,7.67
u0032468:i1065073,7.84333
u0032468:i1655441,7.84333
u0032468:i1798684,7.84333
u0032468:i2084970,7.84333
u0032468:i2582846,7.84333
u0032485:i0369610,6.23251
u0032485:i1486834,6.23251
u0032485:i2179136,6.23251
u0032495:i1617661,6.90253
u0032495:i1809398,6.69475
u0032495:i2524674,6.11541
u0032526:i1024648,7.70823
u0032526:i1446714,7.70823
u0032526:i1907668,7.70823
u0032526:i2446042,7.70823
u0032532:i0062229,3.93971
u0032532:i0086250,4.66187
u0032532:i0099685,6.01592
u0032532:i0108358,4.91228
u0032532:i0109830,5.32828
u0032532:i0110413,4.58045
u0032532:i0114369,4.83578
u0032532:i0114814,5.08537
u0032532:i0117381,5.3483
u0032532:i0137523,5.35001
u0032532:i0169547,5.6888
u0032532:i0352248,5.25404
u0032532:i0443543,5.29432
u0032532:i0477348,6.04749
u0032532:i0482571,4.41761
u0032532:i0780504,6.04594
u0032532:i0993846,6.22296
u0032532:i1291584,5.13866
u0032532:i1305806,5.76724
u0032532:i1375666,5.39262
u0032532:i1392190,6.50544
u0032532:i1392214,5.34956
u0032532:i1675434,5.14768
u0032532:i1683526,4.91086
u0032532:i1772288,6.84543
u0032540:i0090329,6.90007
u0032540:i0093058,6.90007
u0032540:i0109830,6.90007
u0032540:i0113497,6.90007
u0032540:i0120768,6.90007
u0032540:i0292963,6.90007
u0032540:i0332280,6.90007
u0032540:i0914798,6.90007
u0032540:i0976051,6.90007
u0032540:i1045658,6.90007
u0032540:i1189340,6.90007
u0032540:i1371111,6.90007
u0032540:i1865425,6.90007
u0032540:i2194499,6.90007
u0032540:i2544766,6.90007
u0032554:i0029546,7.40729
u0032554:i0029947,7.40729
u0032554:i0033045,7.40729
u0032554:i0045152,7.40729
u0032554:i2316411,7.40729
u0032554:i2562232,7.40729
u0032555:i1065073,6.75175
u0032555:i1980929,6.70135
u0032555:i2084970,6.68423
u0032555:i2179136,6.84845
u0032555:i2562232,6.83466
u0032555:i2582802,6.81136
u0032555:i2872718,6.85579
u0032555:i2980516,6.87631
u0032560:i2267998,8.01558
u0032560:i2884206,8.01558
u0032560:i3416742,8.01558
u0032572:i0102926,7.53091
u0032572:i0108052,7.53091
u0032572:i0120737,7.53091
u0032572:i0167260,7.53091
u0032572:i0167261,7.53091
u0032572:i0449467,7.53091
u0032572:i0986264,7.53091
u0032572:i1045658,7.53091
u0032572:i1065073,7.53091
u0032572:i1187043,7.53091
u0032572:i1323594,7.53091
u0032572:i1462758,7.53091
u0032572:i1840309,7.53091
u0032572:i1924396,7.53091
u0032572:i1924435,7.53091
u0032572:i2084970,7.53091
u0032572:i2106476,7.53091
u0032572:i2338151,7.53091
u0032572:i2562232,7.53091
u0032572:i2582802,7.53091
u0032572:i2614684,7.53091
u0032572:i2788710,7.53091
u0032572:i2802144,7.53091
u0032572:i2820852,7.53091
u0032572:i2872718,7.53091
u0032572:i2980516,7.53091
u0032578:i0470752,6.77474
u0032578:i0478970,6.46989
u0032578:i1213663,6.26227
u0032578:i2397535,6.89414
u0032643:i0068646,4.61702
u0032643:i0272338,5.73072
u0032643:i0959337,5.91032
u0032643:i2562232,6.84188
u0032652:i0086993,6.9298
u0032652:i0103594,6.9298
u0032652:i0470752,6.9298
u0032652:i1276419,6.9298
u0032652:i1441953,6.9298
u0032652:i1823672,6.9298
u0032652:i2179136,6.9298
u0032652:i2261331,6.9298
u0032652:i2720680,6.9298
u0032652:i2872718,6.9298
u0032652:i2911666,6.9298
u0032652:i3247714,6.9298
u0032652:i3472226,6.9298
u0032676:i0443456,0
u0032676:i0458413,6.69233
u0032676:i0765010,4.84132
u0032676:i1065073,6.77143
u0032676:i1322269,6.13531
u0032676:i1392214,5.42491
u0032676:i1626146,6.76635
u0032676:i1979320,6.3906
u0032676:i2015381,6.52202
u0032676:i2177771,6.67641
u0032676:i2234003,6.83872
u0032676:i2802144,6.69444
u0032676:i2980648,6.80818
u0032678:i0058997,7.60697
u0032678:i0059221,7.60697
u0032678:i0063591,7.60697
u0032678:i0082694,7.60697
u0032678:i0101625,7.60697
u0032678:i0118715,7.60697
u0032678:i0154506,7.60697
u0032678:i0181689,7.60697
u0032678:i0309698,7.60697
u0032678:i0385017,7.60697
u0032678:i1392190,7.60697
u0032678:i2316411,7.60697
u0032683:i0052357,5.25711
u0032683:i0066380,3.77201
u0032683:i0067846,3.77201
u0032683:i0338013,5.2889
u0032683:i0431308,3.43275
u0032683:i0837562,5.45813
u0032683:i1392190,6.51094
u0032683:i1791682,6.80215
u0032683:i1823672,6.77475
u0032683:i2567712,7.28179
u0032683:i2802144,6.70076
u0032692:i0365907,7.86575
u0032692:i0455944,7.86575
u0032692:i0790636,7.86575
u0032692:i0816692,7.86575
u0032692:i1924429,7.86575
u0032692:i1951265,7.86575
u0032692:i2179136,7.86575
u0032692:i2820852,7.86575
u0032692:i2911666,7.86575
u0032692:i4619254,7.86575
u0032694:i0112431,7.41959
u0032694:i0114709,7.41959
u0032694:i0119654,7.41959
u0032694:i0120595,7.41959
u0032694:i0120912,7.41959
u0032694:i0145487,7.41959
u0032694:i0209144,7.41959
u0032694:i0232500,7.41959
u0032694:i0266543,7.41959
u0032694:i0290879,7.41959
u0032694:i0316654,7.41959
u0032694:i0319262,7.41959
u0032694:i0322259,7.41959
u0032694:i0325980,7.41959
u0032694:i0369610,7.41959
u0032694:i0383574,7.41959
u0032694:i0413300,7.41959
u0032694:i0415046,7.41959
u0032694:i0449088,7.41959
u0032694:i0463985,7.41959
u0032694:i0470752,7.41959
u0032694:i0480249,7.41959
u0032694:i0499549,7.41959
u0032694:i0770828,7.41959
u0032694:i0800080,7.41959
u0032694:i0816711,7.41959
u0032694:i0844760,7.41959
u0032694:i0993846,7.41959
u0032694:i1013752,7.41959
u0032694:i1119646,7.41959
u0032694:i1129442,7.41959
u0032694:i1190080,7.41959
u0032694:i1298650,7.41959
u0032694:i1409024,7.41959
u0032694:i1411697,7.41959
u0032694:i1504320,7.41959
u0032694:i1515091,7.41959
u0032694:i1583421,7.41959
u0032694:i1596343,7.41959
u0032694:i1707386,7.41959
u0032694:i1905041,7.41959
u0032694:i2084970,7.41959
u0032694:i2085930,7.41959
u0032694:i2179136,7.41959
u0032694:i2180411,7.41959
u0032694:i2395427,7.41959
u0032694:i2562232,7.41959
u0032694:i2802144,7.41959
u0032694:i2820852,7.41959
u0032694:i2908446,7.41959
u0032724:i0107818,6.81754
u0032724:i0822832,6.81754
u0032724:i2238050,6.81754
u0032724:i2562232,6.81754
u0032759:i1823672,7.60697
u0032759:i2084970,7.60697
u0032759:i2179136,7.60697
u0032759:i2199571,7.60697
u0032759:i2381941,7.60697
u0032759:i2802144,7.60697
u0032759:i3181822,7.60697
u0032783:i0079116,7.19718
u0032783:i0111127,7.19718
u0032783:i0116260,7.19718
u0032783:i0313443,7.19718
u0032783:i0369610,7.19718
u0032783:i0452594,7.19718
u0032783:i0455967,7.19718
u0032783:i0889573,7.19718
u0032783:i1171222,7.19718
u0032783:i1211956,7.19718
u0032783:i1392190,7.19718
u0032783:i1571249,7.19718
u0032783:i1629757,7.19718
u0032783:i1666801,7.19718
u0032783:i1674771,7.19718
u0032783:i1727388,7.19718
u0032783:i1758830,7.19718
u0032783:i2096673,7.19718
u0032783:i2103254,7.19718
u0032783:i2126355,7.19718
u0032783:i2223990,7.19718
u0032783:i2267998,7.19718
u0032783:i2333784,7.19718
u0032783:i2381249,7.19718
u0032783:i2390361,7.19718
u0032783:i2395427,7.19718
u0032783:i2473602,7.19718
u0032783:i2561572,7.19718
u0032783:i2582802,7.19718
u0032783:i2802144,7.19718
u0032783:i2820852,7.19718
u0032783:i3152624,7.19718
u0032795:i0111161,4.71926
u0032795:i0443706,6.15054
u0032795:i0470752,6.78644
u0032795:i0478970,6.48064
u0032795:i1340138,6.57602
u0032795:i1398426,6.58237
u0032795:i1524930,6.10957
u0032795:i1638355,6.56638
u0032795:i1798684,6.28666
u0032795:i1823672,6.78942
u0032795:i1843866,6.18945
u0032795:i2194499,6.48449
u0032795:i2355495,7.32968
u0032795:i2381249,6.50871
u0032795:i2802144,6.70709
u0032795:i3042408,5.46436
u0032795:i4178092,6.1819
u0032852:i2397535,7.73132
u0032852:i2446042,7.73132
u0032852:i2582802,7.73132
u0032860:i0478970,8.70536
u0032860:i0816692,8.70536
u0032860:i1255953,8.70536
u0032860:i2245084,8.70536
u0032860:i2397535,8.70536
u0032860:i2713180,8.70536
u0032860:i2872718,8.70536
u0032865:i0118694,6.97
u0032865:i1313104,6.97
u0032865:i1568343,6.97
u0032865:i2084970,6.97
u0032865:i2562232,6.97
u0032865:i2788716,6.97
u0032865:i2933544,6.97
u0032865:i3007512,6.97
u0032865:i3442006,6.97
u0032867:i0265662,7.60697
u0032867:i0338013,7.60697
u0032867:i0816442,7.60697
u0032867:i1319645,7.60697
u0032867:i1631867,7.60697
u0032867:i1663662,7.60697
u0032867:i1980929,7.60697
u0032888:i1408101,7.19689
u0032888:i1418377,7.19689
u0032888:i1617661,7.19689
u0032888:i1929263,7.19689
u0032888:i1956620,7.19689
u0032888:i2177771,7.19689
u0032888:i2294629,7.19689
u0032888:i2832470,7.19689
u0032893:i0369610,7.28141
u0032893:i0816692,7.28141
u0032893:i1392190,7.28141
u0032893:i2106361,7.28141
u0032893:i2126355,7.28141
u0032893:i2184339,7.28141
u0032893:i2293640,7.28141
u0032893:i2363471,7.28141
u0032893:i2802144,7.28141
u0032894:i0903624,4.83275
u0032894:i1170358,5.55109
u0032894:i1204977,7.15844
u0032894:i1268987,4.66454
u0032894:i1645155,5.3447
u0032894:i2229842,0
u0032894:i2302755,5.53701
u0032894:i2511428,0
u0032911:i1343092,8.52381
u0032911:i1605717,8.52381
u0032911:i1621444,8.52381
u0032922:i0379725,5.51832
u0032922:i1306980,5.54685
u0032922:i1798243,6.69237
u0032922:i2713180,6.83389
u0032922:i2980516,6.88548
u0032970:i0993846,6.28338
u0032970:i1033575,6.51857
u0032970:i1714206,6.33449
u0032970:i1840309,6.80835
u0032970:i2034031,6.65797
u0032970:i2205697,6.04297
u0032970:i2238050,6.99936
u0032970:i2314824,2.35088
u0032970:i2381249,6.52035
u0032970:i2582846,5.95786
u0032970:i2872718,6.86707
u0032970:i3179568,6.37051
u0032970:i3767372,5.95759
u0032970:i4429128,0
u0032976:i0144117,7.92598
u0032976:i1600196,7.92598
u0032976:i1702429,7.92598
u0032976:i3184934,7.92598
u0032977:i0369610,7.67
u0032977:i0478970,7.67
u0032977:i1335975,7.67
u0032977:i1392190,7.67
u0032977:i1490017,7.67
u0032977:i1499658,7.67
u0032977:i1502712,7.67
u0032977:i1823672,7.67
u0032977:i1924435,7.67
u0032977:i2024469,7.67
u0032977:i2126355,7.67
u0032977:i2199571,7.67
u0032977:i2254010,7.67
u0032977:i2295722,7.67
u0032977:i2368553,7.67
u0032977:i2381249,7.67
u0032977:i2395427,7.67
u0032977:i2781516,7.67
u0032977:i2802144,7.67
u0032977:i2820852,7.67
u0032977:i2872718,7.67
u0032977:i2975578,7.67
u0032977:i3576038,7.67
u0032977:i3607812,7.67
u0032977:i3625152,7.67
u0032986:i1661199,6.8754
u0032986:i2084970,6.69115
u0032986:i2180411,6.71922
u0032986:i2848292,6.62463
u0032993:i0073486,5.31315
u0032993:i0110413,4.65554
u0032993:i0118715,6.23579
u0032993:i0119488,5.71625
u0032993:i0167404,5.24033
u0032993:i1136608,5.22695
u0032993:i1282140,5.67161
u0032993:i1675434,5.23799
u0033010:i0080319,7.92598
u0033010:i0093779,7.92598
u0033010:i0207201,7.92598
u0033010:i0208092,7.92598
u0033010:i0369610,7.92598
u0033010:i0395584,7.92598
u0033010:i1840309,7.92598
u0033032:i0097937,6.22527
u0033032:i0399146,6.3919
u0033032:i2338151,6.53695
u0033032:i2872718,6.87836
u0033066:i0049406,7.54863
u0033066:i0050083,7.54863
u0033066:i0050825,7.54863
u0033066:i0054331,7.54863
u0033066:i0056193,7.54863
u0033066:i0057012,7.54863
u0033066:i0069400,7.54863
u0033066:i0087995,7.54863
u0033066:i0108550,7.54863
u0033066:i0140888,7.54863
u0033066:i0154506,7.54863
u0033066:i0218871,7.54863
u0033066:i0470752,7.54863
u0033066:i1674771,7.54863
u0033066:i2245084,7.54863
u0033066:i2338151,7.54863
u0033066:i2395427,7.54863
u0033066:i2562232,7.54863
u0033066:i2582802,7.54863
u0033066:i2741806,7.54863
u0033066:i2802154,7.54863
u0033066:i2872718,7.54863
u0033066:i2884206,7.54863
u0033066:i2980516,7.54863
u0033066:i3169706,7.54863
u0033066:i3179568,7.54863
u0033066:i3630276,7.54863
u0033080:i0816692,7.342
u0033080:i1392190,7.342
u0033080:i1790864,7.342
u0033080:i1935179,7.342
u0033080:i2039393,7.342
u0033080:i2267998,7.342
u0033080:i2567712,7.342
u0033080:i2582802,7.342
u0033080:i2713180,7.342
u0033097:i0162222,7.41319
u0033097:i0212720,7.41319
u0033097:i1340138,7.41319
u0033097:i1392190,7.41319
u0033097:i1549572,7.41319
u0033097:i2381249,7.41319
u0033097:i2582496,7.41319
u0033097:i3612616,7.41319
u0033097:i3622592,7.41319
u0033102:i1258197,7.60697
u0033102:i1392190,7.60697
u0033102:i2381941,7.60697
u0033102:i2802144,7.60697
u0033102:i2820852,7.60697
u0033119:i0369610,7.60697
u0033119:i0816692,7.60697
u0033119:i1029360,7.60697
u0033119:i1100089,7.60697
u0033119:i1121096,7.60697
u0033119:i1243974,7.60697
u0033119:i1392190,7.60697
u0033119:i1478338,7.60697
u0033119:i1617661,7.60697
u0033119:i1772424,7.60697
u0033119:i1951265,7.60697
u0033119:i2126355,7.60697
u0033119:i2140379,7.60697
u0033119:i2170439,7.60697
u0033119:i2180994,7.60697
u0033119:i2199571,7.60697
u0033119:i2224026,7.60697
u0033119:i2245084,7.60697
u0033119:i2279373,7.60697
u0033119:i2322441,7.60697
u0033119:i2339741,7.60697
u0033119:i2395427,7.60697
u0033119:i2404463,7.60697
u0033119:i2436386,7.60697
u0033119:i2446042,7.60697
u0033119:i2561572,7.60697
u0033119:i2726560,7.60697
u0033119:i2788710,7.60697
u0033119:i2848292,7.60697
u0033119:i2872718,7.60697
u0033119:i2908446,7.60697
u0033119:i2911666,7.60697
u0033119:i2918436,7.60697
u0033119:i2944198,7.60697
u0033119:i2960930,7.60697
u0033119:i2967224,7.60697
u0033119:i2994190,7.60697
u0033119:i3079380,7.60697
u0033119:i3097084,7.60697
u0033119:i3195644,7.60697
u0033119:i3235888,7.60697
u0033119:i3247714,7.60697
u0033119:i3713166,7.60697
u0033141:i0369610,7.67
u0033141:i1392190,7.67
u0033141:i1638355,7.67
u0033141:i1823672,7.67
u0033141:i2126355,7.67
u0033141:i2381941,7.67
u0033141:i2802144,7.67
u0033141:i3195644,7.67
u0033141:i3369806,7.67
u0033144:i0191043,7.29936
u0033144:i0838221,7.29936
u0033144:i1763303,7.29936
u0033144:i2039393,7.29936
u0033144:i2084970,7.29936
u0033144:i2310332,7.29936
u0033144:i2562232,7.29936
u0033144:i2582802,7.29936
u0033144:i2637276,7.29936
u0033144:i2802144,7.29936
u0033144:i2872718,7.29936
u0033144:i2980516,7.29936
u0033144:i3622592,7.29936
u0033152:i0116324,7.92598
u0033152:i0409043,7.92598
u0033152:i0812352,7.92598
u0033152:i0884732,7.92598
u0033152:i0944835,7.92598
u0033152:i1240982,7.92598
u0033152:i1386588,7.92598
u0033152:i1446714,7.92598
u0033152:i1571249,7.92598
u0033152:i1845849,7.92598
u0033152:i2088003,7.92598
u0033152:i2170299,7.92598
u0033152:i2358925,7.92598
u0033152:i2561572,7.92598
u0033152:i2802136,7.92598
u0033152:i3045616,7.92598
u0033152:i3179568,7.92598
u0033168:i1392190,8.0346
u0033168:i1791528,8.0346
u0033168:i1823672,8.0346
u0033168:i2039393,8.0346
u0033168:i2170593,8.0346
u0033168:i2273657,8.0346
u0033168:i2446042,8.0346
u0033168:i2872718,8.0346
u0033168:i3045616,8.0346
u0033172:i0109686,7.01876
u0033172:i0109830,7.01876
u0033172:i0110950,7.01876
u0033172:i0114369,7.01876
u0033172:i0117381,7.01876
u0033172:i0118849,7.01876
u0033172:i0119217,7.01876
u0033172:i0120586,7.01876
u0033172:i0120689,7.01876
u0033172:i0137523,7.01876
u0033172:i0246578,7.01876
u0033172:i0314331,7.01876
u0033172:i0352248,7.01876
u0033172:i0405422,7.01876
u0033172:i0416449,7.01876
u0033172:i0421715,7.01876
u0033172:i0428870,7.01876
u0033172:i0430576,7.01876
u0033172:i0457430,7.01876
u0033172:i0470752,7.01876
u0033172:i0481499,7.01876
u0033172:i0808151,7.01876
u0033172:i0815236,7.01876
u0033172:i0816692,7.01876
u0033172:i0816711,7.01876
u0033172:i0817177,7.01876
u0033172:i0861689,7.01876
u0033172:i0884732,7.01876
u0033172:i0900387,7.01876
u0033172:i0907657,7.01876
u0033172:i0929632,7.01876
u0033172:i1028532,7.01876
u0033172:i1041829,7.01876
u0033172:i1065073,7.01876
u0033172:i1086772,7.01876
u0033172:i1126590,7.01876
u0033172:i1182345,7.01876
u0033172:i1187064,7.01876
u0033172:i1206543,7.01876
u0033172:i1229822,7.01876
u0033172:i1263670,7.01876
u0033172:i1282140,7.01876
u0033172:i1360860,7.01876
u0033172:i1392190,7.01876
u0033172:i1396226,7.01876
u0033172:i1441953,7.01876
u0033172:i1457767,7.01876
u0033172:i1478338,7.01876
u0033172:i1528100,7.01876
u0033172:i1532503,7.01876
u0033172:i1549572,7.01876
u0033172:i1564367,7.01876
u0033172:i1570728,7.01876
u0033172:i1596350,7.01876
u0033172:i1601913,7.01876
u0033172:i1638002,7.01876
u0033172:i1698641,7.01876
u0033172:i1700845,7.01876
u0033172:i1706620,7.01876
u0033172:i1714915,7.01876
u0033172:i1723811,7.01876
u0033172:i1727388,7.01876
u0033172:i1758692,7.01876
u0033172:i1798243,7.01876
u0033172:i1800241,7.01876
u0033172:i1809398,7.01876
u0033172:i1810683,7.01876
u0033172:i1850397,7.01876
u0033172:i1865505,7.01876
u0033172:i1924435,7.01876
u0033172:i1935179,7.01876
u0033172:i1954315,7.01876
u0033172:i1981677,7.01876
u0033172:i2034031,7.01876
u0033172:i2042568,7.01876
u0033172:i2070649,7.01876
u0033172:i2071550,7.01876
u0033172:i2096672,7.01876
u0033172:i2139555,7.01876
u0033172:i2140619,7.01876
u0033172:i2167266,7.01876
u0033172:i2180411,7.01876
u0033172:i2224026,7.01876
u0033172:i2245084,7.01876
u0033172:i2262227,7.01876
u0033172:i2305051,7.01876
u0033172:i2398231,7.01876
u0033172:i2493486,7.01876
u0033172:i2591814,7.01876
u0033172:i2639254,7.01876
u0033172:i2652092,7.01876
u0033172:i2726560,7.01876
u0033172:i2752200,7.01876
u0033172:i2848292,7.01876
u0033172:i2872718,7.01876
u0033172:i2883512,7.01876
u0033172:i2935476,7.01876
u0033172:i2962876,7.01876
u0033172:i2980516,7.01876
u0033172:i2980648,7.01876
u0033172:i2994190,7.01876
u0033172:i3011894,7.01876
u0033172:i3079380,7.01876
u0033172:i3178174,7.01876
u0033172:i3179568,7.01876
u0033172:i3203616,7.01876
u0033172:i3328716,7.01876
u0033172:i3442006,7.01876
u0033183:i1334260,7.92598
u0033183:i1392190,7.92598
u0033183:i2395427,7.92598
u0033190:i1255953,5.55624
u0033190:i1772424,4.6377
u0033190:i2852406,0
u0033241:i0816442,8.7626
u0033241:i1335975,8.7626
u0033241:i1441395,8.7626
u0033241:i2024469,8.7626
u0033241:i2084970,8.7626
u0033241:i2980516,8.7626
u0033268:i0075314,7.60697
u0033268:i0107611,7.60697
u0033268:i0327056,7.60697
u0033268:i0457655,7.60697
u0033268:i0467406,7.60697
u0033268:i1247692,7.60697
u0033268:i1392190,7.60697
u0033268:i1403981,7.60697
u0033268:i1567437,7.60697
u0033268:i1659337,7.60697
u0033268:i1748122,7.60697
u0033268:i1791528,7.60697
u0033268:i2322441,7.60697
u0033268:i2381941,7.60697
u0033268:i2382396,7.60697
u0033268:i2561572,7.60697
u0033268:i2582802,7.60697
u0033268:i2713180,7.60697
u0033268:i2752200,7.60697
u0033268:i2802144,7.60697
u0033268:i2883512,7.60697
u0033268:i3235888,7.60697
u0033350:i0087843,7.67
u0033350:i0114814,7.67
u0033350:i0119008,7.67
u0033350:i0816692,7.67
u0033350:i1255953,7.67
u0033350:i1392190,7.67
u0033350:i1675434,7.67
u0033350:i1683526,7.67
u0033350:i2358891,7.67
u0033350:i2980516,7.67
u0033350:i3316960,7.67
u0033350:i3390572,7.67
u0033355:i1214962,6.25516
u0033355:i1809398,6.7207
u0033355:i2582846,6.02333
u0033364:i1655441,6.38568
u0033364:i2582802,6.81888
u0033364:i2935476,6.64153
u0033369:i2582802,7.60697
u0033369:i2980516,7.60697
u0033369:i3416742,7.60697
u0033398:i0470752,7.59005
u0033398:i2084970,7.59005
u0033398:i2980516,7.59005
u0033442:i0470752,7.92598
u0033442:i1392190,7.92598
u0033442:i1433811,7.92598
u0033442:i1791528,7.92598
u0033442:i1921149,7.92598
u0033442:i2179136,7.92598
u0033442:i2582802,7.92598
u0033442:i2937898,7.92598
u0033442:i3235888,7.92598
u0033464:i2170593,7.60697
u0033464:i2293640,7.60697
u0033464:i2338151,7.60697
u0033464:i2908446,7.60697
u0033464:i3042408,7.60697
u0033484:i1126590,7.92598
u0033484:i1340138,7.92598
u0033484:i2322441,7.92598
u0033484:i2381249,7.92598
u0033484:i2582802,7.92598
u0033484:i2802144,7.92598
u0033484:i3099498,7.92598
u0033484:i3205376,7.92598
u0033493:i0209144,5.71321
u0033493:i0369610,5.71321
u0033493:i0455944,5.71321
u0033493:i0470752,5.71321
u0033493:i1065073,5.71321
u0033493:i1392190,5.71321
u0033493:i1588173,5.71321
u0033493:i1905041,5.71321
u0033493:i2126355,5.71321
u0033493:i2170593,5.71321
u0033493:i2179136,5.71321
u0033493:i2180411,5.71321
u0033493:i2245084,5.71321
u0033493:i2359024,5.71321
u0033493:i2386278,5.71321
u0033493:i2582802,5.71321
u0033493:i2788710,5.71321
u0033493:i2802144,5.71321
u0033493:i3235888,5.71321
u0033512:i0369610,6.53921
u0033512:i1674771,6.53921
u0033512:i2084970,6.53921
u0033512:i3455822,6.53921
u0033512:i3851324,6.53921
u0033512:i3983266,6.53921
u0033527:i1255953,7.60697
u0033527:i1666287,7.60697
u0033527:i2338151,7.60697
u0033531:i0102926,7.04624
u0033531:i0110684,7.04624
u0033531:i0116282,7.04624
u0033531:i1065073,7.04624
u0033531:i1091191,7.04624
u0033531:i2093990,7.04624
u0033531:i2179136,7.04624
u0033531:i2562232,7.04624
u0033531:i2883512,7.04624
u0033531:i3011894,7.04624
u0033537:i1204977,7.60697
u0033537:i1392190,7.60697
u0033537:i1572962,7.60697
u0033537:i1706620,7.60697
u0033537:i1726592,7.60697
u0033537:i2015381,7.60697
u0033537:i2278388,7.60697
u0033537:i2398231,7.60697
u0033537:i2402101,7.60697
u0033537:i2562232,7.60697
u0033537:i2980516,7.60697
u0033537:i3235888,7.60697
u0033537:i3316960,7.60697
u0033537:i3322940,7.60697
u0033537:i3442006,7.60697
u0033540:i0054698,7.342
u0033540:i0091685,7.342
u0033540:i0099077,7.342
u0033540:i0268978,7.342
u0033540:i0365907,7.342
u0033540:i0453562,7.342
u0033540:i0790636,7.342
u0033540:i0816442,7.342
u0033540:i1189340,7.342
u0033540:i1480295,7.342
u0033540:i1599348,7.342
u0033540:i1798709,7.342
u0033540:i1872194,7.342
u0033540:i2058107,7.342
u0033540:i2350496,7.342
u0033540:i2398231,7.342
u0033540:i2431286,7.342
u0033540:i2802144,7.342
u0033540:i2872732,7.342
u0033541:i0048140,6.96717
u0033541:i1065073,6.96717
u0033541:i1392190,6.96717
u0033541:i1791682,6.96717
u0033541:i2692904,6.96717
u0033541:i2778266,6.96717
u0033541:i3169706,6.96717
u0033545:i0112471,6.64639
u0033545:i0369610,6.71151
u0033545:i0381681,6.68888
u0033545:i0397313,4.05618
u0033545:i0822832,4.91902
u0033545:i1065073,6.79118
u0033545:i1318514,6.62392
u0033545:i1454029,5.19066
u0033561:i0097481,7.37748
u0033561:i0478970,7.37748
u0033561:i0816692,7.37748
u0033561:i2179136,7.37748
u0033561:i2245084,7.37748
u0033561:i2278388,7.37748
u0033561:i2562232,7.37748
u0033561:i2911666,7.37748
u0033563:i0092099,7.60455
u0033563:i0816692,7.60455
u0033563:i1001526,7.60455
u0033563:i1065073,7.60455
u0033563:i1587707,7.60455
u0033563:i1631867,7.60455
u0033563:i1840309,7.60455
u0033563:i1877832,7.60455
u0033563:i2170439,7.60455
u0033563:i2267998,7.60455
u0033563:i2359024,7.60455
u0033563:i2415458,7.60455
u0033563:i2557490,7.60455
u0033563:i2562232,7.60455
u0033563:i2820852,7.60455
u0033563:i2872718,7.60455
u0033563:i2883512,7.60455
u0033563:i2908446,7.60455
u0033563:i3472226,7.60455
u0033563:i4044364,7.60455
u0033563:i4284010,7.60455
u0033584:i0816692,7.60697
u0033584:i0945513,7.60697
u0033584:i1392190,7.60697
u0033584:i1528100,7.60697
u0033584:i1631867,7.60697
u0033584:i1951265,7.60697
u0033584:i2084970,7.60697
u0033584:i2278388,7.60697
u0033584:i2395427,7.60697
u0033584:i2582802,7.60697
u0033584:i2820852,7.60697
u0033584:i2872718,7.60697
u0033584:i3698408,7.60697
u0033596:i0369610,7.67703
u0033596:i0455944,7.67703
u0033596:i0470752,7.67703
u0033596:i0478970,7.67703
u0033596:i0787474,7.67703
u0033596:i0903657,7.67703
u0033596:i1029360,7.67703
u0033596:i1085492,7.67703
u0033596:i1126590,7.67703
u0033596:i1185418,7.67703
u0033596:i1204977,7.67703
u0033596:i1216491,7.67703
u0033596:i1340138,7.67703
u0033596:i1392190,7.67703
u0033596:i1502712,7.67703
u0033596:i1524930,7.67703
u0033596:i1545660,7.67703
u0033596:i1617661,7.67703
u0033596:i1638355,7.67703
u0033596:i1661199,7.67703
u0033596:i1674785,7.67703
u0033596:i1823672,7.67703
u0033596:i1924435,7.67703
u0033596:i1928330,7.67703
u0033596:i1942971,7.67703
u0033596:i1956594,7.67703
u0033596:i1964418,7.67703
u0033596:i2126355,7.67703
u0033596:i2179136,7.67703
u0033596:i2180994,7.67703
u0033596:i2199571,7.67703
u0033596:i2261331,7.67703
u0033596:i2272582,7.67703
u0033596:i2293640,7.67703
u0033596:i2345613,7.67703
u0033596:i2381249,7.67703
u0033596:i2395427,7.67703
u0033596:i2396721,7.67703
u0033596:i2398231,7.67703
u0033596:i2535470,7.67703
u0033596:i2562232,7.67703
u0033596:i2751310,7.67703
u0033596:i2752688,7.67703
u0033596:i2753778,7.67703
u0033596:i2781516,7.67703
u0033596:i2788710,7.67703
u0033596:i2820852,7.67703
u0033596:i2848292,7.67703
u0033596:i2870648,7.67703
u0033596:i2872724,7.67703
u0033596:i2911666,7.67703
u0033596:i2979638,7.67703
u0033596:i2980648,7.67703
u0033596:i3045616,7.67703
u0033596:i3074780,7.67703
u0033596:i3079380,7.67703
u0033596:i3091282,7.67703
u0033596:i3152624,7.67703
u0033596:i3168230,7.67703
u0033596:i3271220,7.67703
u0033596:i3455730,7.67703
u0033596:i3525346,7.67703
u0033596:i3607812,7.67703
u0033596:i3648510,7.67703
u0033596:i3680410,7.67703
u0033596:i3685622,7.67703
u0033596:i3767620,7.67703
u0033596:i3816614,7.67703
u0033596:i3966544,7.67703
u0033596:i4139412,7.67703
u0033596:i4257858,7.67703
u0033617:i0081505,7.60697
u0033617:i0099088,7.60697
u0033617:i0107290,7.60697
u0033617:i0470752,7.60697
u0033636:i0097493,7.29396
u0033636:i0299658,7.29396
u0033636:i0369610,7.29396
u0033636:i0884732,7.29396
u0033636:i1020072,7.29396
u0033636:i1029360,7.29396
u0033636:i1216491,7.29396
u0033636:i1340138,7.29396
u0033636:i1392190,7.29396
u0033636:i1524930,7.29396
u0033636:i1567437,7.29396
u0033636:i1617661,7.29396
u0033636:i1655441,7.29396
u0033636:i1661199,7.29396
u0033636:i1702014,7.29396
u0033636:i1840309,7.29396
u0033636:i1964418,7.29396
u0033636:i2096673,7.29396
u0033636:i2126355,7.29396
u0033636:i2140465,7.29396
u0033636:i2179136,7.29396
u0033636:i2224026,7.29396
u0033636:i2245084,7.29396
u0033636:i2268016,7.29396
u0033636:i2293640,7.29396
u0033636:i2318625,7.29396
u0033636:i2322441,7.29396
u0033636:i2357291,7.29396
u0033636:i2358925,7.29396
u0033636:i2381249,7.29396
u0033636:i2381941,7.29396
u0033636:i2436386,7.29396
u0033636:i2582802,7.29396
u0033636:i2617828,7.29396
u0033636:i2637276,7.29396
u0033636:i2752772,7.29396
u0033636:i2802144,7.29396
u0033636:i2820852,7.29396
u0033636:i2848292,7.29396
u0033636:i2870648,7.29396
u0033636:i2883512,7.29396
u0033636:i2908446,7.29396
u0033636:i3064298,7.29396
u0033636:i3079380,7.29396
u0033636:i3152624,7.29396
u0033636:i3235888,7.29396
u0033636:i3314958,7.29396
u0033636:i3316960,7.29396
u0033636:i3605418,7.29396
u0033636:i3622592,7.29396
u0033636:i3713166,7.29396
u0033636:i3787590,7.29396
u0033636:i4178092,7.29396
u0033639:i0407887,6.76478
u0033639:i0455944,6.76478
u0033639:i0477348,6.76478
u0033639:i0816692,6.76478
u0033639:i1872194,6.76478
u0033639:i2179136,6.76478
u0033639:i2381249,6.76478
u0033639:i2802144,6.76478
u0033639:i2872732,6.76478
u0033644:i2096673,7.46089
u0033644:i2562232,7.46089
u0033644:i2802154,7.46089
u0033647:i0478970,8.08333
u0033647:i1392190,8.08333
u0033647:i1850397,8.08333
u0033647:i2084970,8.08333
u0033647:i2120120,8.08333
u0033647:i2179136,8.08333
u0033647:i2278388,8.08333
u0033647:i2381249,8.08333
u0033647:i2395427,8.08333
u0033647:i2562232,8.08333
u0033647:i2582802,8.08333
u0033647:i2802144,8.08333
u0033647:i2820852,8.08333
u0033647:i2980516,8.08333
u0033682:i0978762,7.60697
u0033682:i1605717,7.60697
u0033682:i2179136,7.60697
u0033682:i2582802,7.60697
u0033682:i3316960,7.60697
u0033703:i0385002,7.34963
u0033703:i1392190,7.34963
u0033703:i2310332,7.34963
u0033703:i3203616,7.34963
u0033709:i0067992,7.41959
u0033709:i1542344,7.41959
u0033709:i2244889,7.41959
u0033709:i2582802,7.41959
u0033709:i2980516,7.41959
u0033709:i3268458,7.41959
u0033720:i1065073,6.65571
u0033720:i1100089,6.65571
u0033720:i1392190,6.65571
u0033720:i2015381,6.65571
u0033720:i2084970,6.65571
u0033720:i2562232,6.65571
u0033720:i2582802,6.65571
u0033726:i0376968,7.12873
u0033726:i0405094,7.12873
u0033726:i0455944,7.12873
u0033726:i0470752,7.12873
u0033726:i0822854,7.12873
u0033726:i1010048,7.12873
u0033726:i1065073,7.12873
u0033726:i1340138,7.12873
u0033726:i1631867,7.12873
u0033726:i1823672,7.12873
u0033726:i2084970,7.12873
u0033726:i2179136,7.12873
u0033726:i2231253,7.12873
u0033726:i2562232,7.12873
u0033726:i2582802,7.12873
u0033726:i2713180,7.12873
u0033726:i2802144,7.12873
u0033726:i2872718,7.12873
u0033726:i2911666,7.12873
u0033726:i3011894,7.12873
u0033726:i3560686,7.12873
u0033772:i1020072,6.89727
u0033772:i1322269,6.89727
u0033772:i1798709,6.89727
u0033772:i1821549,6.89727
u0033772:i2562232,6.89727
u0033772:i2582802,6.89727
u0033772:i2614684,6.89727
u0033772:i2872718,6.89727
u0033772:i3169706,6.89727
u0033786:i1392190,7.61124
u0033786:i1638002,7.61124
u0033786:i1809398,7.61124
u0033786:i1823672,7.61124
u0033786:i2084970,7.61124
u0033786:i2737050,7.61124
u0033786:i2980516,7.61124
u0033791:i0816692,6.3288
u0033791:i1454468,5.5984
u0033791:i1535109,4.70062
u0033791:i1731141,6.55544
u0033791:i1840309,6.86969
u0033793:i0470752,7.00278
u0033793:i1065073,7.00278
u0033793:i1126590,7.00278
u0033793:i2084970,7.00278
u0033793:i2397535,7.00278
u0033793:i2463288,7.00278
u0033793:i3011894,7.00278
u0033806:i0050083,7.92598
u0033806:i0106977,7.92598
u0033806:i0117913,7.92598
u0033806:i0120855,7.92598
u0033806:i0137363,7.92598
u0033806:i0139654,7.92598
u0033806:i0241303,7.92598
u0033806:i0253474,7.92598
u0033806:i0338013,7.92598
u0033806:i0804522,7.92598
u0033806:i1205489,7.92598
u0033806:i1229238,7.92598
u0033806:i2053463,7.92598
u0033806:i2170593,7.92598
u0033806:i2359002,7.92598
u0033806:i2593392,7.92598
u0033806:i2788710,7.92598
u0033806:i2802144,7.92598
u0033806:i2872718,7.92598
u0033830:i0358273,5.7287
u0033830:i0482571,4.47214
u0033830:i0884732,6.64103
u0033830:i1339161,0
u0033830:i1488555,5.36232
u0033830:i1666801,5.89189
u0033830:i2820852,6.59389
u0033832:i0470752,7.06552
u0033832:i1020072,7.06552
u0033832:i1502712,7.06552
u0033832:i1626146,7.06552
u0033832:i2179136,7.06552
u0033832:i2305051,7.06552
u0033832:i2322441,7.06552
u0033832:i2788710,7.06552
u0033832:i2802144,7.06552
u0033832:i3168230,7.06552
u0033832:i3235888,7.06552
u0033832:i3316960,7.06552
u0033832:i3844362,7.06552
u0033840:i0369610,6.59187
u0033840:i0470752,6.59187
u0033840:i0478970,6.59187
u0033840:i1340138,6.59187
u0033840:i1392190,6.59187
u0033840:i1502712,6.59187
u0033840:i1638355,6.59187
u0033840:i1646971,6.59187
u0033840:i1650554,6.59187
u0033840:i1661199,6.59187
u0033840:i1674771,6.59187
u0033840:i1798684,6.59187
u0033840:i1809398,6.59187
u0033840:i1823672,6.59187
u0033840:i1850397,6.59187
u0033840:i1945084,6.59187
u0033840:i1964418,6.59187
u0033840:i2088003,6.59187
u0033840:i2096673,6.59187
u0033840:i2120120,6.59187
u0033840:i2126355,6.59187
u0033840:i2140379,6.59187
u0033840:i2179136,6.59187
u0033840:i2180411,6.59187
u0033840:i2224026,6.59187
u0033840:i2262227,6.59187
u0033840:i2309961,6.59187
u0033840:i2322441,6.59187
u0033840:i2381941,6.59187
u0033840:i2395427,6.59187
u0033840:i2515034,6.59187
u0033840:i2562232,6.59187
u0033840:i2637276,6.59187
u0033840:i2679042,6.59187
u0033840:i2802144,6.59187
u0033840:i2820852,6.59187
u0033840:i2908446,6.59187
u0033840:i3079016,6.59187
u0033840:i3079380,6.59187
u0033840:i3195644,6.59187
u0033840:i3235888,6.59187
u0033840:i3247714,6.59187
u0033848:i0104797,7.37992
u0033848:i1392190,7.37992
u0033848:i1436045,7.37992
u0033853:i0421715,7.48147
u0033853:i1198156,7.48147
u0033853:i2713180,7.48147
u0033865:i0109830,7.67
u0033865:i0831387,7.67
u0033865:i0993846,7.67
u0033865:i1663662,7.67
u0033865:i1758595,7.67
u0033865:i1872181,7.67
u0033865:i1924435,7.67
u0033865:i2103267,7.67
u0033865:i2203939,7.67
u0033865:i2334873,7.67
u0033865:i2334879,7.67
u0033865:i2381249,7.67
u0033865:i2717860,7.67
u0033865:i2872732,7.67
u0033865:i3235888,7.67
u0033866:i0108550,8.01558
u0033866:i1014763,8.01558
u0033866:i1661199,8.01558
u0033866:i1772264,8.01558
u0033866:i2179136,8.01558
u0033866:i2238050,8.01558
u0033866:i2265534,8.01558
u0033866:i2652092,8.01558
u0033912:i1020072,7.77685
u0033912:i1631867,7.77685
u0033912:i2179136,7.77685
u0033912:i2908446,7.77685
u0033912:i2911666,7.77685
u0033927:i0150377,7.09286
u0033927:i0268380,7.09286
u0033927:i0369610,7.09286
u0033927:i0372588,7.09286
u0033927:i0478970,7.09286
u0033927:i0486822,7.09286
u0033927:i1340138,7.09286
u0033927:i1392190,7.09286
u0033927:i1528071,7.09286
u0033927:i1542344,7.09286
u0033927:i1798684,7.09286
u0033927:i2294629,7.09286
u0033927:i2381249,7.09286
u0033927:i2637276,7.09286
u0033927:i3079380,7.09286
u0033927:i4178092,7.09286
u0033930:i0369610,7.55449
u0033930:i1674771,7.55449
u0033930:i2395427,7.55449
u0033935:i1528100,6.89727
u0033935:i1772288,6.89727
u0033935:i2015381,6.89727
u0033935:i2097298,6.89727
u0033935:i2355495,6.89727
u0033935:i2872732,6.89727
u0033935:i2911666,6.89727
u0033935:i3112654,6.89727
u0033935:i3421514,6.89727
u0033948:i0094318,6.63903
u0033948:i0478970,6.63903
u0033948:i1065073,6.63903
u0033948:i1636849,6.63903
u0033948:i1674771,6.63903
u0033948:i2120120,6.63903
u0033948:i2139555,6.63903
u0033948:i2265398,6.63903
u0033948:i2376218,6.63903
u0033948:i2381249,6.63903
u0033948:i2382298,6.63903
u0033948:i2452200,6.63903
u0033948:i2637294,6.63903
u0033948:i2923316,6.63903
u0033948:i3297330,6.63903
u0033948:i3687398,6.63903
u0033960:i2004420,6.37331
u0033960:i2096672,6.37331
u0033960:i2980516,6.37331
u0033964:i0829150,8.11271
u0033964:i1392190,8.11271
u0033964:i1617661,8.11271
u0033964:i1881002,8.11271
u0033964:i2179136,8.11271
u0033964:i2245084,8.11271
u0033964:i2293640,8.11271
u0033964:i2395427,8.11271
u0033964:i2436386,8.11271
u0033964:i2561572,8.11271
u0033964:i2802144,8.11271
u0033973:i0780504,7.46328
u0033973:i0816692,7.46328
u0033973:i1790864,7.46328
u0033973:i2278388,7.46328
u0033973:i2884206,7.46328
u0033988:i0070735,5.90089
u0033988:i0077416,4.23621
u0033988:i0088939,5.96852
u0033988:i0095953,6.54733
u0033988:i0103074,6.59767
u0033988:i0110413,4.73186
u0033988:i0114814,5.14591
u0033988:i0119558,0
u0033988:i0120255,3.62397
u0033988:i0137523,5.42231
u0033988:i0169547,5.78861
u0033988:i0253474,4.96418
u0033988:i0289992,6.54157
u0033988:i0338013,5.3887
u0033988:i0816692,6.33797
u0033988:i0903624,4.97083
u0033988:i1069238,4.30503
u0033988:i1255953,5.65726
u0033988:i1560747,5.6451
u0033988:i1638002,6.13236
u0033988:i1972779,6.8202
u0033988:i2084970,6.69809
u0033988:i2980516,6.89466
u0033988:i3612616,6.389
u0034000:i0065207,6.89277
u0034000:i0099685,6.89277
u0034000:i0113277,6.89277
u0034000:i0118571,6.89277
u0034000:i0120768,6.89277
u0034000:i0141926,6.89277
u0034000:i0183649,6.89277
u0034000:i0945513,6.89277
u0034000:i1392190,6.89277
u0034000:i1392214,6.89277
u0034000:i1398426,6.89277
u0034000:i2024469,6.89277
u0034000:i2446042,6.89277
u0034000:i2820852,6.89277
u0034020:i0105236,5.72786
u0034020:i0381849,5.38425
u0034020:i1587310,6.50297
u0034020:i2278388,6.52449
u0034020:i2381249,6.53202
u0034021:i0112471,7.13214
u0034021:i0816692,7.13214
u0034021:i1020072,7.13214
u0034021:i1872818,7.13214
u0034021:i2096673,7.13214
u0034021:i2267998,7.13214
u0034021:i2278388,7.13214
u0034021:i2395427,7.13214
u0034021:i2872732,7.13214
u0034021:i2911666,7.13214
u0034021:i2937898,7.13214
u0034059:i0327850,7.67
u0034059:i1587310,7.67
u0034059:i1743993,7.67
u0034059:i2209764,7.67
u0034059:i2258345,7.67
u0034059:i2567712,7.67
u0034059:i2752758,7.67
u0034087:i1340138,7.92598
u0034087:i2381249,7.92598
u0034087:i2395427,7.92598
u0034087:i2980516,7.92598
u0034091:i0089880,7.49192
u0034091:i0105236,7.49192
u0034091:i0369610,7.49192
u0034091:i0378109,7.49192
u0034091:i0936501,7.49192
u0034091:i1069238,7.49192
u0034091:i1435513,7.49192
u0034091:i1568921,7.49192
u0034091:i1690953,7.49192
u0034091:i1904996,7.49192
u0034091:i3138104,7.49192
u0034091:i3249478,7.49192
u0034091:i4382552,7.49192
u0034122:i2231253,7.92598
u0034122:i2245084,7.92598
u0034122:i2446042,7.92598
u0034122:i2582802,7.92598
u0034122:i2713180,7.92598
u0034122:i2784678,7.92598
u0034122:i2872718,7.92598
u0034122:i2911666,7.92598
u0034122:i2980516,7.92598
u0034122:i3462696,7.92598
u0034123:i0816692,6.34715
u0034123:i1809398,6.74674
u0034123:i2582802,6.82641
u0034123:i2713180,6.85089
u0034123:i2975578,5.70852
u0034128:i2631186,7.92598
u0034128:i2802144,7.92598
u0034128:i2911666,7.92598
u0034140:i0470752,6.79816
u0034140:i0816692,6.35635
u0034140:i1655441,6.4124
u0034140:i2802144,6.71342
u0034140:i3079380,6.53257
u0034141:i0118789,7.53789
u0034141:i2294629,7.53789
u0034141:i2562232,7.53789
u0034141:i2802144,7.53789
u0034179:i1340138,7.0197
u0034179:i1964418,7.0197
u0034179:i2194499,7.0197
u0034190:i0242519,7.76194
u0034190:i0844471,7.76194
u0034190:i1454468,7.76194
u0034190:i1690953,7.76194
u0034190:i2084970,7.76194
u0034190:i2278388,7.76194
u0034190:i2338151,7.76194
u0034190:i2980516,7.76194
u0034190:i3495030,7.76194
u0034190:i4332114,7.76194
u0034203:i1385826,7.13204
u0034203:i2088003,7.13204
u0034203:i2395427,7.13204
u0034203:i2562232,7.13204
u0034203:i2820852,7.13204
u0034203:i3622592,7.13204
u0034216:i1454468,7.60697
u0034216:i1661199,7.60697
u0034216:i2467046,7.60697
u0034242:i0080661,7.24638
u0034242:i0087538,7.24638
u0034242:i0088247,7.24638
u0034242:i0093075,7.24638
u0034242:i0118715,7.24638
u0034242:i0293662,7.24638
u0034242:i0332280,7.24638
u0034242:i0369610,7.24638
u0034242:i0374546,7.24638
u0034242:i0381681,7.24638
u0034242:i0435651,7.24638
u0034242:i0448124,7.24638
u0034242:i0458481,7.24638
u0034242:i0470752,7.24638
u0034242:i0478970,7.24638
u0034242:i0804463,7.24638
u0034242:i0914863,7.24638
u0034242:i0993846,7.24638
u0034242:i1033575,7.24638
u0034242:i1065073,7.24638
u0034242:i1174732,7.24638
u0034242:i1232826,7.24638
u0034242:i1311071,7.24638
u0034242:i1340138,7.24638
u0034242:i1392190,7.24638
u0034242:i1418377,7.24638
u0034242:i1440136,7.24638
u0034242:i1528071,7.24638
u0034242:i1632547,7.24638
u0034242:i1649443,7.24638
u0034242:i1742334,7.24638
u0034242:i1780798,7.24638
u0034242:i1823672,7.24638
u0034242:i1881002,7.24638
u0034242:i1921064,7.24638
u0034242:i1924396,7.24638
u0034242:i1928337,7.24638
u0034242:i1931602,7.24638
u0034242:i1956620,7.24638
u0034242:i1980929,7.24638
u0034242:i2004432,7.24638
u0034242:i2027064,7.24638
u0034242:i2034031,7.24638
u0034242:i2039345,7.24638
u0034242:i2043933,7.24638
u0034242:i2051879,7.24638
u0034242:i2084970,7.24638
u0034242:i2124787,7.24638
u0034242:i2186848,7.24638
u0034242:i2261331,7.24638
u0034242:i2292959,7.24638
u0034242:i2309961,7.24638
u0034242:i2310332,7.24638
u0034242:i2318092,7.24638
u0034242:i2322441,7.24638
u0034242:i2345737,7.24638
u0034242:i2381249,7.24638
u0034242:i2383068,7.24638
u0034242:i2397535,7.24638
u0034242:i2398231,7.24638
u0034242:i2428170,7.24638
u0034242:i2431286,7.24638
u0034242:i2436386,7.24638
u0034242:i2562232,7.24638
u0034242:i2577172,7.24638
u0034242:i2582802,7.24638
u0034242:i2752758,7.24638
u0034242:i2752772,7.24638
u0034242:i2771372,7.24638
u0034242:i2784512,7.24638
u0034242:i2802154,7.24638
u0034242:i2870612,7.24638
u0034242:i2870648,7.24638
u0034242:i2870756,7.24638
u0034242:i2885364,7.24638
u0034242:i2926810,7.24638
u0034242:i2980516,7.24638
u0034242:i2980648,7.24638
u0034242:i3007302,7.24638
u0034242:i3079380,7.24638
u0034242:i3195644,7.24638
u0034242:i3235888,7.24638
u0034242:i3298190,7.24638
u0034242:i3305844,7.24638
u0034242:i3603808,7.24638
u0034242:i3622592,7.24638
u0034242:i3700594,7.24638
u0034242:i4009278,7.24638
u0034242:i4552524,7.24638
u0034243:i0076759,5.10531
u0034243:i0080684,5.6008
u0034243:i1109624,6.96729
u0034243:i2713180,6.86793
u0034250:i0369610,8.5991
u0034250:i0371257,8.5991
u0034250:i0790724,8.5991
u0034250:i1228987,8.5991
u0034250:i1322269,8.5991
u0034250:i1375670,8.5991
u0034250:i2084970,8.5991
u0034250:i2120120,8.5991
u0034250:i2363219,8.5991
u0034250:i2395427,8.5991
u0034250:i2802144,8.5991
u0034250:i3152624,8.5991
u0034314:i0107290,7.92598
u0034314:i0369610,7.92598
u0034314:i0478970,7.92598
u0034314:i1340138,7.92598
u0034314:i1524930,7.92598
u0034314:i1674771,7.92598
u0034314:i1798684,7.92598
u0034314:i2096673,7.92598
u0034314:i2381249,7.92598
u0034319:i1065073,7.72
u0034319:i1392190,7.72
u0034319:i1499658,7.72
u0034319:i1670345,7.72
u0034319:i1877832,7.72
u0034319:i2084970,7.72
u0034319:i2267998,7.72
u0034319:i2310332,7.72
u0034319:i2381941,7.72
u0034319:i2395427,7.72
u0034319:i2820852,7.72
u0034319:i2980516,7.72
u0034371:i1340138,6.59179
u0034371:i2309260,6.75801
u0034371:i2637276,6.19774
u0034408:i0758758,7.64276
u0034408:i2179136,7.64276
u0034408:i2479800,7.64276
u0034408:i2582802,7.64276
u0034408:i2872718,7.64276
u0034408:i3622592,7.64276
u0034410:i1355630,7.34963
u0034410:i2096673,7.34963
u0034410:i2309260,7.34963
u0034410:i2555736,7.34963
u0034410:i2976182,7.34963
u0034410:i3235888,7.34963
u0034410:i3678782,7.34963
u0034410:i3742284,7.34963
u0034410:i3767372,7.34963
u0034428:i0790736,7.34763
u0034428:i0816692,7.34763
u0034428:i1216491,7.34763
u0034428:i1823672,7.34763
u0034428:i1951265,7.34763
u0034428:i1964418,7.34763
u0034428:i2084970,7.34763
u0034428:i2199571,7.34763
u0034428:i2245084,7.34763
u0034428:i2261331,7.34763
u0034428:i2273657,7.34763
u0034428:i2305051,7.34763
u0034428:i2381941,7.34763
u0034428:i2436386,7.34763
u0034428:i2562232,7.34763
u0034428:i2713180,7.34763
u0034428:i2872718,7.34763
u0034428:i2910814,7.34763
u0034428:i2911666,7.34763
u0034428:i3099498,7.34763
u0034428:i3479316,7.34763
u0034442:i0056869,7.10271
u0034442:i0057115,7.10271
u0034442:i0066026,7.10271
u0034442:i0070511,7.10271
u0034442:i0073486,7.10271
u0034442:i0079470,7.10271
u0034442:i0080339,7.10271
u0034442:i0080455,7.10271
u0034442:i0086066,7.10271
u0034442:i0086465,7.10271
u0034442:i0088939,7.10271
u0034442:i0091763,7.10271
u0034442:i0092965,7.10271
u0034442:i0093058,7.10271
u0034442:i0097937,7.10271
u0034442:i0102536,7.10271
u0034442:i0114814,7.10271
u0034442:i0132477,7.10271
u0034442:i0253474,7.10271
u0034442:i0277434,7.10271
u0034442:i0369610,7.10271
u0034442:i0395169,7.10271
u0034442:i0427327,7.10271
u0034442:i0469494,7.10271
u0034442:i0816692,7.10271
u0034442:i0817177,7.10271
u0034442:i0831387,7.10271
u0034442:i0887883,7.10271
u0034442:i0887912,7.10271
u0034442:i0914798,7.10271
u0034442:i1216491,7.10271
u0034442:i1571249,7.10271
u0034442:i1600196,7.10271
u0034442:i1790885,7.10271
u0034442:i1809398,7.10271
u0034442:i1865505,7.10271
u0034442:i1872194,7.10271
u0034442:i1965162,7.10271
u0034442:i1966604,7.10271
u0034442:i2042568,7.10271
u0034442:i2084970,7.10271
u0034442:i2097298,7.10271
u0034442:i2170439,7.10271
u0034442:i2170593,7.10271
u0034442:i2224026,7.10271
u0034442:i2261331,7.10271
u0034442:i2279373,7.10271
u0034442:i2345112,7.10271
u0034442:i2436386,7.10271
u0034442:i2557276,7.10271
u0034442:i2562232,7.10271
u0034442:i2567712,7.10271
u0034442:i2582802,7.10271
u0034442:i2614684,7.10271
u0034442:i2713180,7.10271
u0034442:i2788710,7.10271
u0034442:i2802144,7.10271
u0034442:i2870708,7.10271
u0034442:i2980516,7.10271
u0034442:i2980592,7.10271
u0034442:i2980648,7.10271
u0034442:i2994190,7.10271
u0034442:i3007512,7.10271
u0034442:i3745620,7.10271
u0034461:i1392190,7.60697
u0034461:i1800241,7.60697
u0034461:i1823672,7.60697
u0034461:i2103281,7.60697
u0034461:i2562232,7.60697
u0034461:i2582802,7.60697
u0034461:i2802144,7.60697
u0034469:i0455944,7.75889
u0034469:i1924435,7.75889
u0034469:i2039393,7.75889
u0034480:i0455944,7.84624
u0034480:i1291150,7.84624
u0034480:i1418377,7.84624
u0034480:i1617661,7.84624
u0034480:i1661199,7.84624
u0034480:i1872194,7.84624
u0034480:i1911658,7.84624
u0034480:i2179136,7.84624
u0034480:i2267998,7.84624
u0034480:i2310332,7.84624
u0034480:i2397535,7.84624
u0034480:i2446042,7.84624
u0034480:i2692250,7.84624
u0034525:i0110413,6.89727
u0034525:i0112641,6.89727
u0034525:i0208092,6.89727
u0034525:i0446755,6.89727
u0034525:i1023114,6.89727
u0034525:i1065073,6.89727
u0034525:i1355630,6.89727
u0034525:i1392190,6.89727
u0034525:i1454029,6.89727
u0034525:i1929263,6.89727
u0034525:i1937149,6.89727
u0034525:i2084970,6.89727
u0034525:i2381941,6.89727
u0034525:i2562232,6.89727
u0034525:i2582802,6.89727
u0034525:i2652092,6.89727
u0034525:i2800240,6.89727
u0034525:i2883512,6.89727
u0034525:i2955316,6.89727
u0034525:i2980516,6.89727
u0034525:i4375438,6.89727
u0034530:i0050083,7.92598
u0034530:i0050825,7.92598
u0034530:i0058461,7.92598
u0034530:i0092593,7.92598
u0034530:i0099685,7.92598
u0034530:i0102685,7.92598
u0034530:i0105236,7.92598
u0034530:i0112950,7.92598
u0034530:i0113247,7.92598
u0034530:i0117951,7.92598
u0034530:i0119396,7.92598
u0034530:i0119978,7.92598
u0034530:i0120382,7.92598
u0034530:i0120586,7.92598
u0034530:i0144084,7.92598
u0034530:i0155267,7.92598
u0034530:i0169547,7.92598
u0034530:i0208092,7.92598
u0034530:i0209144,7.92598
u0034530:i0246578,7.92598
u0034530:i0266543,7.92598
u0034530:i0405094,7.92598
u0034530:i0434409,7.92598
u0034530:i0816692,7.92598
u0034530:i0887912,7.92598
u0034530:i1013753,7.92598
u0034530:i1024648,7.92598
u0034530:i1289406,7.92598
u0034530:i2267998,7.92598
u0034551:i0455944,6.73717
u0034551:i0816692,6.73717
u0034551:i1204975,6.73717
u0034551:i1211956,6.73717
u0034551:i1322269,6.73717
u0034551:i1528071,6.73717
u0034551:i1661199,6.73717
u0034551:i1872194,6.73717
u0034551:i1877832,6.73717
u0034551:i1915581,6.73717
u0034551:i1959490,6.73717
u0034551:i1979320,6.73717
u0034551:i2084970,6.73717
u0034551:i2140373,6.73717
u0034551:i2431286,6.73717
u0034551:i2465146,6.73717
u0034551:i2872732,6.73717
u0034551:i2883512,6.73717
u0034551:i3079016,6.73717
u0034560:i0078718,3.25564
u0034560:i0119008,5.42913
u0034560:i0278504,5.59465
u0034560:i0292506,5.31792
u0034560:i0458339,6.25768
u0034560:i0816442,6.33988
u0034560:i0903624,5.11285
u0034560:i1024648,5.1887
u0034560:i1170358,5.69717
u0034560:i1300854,6.53869
u0034560:i1840309,6.93158
u0034560:i1843866,6.26984
u0034560:i2310332,6.69297
u0034560:i2404311,7.17174
u0034560:i2562232,6.84912
u0034561:i0884732,7.74545
u0034561:i2004420,7.74545
u0034561:i2084970,7.74545
u0034561:i2223990,7.74545
u0034561:i2247476,7.74545
u0034561:i2267998,7.74545
u0034561:i2377322,7.74545
u0034561:i2381941,7.74545
u0034561:i2582802,7.74545
u0034561:i2788710,7.74545
u0034567:i0054997,8.06835
u0034567:i0070355,8.06835
u0034567:i0086567,8.06835
u0034567:i0090863,8.06835
u0034567:i0095647,8.06835
u0034567:i0100029,8.06835
u0034567:i0162677,8.06835
u0034567:i0164181,8.06835
u0034567:i0251160,8.06835
u0034567:i0271367,8.06835
u0034567:i0309377,8.06835
u0034567:i0309698,8.06835
u0034567:i0453467,8.06835
u0034567:i0831387,8.06835
u0034567:i1204977,8.06835
u0034567:i1234721,8.06835
u0034567:i1285016,8.06835
u0034567:i1403865,8.06835
u0034567:i1457765,8.06835
u0034567:i1631867,8.06835
u0034567:i1743993,8.06835
u0034567:i1872194,8.06835
u0034567:i1911644,8.06835
u0034567:i1924435,8.06835
u0034567:i2267998,8.06835
u0034567:i2316411,8.06835
u0034567:i2321549,8.06835
u0034567:i2377322,8.06835
u0034567:i2388715,8.06835
u0034567:i2557490,8.06835
u0034567:i2870612,8.06835
u0034567:i3322940,8.06835
u0034568:i1397280,7.49499
u0034568:i2446042,7.49499
u0034568:i2802144,7.49499
u0034569:i0993846,6.34438
u0034569:i1259571,4.8806
u0034569:i2788710,6.98172
u0034610:i0365907,7.28289
u0034610:i0829150,7.28289
u0034610:i2096672,7.28289
u0034610:i2562232,7.28289
u0034610:i2872718,7.28289
u0034610:i2911666,7.28289
u0034610:i3322940,7.28289
u0034622:i0404203,6.20111
u0034622:i0470752,6.20111
u0034622:i0804463,6.20111
u0034622:i0857191,6.20111
u0034622:i0964517,6.20111
u0034622:i1065073,6.20111
u0034622:i1100089,6.20111
u0034622:i1173745,6.20111
u0034622:i1270798,6.20111
u0034622:i1356790,6.20111
u0034622:i1437358,6.20111
u0034622:i1490017,6.20111
u0034622:i1646971,6.20111
u0034622:i1714915,6.20111
u0034622:i1817273,6.20111
u0034622:i1912398,6.20111
u0034622:i2053425,6.20111
u0034622:i2096673,6.20111
u0034622:i2101441,6.20111
u0034622:i2267998,6.20111
u0034622:i2316411,6.20111
u0034622:i2334649,6.20111
u0034622:i2388715,6.20111
u0034622:i2404461,6.20111
u0034622:i2562232,6.20111
u0034622:i2872718,6.20111
u0034622:i2872732,6.20111
u0034622:i2938416,6.20111
u0034622:i3042800,6.20111
u0034622:i3078242,6.20111
u0034622:i3235888,6.20111
u0034622:i3316960,6.20111
u0034622:i3612616,6.20111
u0034631:i0816692,6.36556
u0034631:i1924396,6.26084
u0034631:i2582802,6.83394
u0034637:i0369339,7.60697
u0034637:i1100089,7.60697
u0034637:i2084970,7.60697
u0034637:i2582802,7.60697
u0034637:i2652092,7.60697
u0034659:i0106856,7.43904
u0034659:i0119822,7.43904
u0034659:i0206634,7.43904
u0034659:i0381681,7.43904
u0034659:i0414387,7.43904
u0034659:i0425112,7.43904
u0034659:i0816692,7.43904
u0034659:i0829482,7.43904
u0034659:i0918927,7.43904
u0034659:i1020072,7.43904
u0034659:i1100089,7.43904
u0034659:i1136608,7.43904
u0034659:i1433811,7.43904
u0034659:i1659337,7.43904
u0034659:i1675192,7.43904
u0034659:i1798684,7.43904
u0034659:i2106361,7.43904
u0034659:i2170593,7.43904
u0034659:i2234003,7.43904
u0034659:i2562232,7.43904
u0034659:i2713180,7.43904
u0034659:i3235888,7.43904
u0034659:i3316960,7.43904
u0034669:i0884732,6.56076
u0034669:i0993846,6.56076
u0034669:i1234548,6.56076
u0034669:i1617661,6.56076
u0034669:i2039393,6.56076
u0034669:i2245084,6.56076
u0034669:i2376218,6.56076
u0034669:i2381941,6.56076
u0034669:i2393845,6.56076
u0034669:i2446042,6.56076
u0034669:i2802144,6.56076
u0034708:i0088847,7.69718
u0034708:i0106677,7.69718
u0034708:i0108399,7.69718
u0034708:i0119698,7.69718
u0034708:i0144084,7.69718
u0034708:i0208092,7.69718
u0034708:i0421715,7.69718
u0034708:i0796366,7.69718
u0034708:i0907657,7.69718
u0034708:i1294688,7.69718
u0034708:i1392190,7.69718
u0034708:i1412386,7.69718
u0034708:i1600196,7.69718
u0034708:i1638355,7.69718
u0034708:i1790885,7.69718
u0034708:i1832382,7.69718
u0034708:i2096673,7.69718
u0034708:i2334873,7.69718
u0034708:i3316960,7.69718
u0034708:i4044364,7.69718
u0034755:i0112573,7.38863
u0034755:i0120681,7.38863
u0034755:i0365907,7.38863
u0034755:i0433035,7.38863
u0034755:i0433362,7.38863
u0034755:i0434409,7.38863
u0034755:i0479997,7.38863
u0034755:i0814314,7.38863
u0034755:i1024648,7.38863
u0034755:i1100089,7.38863
u0034755:i1135084,7.38863
u0034755:i1206543,7.38863
u0034755:i1219289,7.38863
u0034755:i1234548,7.38863
u0034755:i1291150,7.38863
u0034755:i1392190,7.38863
u0034755:i1464540,7.38863
u0034755:i1483013,7.38863
u0034755:i1663662,7.38863
u0034755:i1921064,7.38863
u0034755:i1959490,7.38863
u0034755:i2194499,7.38863
u0034755:i2395427,7.38863
u0034764:i0114814,5.20717
u0034764:i1502712,6.43179
u0034764:i1798684,6.3103
u0034764:i1979320,6.49045
u0034765:i0120586,5.31075
u0034765:i0137523,5.49558
u0034765:i0454876,5.28761
u0034765:i0458339,6.42681
u0034765:i0462590,5.26619
u0034765:i0465602,5.84859
u0034765:i0472399,5.70026
u0034765:i0816711,5.86324
u0034765:i0831387,6.48556
u0034765:i0903624,5.25893
u0034765:i1023481,4.53015
u0034765:i1091191,5.98521
u0034765:i1104001,2.31925
u0034765:i1170358,5.8471
u0034765:i1193631,4.53015
u0034765:i1259521,4.231
u0034765:i1267297,6.26256
u0034765:i1272878,6.17423
u0034765:i1288558,5.81026
u0034765:i1335975,6.5365
u0034765:i1385867,6.12358
u0034765:i1392190,6.51645
u0034765:i1424310,4.08778
u0034765:i1454468,5.70607
u0034765:i1502404,6.32415
u0034765:i1535109,4.80993
u0034765:i1568346,5.53776
u0034765:i1790864,6.48328
u0034765:i1800741,3.39761
u0034765:i1826590,6.44217
u0034765:i1840309,6.99402
u0034765:i1843866,6.35126
u0034765:i1924435,6.48231
u0034765:i1959490,7.06594
u0034765:i1975159,6.04076
u0034765:i1976000,6.53516
u0034765:i1988621,6.28018
u0034765:i2101570,4.30991
u0034765:i2109248,6.61639
u0034765:i2172934,6.50732
u0034765:i2294629,6.23959
u0034765:i2310332,6.72485
u0034765:i2312718,5.53012
u0034765:i2345737,7.19527
u0034765:i2369135,6.40929
u0034765:i2401097,6.22476
u0034765:i2547210,5.17765
u0034765:i2626350,5.48596
u0034765:i2870612,7.33117
u0034765:i2908446,6.42448
u0034765:i2910814,6.85451
u0034765:i2975578,5.82269
u0034771:i0369610,7.60697
u0034771:i2278388,7.60697
u0034771:i2872718,7.60697
u0034783:i0103064,7.60697
u0034783:i0120815,7.60697
u0034783:i0181852,7.60697
u0034783:i0232500,7.60697
u0034783:i0264464,7.60697
u0034783:i0369610,7.60697
u0034783:i0441773,7.60697
u0034783:i0478970,7.60697
u0034783:i1216491,7.60697
u0034783:i1219289,7.60697
u0034783:i1302011,7.60697
u0034783:i1323594,7.60697
u0034783:i1638355,7.60697
u0034783:i1690953,7.60697
u0034783:i2126355,7.60697
u0034783:i2140465,7.60697
u0034783:i2199571,7.60697
u0034783:i2293640,7.60697
u0034783:i2321549,7.60697
u0034783:i2339741,7.60697
u0034783:i2381249,7.60697
u0034783:i2381941,7.60697
u0034783:i2395427,7.60697
u0034783:i2424988,7.60697
u0034783:i2446042,7.60697
u0034783:i2631186,7.60697
u0034783:i2820852,7.60697
u0034783:i2908446,7.60697
u0034783:i3195644,7.60697
u0034783:i3678782,7.60697
u0034783:i3742284,7.60697
u0034783:i3767372,7.60697
u0034783:i3848892,7.60697
u0034795:i0073195,6.25587
u0034795:i0248126,3.44864
u0034795:i0436374,3.47712
u0034795:i0443706,6.27355
u0034795:i1242422,3.3425
u0034795:i1809398,6.77289
u0034795:i1840417,5.04269
u0034795:i1850397,6.68228
u0034795:i1972779,6.91626
u0034795:i2106476,5.91793
u0034795:i2582802,6.84148
u0034795:i2884206,6.48475
u0034795:i3079380,6.54827
u0034795:i3235888,6.84715
u0034795:i3863552,6.20669
u0034802:i0048235,8.5283
u0034802:i0063218,8.5283
u0034802:i0107617,8.5283
u0034802:i0494271,8.5283
u0034802:i0804463,8.5283
u0034802:i1654523,8.5283
u0034802:i1772264,8.5283
u0034802:i1809398,8.5283
u0034802:i1976000,8.5283
u0034802:i2377322,8.5283
u0034802:i2446042,8.5283
u0034802:i2614684,8.5283
u0034802:i3045616,8.5283
u0034802:i3622120,8.5283
u0034807:i0795461,6.89727
u0034807:i1234719,6.89727
u0034807:i1649419,6.89727
u0034807:i1754811,6.89727
u0034807:i2378281,6.89727
u0034807:i2404738,6.89727
u0034809:i0032976,7.71768
u0034809:i0042546,7.71768
u0034809:i0046250,7.71768
u0034809:i0053125,7.71768
u0034809:i0056592,7.71768
u0034809:i0057012,7.71768
u0034809:i0062622,7.71768
u0034809:i0064115,7.71768
u0034809:i0071315,7.71768
u0034809:i0072684,7.71768
u0034809:i0074119,7.71768
u0034809:i0075686,7.71768
u0034809:i0079417,7.71768
u0034809:i0087884,7.71768
u0034809:i0093058,7.71768
u0034809:i0094226,7.71768
u0034809:i0095953,7.71768
u0034809:i0101410,7.71768
u0034809:i0105151,7.71768
u0034809:i0107822,7.71768
u0034809:i0118749,7.71768
u0034809:i0132477,7.71768
u0034809:i0146309,7.71768
u0034809:i0154506,7.71768
u0034809:i0221027,7.71768
u0034809:i0246578,7.71768
u0034809:i0308644,7.71768
u0034809:i0315733,7.71768
u0034809:i0319061,7.71768
u0034809:i0328107,7.71768
u0034809:i0329575,7.71768
u0034809:i0353969,7.71768
u0034809:i0363163,7.71768
u0034809:i0369339,7.71768
u0034809:i0369702,7.71768
u0034809:i0375063,7.71768
u0034809:i0404203,7.71768
u0034809:i0478304,7.71768
u0034809:i0765443,7.71768
u0034809:i0780536,7.71768
u0034809:i0848228,7.71768
u0034809:i0870111,7.71768
u0034809:i0887883,7.71768
u0034809:i0976051,7.71768
u0034809:i0988045,7.71768
u0034809:i1033575,7.71768
u0034809:i1136608,7.71768
u0034809:i1152836,7.71768
u0034809:i1244754,7.71768
u0034809:i1315981,7.71768
u0034809:i1504320,7.71768
u0034809:i1600196,7.71768
u0034809:i1872194,7.71768
u0034809:i1967545,7.71768
u0034809:i2084970,7.71768
u0034809:i2234003,7.71768
u0034809:i2310332,7.71768
u0034809:i2713180,7.71768
u0034809:i2737050,7.71768
u0034809:i2802144,7.71768
u0034809:i2872718,7.71768
u0034809:i2980516,7.71768
u0034821:i0120382,7.92598
u0034821:i0277371,7.92598
u0034821:i2179136,7.92598
u0034821:i2193215,7.92598
u0034821:i2339741,7.92598
u0034821:i2692250,7.92598
u0034821:i2828954,7.92598
u0034856:i0478970,6.4914
u0034856:i1340138,6.60759
u0034856:i1502712,6.47077
u0034856:i1798684,6.33402
u0034856:i2120120,6.24693
u0034856:i2381249,6.5437
u0034856:i2637276,6.22224
u0034856:i2679042,6.15364
u0034856:i2911666,6.99841
u0034877:i0057115,7.35973
u0034877:i0058461,7.35973
u0034877:i0060196,7.35973
u0034877:i0061512,7.35973
u0034877:i0064115,7.35973
u0034877:i0070735,7.35973
u0034877:i0071853,7.35973
u0034877:i0073195,7.35973
u0034877:i0075314,7.35973
u0034877:i0077416,7.35973
u0034877:i0079470,7.35973
u0034877:i0081398,7.35973
u0034877:i0081505,7.35973
u0034877:i0083658,7.35973
u0034877:i0086190,7.35973
u0034877:i0086250,7.35973
u0034877:i0087843,7.35973
u0034877:i0092005,7.35973
u0034877:i0093058,7.35973
u0034877:i0097576,7.35973
u0034877:i0102926,7.35973
u0034877:i0105236,7.35973
u0034877:i0110357,7.35973
u0034877:i0112573,7.35973
u0034877:i0113277,7.35973
u0034877:i0114709,7.35973
u0034877:i0116282,7.35973
u0034877:i0118715,7.35973
u0034877:i0119488,7.35973
u0034877:i0169547,7.35973
u0034877:i0198781,7.35973
u0034877:i0208092,7.35973
u0034877:i0266543,7.35973
u0034877:i0319262,7.35973
u0034877:i0325980,7.35973
u0034877:i0361748,7.35973
u0034877:i0372784,7.35973
u0034877:i0434409,7.35973
u0034877:i0440963,7.35973
u0034877:i0445990,7.35973
u0034877:i0470752,7.35973
u0034877:i0477080,7.35973
u0034877:i0477348,7.35973
u0034877:i0482571,7.35973
u0034877:i0892769,7.35973
u0034877:i0910970,7.35973
u0034877:i1049413,7.35973
u0034877:i1130884,7.35973
u0034877:i1201607,7.35973
u0034877:i1491044,7.35973
u0034877:i1840309,7.35973
u0034877:i2170439,7.35973
u0034877:i2231253,7.35973
u0034877:i2267998,7.35973
u0034877:i2381249,7.35973
u0034877:i2562232,7.35973
u0034889:i0478970,6.50218
u0034889:i1340138,6.62344
u0034889:i2096673,6.74777
u0034889:i2345112,6.03117
u0034889:i2381249,6.55541
u0034898:i0117060,6.91181
u0034898:i0120755,6.91181
u0034898:i0120815,6.91181
u0034898:i0120888,6.91181
u0034898:i0160862,6.91181
u0034898:i0317919,6.91181
u0034898:i0337921,6.91181
u0034898:i0371746,6.91181
u0034898:i0384793,6.91181
u0034898:i0404032,6.91181
u0034898:i0458339,6.91181
u0034898:i0800080,6.91181
u0034898:i0800369,6.91181
u0034898:i0848228,6.91181
u0034898:i0971209,6.91181
u0034898:i1228705,6.91181
u0034898:i1229238,6.91181
u0034898:i1300854,6.91181
u0034898:i1371150,6.91181
u0034898:i1499658,6.91181
u0034898:i1570728,6.91181
u0034898:i1587310,6.91181
u0034898:i1659337,6.91181
u0034898:i1790864,6.91181
u0034898:i1843866,6.91181
u0034898:i1924435,6.91181
u0034898:i1980929,6.91181
u0034898:i1981115,6.91181
u0034898:i2170439,6.91181
u0034898:i2203939,6.91181
u0034898:i2245084,6.91181
u0034898:i2267998,6.91181
u0034901:i0893356,7.24167
u0034901:i1065073,7.24167
u0034901:i1315981,7.24167
u0034901:i1331025,7.24167
u0034901:i1954701,7.24167
u0034901:i2084970,7.24167
u0034901:i2265179,7.24167
u0034901:i2562232,7.24167
u0034901:i2725962,7.24167
u0034901:i2872718,7.24167
u0034901:i2980516,7.24167
u0034901:i4257858,7.24167
u0034919:i1126590,7.05136
u0034919:i2084970,6.70503
u0034919:i3316960,6.71943
u0034923:i0050083,7.67
u0034923:i0066921,7.67
u0034923:i0070735,7.67
u0034923:i0075314,7.67
u0034923:i0086879,7.67
u0034923:i0110116,7.67
u0034923:i0110413,7.67
u0034923:i0144084,7.67
u0034923:i0217505,7.67
u0034923:i0816692,7.67
u0034923:i1809398,7.67
u0034923:i2179136,7.67
u0034923:i2273657,7.67
u0034923:i2381941,7.67
u0034923:i2582802,7.67
u0034923:i2788710,7.67
u0034923:i2802144,7.67
u0034923:i2872718,7.67
u0034951:i0144084,8.31839
u0034951:i0167260,8.31839
u0034951:i0494222,8.31839
u0034951:i1440129,8.31839
u0034951:i2245084,8.31839
u0034951:i2310332,8.31839
u0034951:i2395427,8.31839
u0034951:i2436386,8.31839
u0034951:i2555736,8.31839
u0034951:i2725962,8.31839
u0034951:i2872732,8.31839
u0034951:i3416742,8.31839
u0034969:i0169547,5.89016
u0034969:i1392190,6.52195
u0034969:i2562232,6.85636
u0035032:i0369610,7.62937
u0035032:i0478970,7.62937
u0035032:i0816692,7.62937
u0035032:i0829150,7.62937
u0035032:i1267297,7.62937
u0035032:i1340138,7.62937
u0035032:i1528100,7.62937
u0035032:i2096672,7.62937
u0035032:i2170439,7.62937
u0035032:i2179136,7.62937
u0035032:i2245084,7.62937
u0035032:i2273657,7.62937
u0035032:i2395427,7.62937
u0035032:i2561572,7.62937
u0035032:i2788710,7.62937
u0035032:i2802144,7.62937
u0035032:i2872718,7.62937
u0035032:i2872732,7.62937
u0035044:i0369610,8.08333
u0035044:i0478970,8.08333
u0035044:i2096673,8.08333
u0035044:i2293640,8.08333
u0035052:i0365907,7.342
u0035052:i0455944,7.342
u0035052:i0458481,7.342
u0035052:i1121096,7.342
u0035052:i1267297,7.342
u0035052:i1790864,7.342
u0035052:i1951265,7.342
u0035052:i2025526,7.342
u0035052:i2084970,7.342
u0035052:i2170439,7.342
u0035052:i2290553,7.342
u0035052:i2402157,7.342
u0035052:i2404583,7.342
u0035052:i2493486,7.342
u0035052:i2802144,7.342
u0035052:i3465456,7.342
u0035077:i0167404,7.342
u0035077:i0383216,7.342
u0035077:i0790636,7.342
u0035077:i1065073,7.342
u0035077:i1179031,7.342
u0035077:i1205537,7.342
u0035077:i1268799,7.342
u0035077:i1454468,7.342
u0035077:i1504320,7.342
u0035077:i1605717,7.342
u0035077:i1632708,7.342
u0035077:i1637725,7.342
u0035077:i1655441,7.342
u0035077:i2024544,7.342
u0035077:i2084970,7.342
u0035077:i2101570,7.342
u0035077:i2224026,7.342
u0035077:i2278388,7.342
u0035077:i2294629,7.342
u0035077:i2318092,7.342
u0035077:i2334873,7.342
u0035077:i2557490,7.342
u0035077:i2802144,7.342
u0035077:i2968804,7.342
u0035077:i3177316,7.342
u0035091:i2582802,6.89713
u0035091:i2713180,6.89713
u0035091:i2872718,6.89713
u0035099:i1181840,8.30667
u0035099:i1617661,8.30667
u0035099:i2294493,8.30667
u0035099:i2582802,8.30667
u0035099:i2980516,8.30667
u0035108:i0365907,8.23551
u0035108:i1206543,8.23551
u0035108:i1528100,8.23551
u0035108:i1853728,8.23551
u0035108:i1924435,8.23551
u0035108:i2024469,8.23551
u0035108:i2446042,8.23551
u0035108:i2911666,8.23551
u0035131:i0118715,7.60697
u0035131:i0265459,7.60697
u0035131:i1247690,7.60697
u0035131:i1398426,7.60697
u0035131:i1502712,7.60697
u0035131:i1524930,7.60697
u0035131:i1571249,7.60697
u0035131:i2545118,7.60697
u0035131:i2582802,7.60697
u0035131:i2788716,7.60697
u0035131:i3152624,7.60697
u0035131:i3168230,7.60697
u0035131:i3316948,7.60697
u0035131:i3713166,7.60697
u0035131:i3850214,7.60697
u0035131:i4178092,7.60697
u0035145:i0073580,6.94578
u0035145:i0081506,6.94578
u0035145:i0100024,6.94578
u0035170:i1322269,7.3391
u0035170:i2305051,7.3391
u0035170:i2562232,7.3391
u0035187:i0101318,3.99376
u0035187:i1568921,6.1451
u0035187:i2305051,6.96888
u0035187:i2576852,6.98178
u0035187:i3416742,7.02389
u0035214:i0120735,3.80057
u0035214:i0240772,4.9936
u0035214:i1032755,6.23291
u0035214:i1065073,6.81098
u0035214:i2084970,6.71198
u0035214:i2278388,6.5483
u0035214:i2562232,6.86361
u0035214:i2582802,6.84903
u0035214:i2785032,6.94076
u0035214:i2980516,6.90385
u0035265:i2015381,7.07262
u0035265:i2084970,7.07262
u0035265:i2381249,7.07262
u0035265:i2381941,7.07262
u0035265:i2802144,7.07262
u0035265:i2980516,7.07262
u0035268:i0073195,7.50908
u0035268:i0369610,7.50908
u0035268:i0435651,7.50908
u0035268:i0470752,7.50908
u0035268:i0787474,7.50908
u0035268:i0900387,7.50908
u0035268:i0903657,7.50908
u0035268:i1014763,7.50908
u0035268:i1100089,7.50908
u0035268:i1392190,7.50908
u0035268:i1441953,7.50908
u0035268:i1567437,7.50908
u0035268:i1617661,7.50908
u0035268:i1708135,7.50908
u0035268:i1790864,7.50908
u0035268:i1791528,7.50908
u0035268:i1791682,7.50908
u0035268:i1798684,7.50908
u0035268:i1823672,7.50908
u0035268:i1921149,7.50908
u0035268:i1964418,7.50908
u0035268:i1972571,7.50908
u0035268:i2096673,7.50908
u0035268:i2125501,7.50908
u0035268:i2180411,7.50908
u0035268:i2245084,7.50908
u0035268:i2366608,7.50908
u0035268:i2392810,7.50908
u0035268:i2395417,7.50908
u0035268:i2395427,7.50908
u0035268:i2397535,7.50908
u0035268:i2452200,7.50908
u0035268:i2452254,7.50908
u0035268:i2476552,7.50908
u0035268:i2562232,7.50908
u0035268:i2582802,7.50908
u0035268:i2639254,7.50908
u0035268:i2639344,7.50908
u0035268:i2652092,7.50908
u0035268:i2717822,7.50908
u0035268:i2720680,7.50908
u0035268:i2752688,7.50908
u0035268:i2764784,7.50908
u0035268:i2844798,7.50908
u0035268:i2870648,7.50908
u0035268:i2872732,7.50908
u0035268:i2908446,7.50908
u0035268:i2911666,7.50908
u0035268:i2935564,7.50908
u0035268:i2937898,7.50908
u0035268:i3011894,7.50908
u0035268:i3090634,7.50908
u0035268:i3168230,7.50908
u0035268:i3170902,7.50908
u0035268:i3172532,7.50908
u0035268:i3184934,7.50908
u0035268:i3205376,7.50908
u0035268:i3244512,7.50908
u0035268:i3253930,7.50908
u0035268:i3263614,7.50908
u0035268:i3294200,7.50908
u0035268:i3297330,7.50908
u0035268:i3316960,7.50908
u0035268:i3469910,7.50908
u0035268:i3612616,7.50908
u0035268:i3630276,7.50908
u0035268:i3674140,7.50908
u0035268:i4257858,7.50908
u0035274:i0077405,6.37331
u0035274:i0081375,6.37331
u0035274:i0092965,6.37331
u0035274:i0097027,6.37331
u0035274:i0120863,6.37331
u0035274:i0162222,6.37331
u0035274:i0215750,6.37331
u0035274:i0265086,6.37331
u0035274:i0268126,6.37331
u0035274:i0332379,6.37331
u0035274:i0477302,6.37331
u0035274:i0816692,6.37331
u0035274:i0947810,6.37331
u0035274:i1007029,6.37331
u0035274:i1205535,6.37331
u0035274:i1226273,6.37331
u0035274:i1504320,6.37331
u0035274:i1598778,6.37331
u0035274:i1688649,6.37331
u0035274:i1817273,6.37331
u0035274:i1924396,6.37331
u0035274:i1937149,6.37331
u0035274:i2084970,6.37331
u0035274:i2088003,6.37331
u0035274:i2126355,6.37331
u0035274:i2272918,6.37331
u0035274:i2446042,6.37331
u0035274:i2557276,6.37331
u0035274:i2980516,6.37331
u0035280:i1809398,6.79915
u0035280:i1964418,6.50098
u0035280:i2446042,6.87585
u0035297:i0050083,8.352
u0035297:i0101761,8.352
u0035297:i0369610,8.352
u0035297:i0829150,8.352
u0035297:i1340138,8.352
u0035297:i1528100,8.352
u0035297:i1860353,8.352
u0035297:i1979320,8.352
u0035297:i2084970,8.352
u0035297:i2170439,8.352
u0035297:i2290553,8.352
u0035297:i2322441,8.352
u0035297:i2381941,8.352
u0035297:i2402101,8.352
u0035297:i2582802,8.352
u0035297:i2802144,8.352
u0035297:i2820852,8.352
u0035297:i2872718,8.352
u0035297:i2908446,8.352
u0035353:i0041959,7.5585
u0035353:i0047478,7.5585
u0035353:i0054215,7.5585
u0035353:i0060196,7.5585
u0035353:i0075314,7.5585
u0035353:i0099685,7.5585
u0035353:i0105236,7.5585
u0035353:i0107808,7.5585
u0035353:i0109830,7.5585
u0035353:i0116282,7.5585
u0035353:i0169547,7.5585
u0035353:i0180093,7.5585
u0035353:i0253474,7.5585
u0035353:i0332280,7.5585
u0035353:i0454848,7.5585
u0035353:i0477348,7.5585
u0035353:i0481369,7.5585
u0035353:i0765443,7.5585
u0035353:i0780504,7.5585
u0035353:i0986233,7.5585
u0035353:i1197624,7.5585
u0035353:i1205489,7.5585
u0035353:i1392190,7.5585
u0035353:i1707386,7.5585
u0035353:i1872194,7.5585
u0035353:i1924396,7.5585
u0035353:i2084970,7.5585
u0035353:i2582846,7.5585
u0035353:i2980516,7.5585
u0035366:i0054698,5.43668
u0035366:i0118799,5.51273
u0035366:i0215750,4.44175
u0035366:i0416320,5.5488
u0035366:i0497465,5.15563
u0035366:i0765120,0
u0035366:i1707386,6.35202
u0035366:i1954701,6.31115
u0035366:i2053463,6.06173
u0035366:i2179136,6.85583
u0035373:i0470752,6.6455
u0035373:i1823672,6.6455
u0035373:i2172584,6.6455
u0035373:i2179136,6.6455
u0035373:i2319580,6.6455
u0035373:i2872718,6.6455
u0035373:i3011894,6.6455
u0035373:i3162938,6.6455
u0035373:i3203616,6.6455
u0035374:i0067116,7.60697
u0035374:i0079417,7.60697
u0035374:i0081398,7.60697
u0035374:i0107207,7.60697
u0035374:i0120885,7.60697
u0035374:i0407887,7.60697
u0035374:i0435651,7.60697
u0035374:i0449059,7.60697
u0035374:i0470752,7.60697
u0035374:i0787474,7.60697
u0035374:i0790636,7.60697
u0035374:i0816442,7.60697
u0035374:i0831387,7.60697
u0035374:i0864835,7.60697
u0035374:i1007029,7.60697
u0035374:i1065073,7.60697
u0035374:i1204975,7.60697
u0035374:i1343092,7.60697
u0035374:i1441951,7.60697
u0035374:i1462758,7.60697
u0035374:i1483324,7.60697
u0035374:i1535109,7.60697
u0035374:i1600196,7.60697
u0035374:i1706620,7.60697
u0035374:i1714915,7.60697
u0035374:i1980209,7.60697
u0035374:i2084970,7.60697
u0035374:i2140373,7.60697
u0035374:i2177771,7.60697
u0035374:i2305051,7.60697
u0035374:i2343793,7.60697
u0035374:i2355495,7.60697
u0035374:i2381941,7.60697
u0035374:i2431286,7.60697
u0035374:i2547210,7.60697
u0035374:i2555736,7.60697
u0035374:i2562232,7.60697
u0035374:i2802144,7.60697
u0035374:i2872718,7.60697
u0035374:i2908446,7.60697
u0035374:i2910814,7.60697
u0035374:i2917388,7.60697
u0035374:i2920808,7.60697
u0035374:i2980516,7.60697
u0035374:i3179568,7.60697
u0035374:i3316960,7.60697
u0035434:i0377107,7.01702
u0035434:i0780511,7.01702
u0035434:i0816692,7.01702
u0035434:i0910936,7.01702
u0035434:i1067583,7.01702
u0035434:i1126590,7.01702
u0035434:i1285309,7.01702
u0035434:i1385826,7.01702
u0035434:i1392190,7.01702
u0035434:i1462769,7.01702
u0035434:i1638002,7.01702
u0035434:i1840417,7.01702
u0035434:i1872194,7.01702
u0035434:i2084970,7.01702
u0035434:i2096672,7.01702
u0035434:i2170439,7.01702
u0035434:i2310332,7.01702
u0035434:i2561572,7.01702
u0035434:i2726560,7.01702
u0035434:i2820852,7.01702
u0035434:i2980472,7.01702
u0035434:i3203616,7.01702
u0035455:i0454848,6.81247
u0035455:i1205558,6.81247
u0035455:i1397280,6.81247
u0035455:i2015381,6.81247
u0035455:i2024469,6.81247
u0035455:i2245084,6.81247
u0035455:i4170436,6.81247
u0035463:i1392190,6.52747
u0035463:i1638002,6.18968
u0035463:i2084970,6.71893
u0035463:i3079380,6.56401
u0035471:i0435651,7.89127
u0035471:i1731141,7.89127
u0035471:i2318092,7.89127
u0035501:i0372784,5.97151
u0035501:i0468569,4.87287
u0035501:i1345836,4.25188
u0035501:i1670345,6.30335
u0035506:i0100157,7.98752
u0035506:i0388795,7.98752
u0035506:i0878804,7.98752
u0035506:i1078588,7.98752
u0035506:i1433811,7.98752
u0035506:i2179136,7.98752
u0035506:i2872718,7.98752
u0035528:i0948470,5.86945
u0035528:i1872181,6.5896
u0035528:i2375559,0
u0035532:i0038650,7.37438
u0035532:i0118799,7.37438
u0035532:i0174856,7.37438
u0035532:i0364569,7.37438
u0035532:i0482571,7.37438
u0035532:i0816692,7.37438
u0035532:i1100089,7.37438
u0035532:i1655441,7.37438
u0035532:i1791682,7.37438
u0035532:i2097298,7.37438
u0035532:i2170593,7.37438
u0035532:i2199571,7.37438
u0035532:i2446042,7.37438
u0035532:i2562232,7.37438
u0035532:i2614684,7.37438
u0035532:i2758880,7.37438
u0035532:i2802144,7.37438
u0035532:i2872718,7.37438
u0035532:i2935476,7.37438
u0035532:i2980516,7.37438
u0035532:i3007512,7.37438
u0035538:i0047478,7.2107
u0035538:i0056058,7.2107
u0035538:i1069238,7.2107
u0035538:i2562232,7.2107
u0035547:i0816692,7.67
u0035547:i2084970,7.67
u0035547:i2106361,7.67
u0035547:i4504452,7.67
u0035552:i0109830,5.41026
u0035552:i0172493,4.74244
u0035552:i0180093,5.84865
u0035552:i0211915,6.13232
u0035552:i0308644,5.5324
u0035552:i0372784,6.10133
u0035552:i0468569,4.94784
u0035552:i0816692,6.37479
u0035552:i1130884,4.68695
u0035552:i1441953,6.3179
u0035552:i1563738,4.93395
u0035552:i2562232,6.87086
u0035552:i2582802,6.8566
u0035600:i1626146,7.28399
u0035600:i2179136,7.28399
u0035600:i2582802,7.28399
u0035613:i0884732,6.37331
u0035613:i2004420,6.37331
u0035613:i2223990,6.37331
u0035613:i2247476,6.37331
u0035613:i2267998,6.37331
u0035613:i2377322,6.37331
u0035613:i2381941,6.37331
u0035613:i2788710,6.37331
u0035640:i0069762,7.22599
u0035640:i0114814,7.22599
u0035640:i0365907,7.22599
u0035640:i0424880,7.22599
u0035640:i0455944,7.22599
u0035640:i0470752,7.22599
u0035640:i0884732,7.22599
u0035640:i1216491,7.22599
u0035640:i1294970,7.22599
u0035640:i1371150,7.22599
u0035640:i1571249,7.22599
u0035640:i1800338,7.22599
u0035640:i1823672,7.22599
u0035640:i1850397,7.22599
u0035640:i2039393,7.22599
u0035640:i2096672,7.22599
u0035640:i2170593,7.22599
u0035640:i2310332,7.22599
u0035640:i2358925,7.22599
u0035640:i2561572,7.22599
u0035640:i2562232,7.22599
u0035640:i2582802,7.22599
u0035640:i2713180,7.22599
u0035640:i2718492,7.22599
u0035640:i2802144,7.22599
u0035640:i2802154,7.22599
u0035640:i2870708,7.22599
u0035640:i2872718,7.22599
u0035640:i2911666,7.22599
u0035640:i2937898,7.22599
u0035640:i2980592,7.22599
u0035640:i3011894,7.22599
u0035640:i3472226,7.22599
u0035643:i0209144,7.92598
u0035643:i0852713,7.92598
u0035643:i1121096,7.92598
u0035643:i1156398,7.92598
u0035643:i1617661,7.92598
u0035643:i1645080,7.92598
u0035643:i1964418,7.92598
u0035643:i1980929,7.92598
u0035643:i2267998,7.92598
u0035643:i2316801,7.92598
u0035643:i2692250,7.92598
u0035643:i2820852,7.92598
u0035643:i2908446,7.92598
u0035666:i0088847,7.08765
u0035666:i0369610,7.08765
u0035666:i1065073,7.08765
u0035666:i1109624,7.08765
u0035666:i1126590,7.08765
u0035666:i1213663,7.08765
u0035666:i1243974,7.08765
u0035666:i1392190,7.08765
u0035666:i1567437,7.08765
u0035666:i1600196,7.08765
u0035666:i1626146,7.08765
u0035666:i1674771,7.08765
u0035666:i1791528,7.08765
u0035666:i1798684,7.08765
u0035666:i1810683,7.08765
u0035666:i1981677,7.08765
u0035666:i2039393,7.08765
u0035666:i2084970,7.08765
u0035666:i2096673,7.08765
u0035666:i2097298,7.08765
u0035666:i2126355,7.08765
u0035666:i2245084,7.08765
u0035666:i2273657,7.08765
u0035666:i2293640,7.08765
u0035666:i2305051,7.08765
u0035666:i2376218,7.08765
u0035666:i2381249,7.08765
u0035666:i2381941,7.08765
u0035666:i2446042,7.08765
u0035666:i2614684,7.08765
u0035666:i2637276,7.08765
u0035666:i2848292,7.08765
u0035666:i2937898,7.08765
u0035666:i3007512,7.08765
u0035666:i3079380,7.08765
u0035666:i3152624,7.08765
u0035666:i3169706,7.08765
u0035666:i4293752,7.08765
u0035686:i0045810,7.60697
u0035686:i0046911,7.60697
u0035686:i0060827,7.60697
u0035686:i0060959,7.60697
u0035686:i0073076,7.60697
u0035686:i0075612,7.60697
u0035686:i0076245,7.60697
u0035686:i0077711,7.60697
u0035686:i0081099,7.60697
u0035686:i0086425,7.60697
u0035686:i0088206,7.60697
u0035686:i0093058,7.60697
u0035686:i0094715,7.60697
u0035686:i0100135,7.60697
u0035686:i0100395,7.60697
u0035686:i0101921,7.60697
u0035686:i0105107,7.60697
u0035686:i0105793,7.60697
u0035686:i0108525,7.60697
u0035686:i0110005,7.60697
u0035686:i0110598,7.60697
u0035686:i0112571,7.60697
u0035686:i0115580,7.60697
u0035686:i0115736,7.60697
u0035686:i0118113,7.60697
u0035686:i0120669,7.60697
u0035686:i0150915,7.60697
u0035686:i0156707,7.60697
u0035686:i0162346,7.60697
u0035686:i0193560,7.60697
u0035686:i0204946,7.60697
u0035686:i0212346,7.60697
u0035686:i0214388,7.60697
u0035686:i0270980,7.60697
u0035686:i0271204,7.60697
u0035686:i0275847,7.60697
u0035686:i0305711,7.60697
u0035686:i0322589,7.60697
u0035686:i0336699,7.60697
u0035686:i0375568,7.60697
u0035686:i0380268,7.60697
u0035686:i0395972,7.60697
u0035686:i0402022,7.60697
u0035686:i0405159,7.60697
u0035686:i0418279,7.60697
u0035686:i0446717,7.60697
u0035686:i0451180,7.60697
u0035686:i0458352,7.60697
u0035686:i0478970,7.60697
u0035686:i0816442,7.60697
u0035686:i0837106,7.60697
u0035686:i0838221,7.60697
u0035686:i0862846,7.60697
u0035686:i0910936,7.60697
u0035686:i0960144,7.60697
u0035686:i0997152,7.60697
u0035686:i1018785,7.60697
u0035686:i1020530,7.60697
u0035686:i1032846,7.60697
u0035686:i1091191,7.60697
u0035686:i1099212,7.60697
u0035686:i1126590,7.60697
u0035686:i1217209,7.60697
u0035686:i1272878,7.60697
u0035686:i1379663,7.60697
u0035686:i1392190,7.60697
u0035686:i1528071,7.60697
u0035686:i1584016,7.60697
u0035686:i1598822,7.60697
u0035686:i1638355,7.60697
u0035686:i1661199,7.60697
u0035686:i1675161,7.60697
u0035686:i1714209,7.60697
u0035686:i1725986,7.60697
u0035686:i1748122,7.60697
u0035686:i1784538,7.60697
u0035686:i1899353,7.60697
u0035686:i1915581,7.60697
u0035686:i1977739,7.60697
u0035686:i2004420,7.60697
u0035686:i2109248,7.60697
u0035686:i2153889,7.60697
u0035686:i2167266,7.60697
u0035686:i2179136,7.60697
u0035686:i2238050,7.60697
u0035686:i2268016,7.60697
u0035686:i2278871,7.60697
u0035686:i2298394,7.60697
u0035686:i2305051,7.60697
u0035686:i2369205,7.60697
u0035686:i2378776,7.60697
u0035686:i2481238,7.60697
u0035686:i2507550,7.60697
u0035686:i2524674,7.60697
u0035686:i2561572,7.60697
u0035686:i2788710,7.60697
u0035686:i2848292,7.60697
u0035686:i3064298,7.60697
u0035686:i3079380,7.60697
u0035686:i3235888,7.60697
u0035686:i3316960,7.60697
u0035686:i3442990,7.60697
u0035686:i3452948,7.60697
u0035686:i3559502,7.60697
u0035686:i3626442,7.60697
u0035686:i3630276,7.60697
u0035686:i3804594,7.60697
u0035686:i3921164,7.60697
u0035686:i4009460,7.60697
u0035686:i4229696,7.60697
u0035710:i0120890,5.03486
u0035710:i2395427,6.81615
u0035710:i3813310,5.55576
u0035754:i0421715,5.22465
u0035754:i1798684,6.35783
u0035754:i2273657,6.18805
u0035773:i0361862,7.67
u0035773:i1285016,7.67
u0035773:i1392190,7.67
u0035773:i1568346,7.67
u0035773:i2179136,7.67
u0035773:i2582802,7.67
u0035773:i2872718,7.67
u0035815:i1392190,7.60697
u0035815:i2820852,7.60697
u0035815:i3681422,7.60697
u0035819:i0095467,6.73066
u0035819:i0097165,6.73066
u0035819:i0463998,6.73066
u0035819:i0470752,6.73066
u0035819:i1330591,6.73066
u0035819:i1690953,6.73066
u0035819:i1839492,6.73066
u0035819:i2084970,6.73066
u0035819:i2101473,6.73066
u0035819:i2338151,6.73066
u0035819:i2582802,6.73066
u0035819:i2872732,6.73066
u0035819:i2884206,6.73066
u0035819:i2980516,6.73066
u0035829:i1065073,7.60697
u0035829:i1403865,7.60697
u0035829:i2562232,7.60697
u0035829:i2582802,7.60697
u0035829:i2872718,7.60697
u0035829:i2884206,7.60697
u0035836:i0097165,5.28928
u0035836:i0105236,5.83594
u0035836:i0108399,6.53592
u0035836:i0109830,5.49349
u0035836:i0120586,5.41697
u0035836:i0172495,5.1858
u0035836:i1483013,5.5881
u0035836:i1790864,6.52054
u0035836:i1853728,4.73636
u0035836:i2316411,6.55387
u0035836:i2582802,6.86416
u0035836:i2872718,6.88968
u0035837:i0443465,8.45177
u0035837:i0470752,8.45177
u0035837:i0816692,8.45177
u0035837:i0986264,8.45177
u0035837:i1014763,8.45177
u0035837:i1126590,8.45177
u0035837:i1392214,8.45177
u0035837:i1588173,8.45177
u0035837:i1638002,8.45177
u0035837:i1727388,8.45177
u0035837:i1810683,8.45177
u0035837:i1872194,8.45177
u0035837:i2062969,8.45177
u0035837:i2084970,8.45177
u0035837:i2101569,8.45177
u0035837:i2125608,8.45177
u0035837:i2170439,8.45177
u0035837:i2170593,8.45177
u0035837:i2179136,8.45177
u0035837:i2182972,8.45177
u0035837:i2267998,8.45177
u0035837:i2305051,8.45177
u0035837:i2338151,8.45177
u0035837:i2397535,8.45177
u0035837:i2404425,8.45177
u0035837:i2446042,8.45177
u0035837:i2567712,8.45177
u0035837:i2582802,8.45177
u0035837:i2616810,8.45177
u0035837:i2652092,8.45177
u0035837:i2713180,8.45177
u0035837:i2802154,8.45177
u0035837:i2872718,8.45177
u0035837:i2884206,8.45177
u0035837:i2911666,8.45177
u0035837:i2937898,8.45177
u0035837:i2980516,8.45177
u0035837:i3007512,8.45177
u0035837:i3011894,8.45177
u0035837:i3045616,8.45177
u0035837:i3079380,8.45177
u0035837:i3233418,8.45177
u0035837:i3316960,8.45177
u0035837:i3612616,8.45177
u0035837:i3630276,8.45177
u0035837:i3813310,8.45177
u0035837:i3982774,8.45177
u0035837:i4229236,8.45177
u0035851:i1065073,7.68152
u0035851:i2096673,7.68152
u0035851:i2267998,7.68152
u0035855:i0470752,6.97
u0035855:i1392190,6.97
u0035855:i1528071,6.97
u0035855:i1601913,6.97
u0035855:i1809398,6.97
u0035855:i2802144,6.97
u0035855:i2872718,6.97
u0035855:i2980516,6.97
u0035855:i2980648,6.97
u0035862:i0209144,7.60697
u0035862:i0361862,7.60697
u0035862:i2582802,7.60697
u0035864:i0338751,6.07025
u0035864:i1524575,5.61513
u0035864:i1727770,6.11136
u0035864:i1754656,6.47619
u0035864:i1798684,6.38173
u0035864:i2120120,6.30221
u0035864:i2140379,5.90627
u0035864:i2309260,6.92284
u0035864:i2381249,6.56714
u0035864:i2582802,6.87174
u0035864:i2637276,6.24683
u0035864:i2802144,6.71976
u0035864:i2848292,6.6586
u0035864:i2872718,6.90101
u0035864:i3622592,6.0507
u0035880:i0369610,6.59686
u0035880:i0790636,6.59686
u0035880:i0816692,6.59686
u0035880:i1584016,6.59686
u0035880:i1920849,6.59686
u0035880:i1981677,6.59686
u0035880:i2004420,6.59686
u0035880:i2184339,6.59686
u0035880:i2245084,6.59686
u0035880:i2402157,6.59686
u0035880:i2545118,6.59686
u0035880:i2561572,6.59686
u0035880:i2562232,6.59686
u0035880:i2802144,6.59686
u0035880:i2820852,6.59686
u0035880:i2848292,6.59686
u0035880:i2911666,6.59686
u0035880:i2967224,6.59686
u0035880:i3079380,6.59686
u0035883:i0986263,3.81697
u0035883:i2096672,6.98097
u0035883:i2562232,6.87812
u0035883:i2884206,6.53924
u0035883:i3717390,0
u0035914:i0478970,6.51298
u0035914:i1392170,4.51646
u0035914:i1951264,5.35686
u0035914:i2084970,6.72589
u0035914:i2179136,6.86321
u0035914:i2267998,6.54563
u0035953:i0829150,7.18817
u0035953:i2597242,7.18817
u0035953:i2872732,7.18817
u0035973:i0021079,3.41692
u0035973:i0070379,4.2022
u0035973:i0087538,4.76486
u0035973:i0101410,6.61693
u0035973:i0104348,3.35181
u0035973:i0104797,5.58052
u0035973:i0106677,4.9235
u0035973:i0112384,5.47456
u0035973:i0117705,5.63742
u0035973:i0119008,5.60426
u0035973:i0119567,6.45332
u0035973:i0120338,4.58052
u0035973:i0120762,6.20337
u0035973:i0128442,5.05248
u0035973:i0144117,5.08885
u0035973:i0163025,6.1753
u0035973:i0177971,5.71971
u0035973:i0232500,6.2922
u0035973:i0246578,5.82099
u0035973:i0258470,0
u0035973:i0307453,3.69674
u0035973:i0316654,5.54415
u0035973:i0317219,5.79573
u0035973:i0317740,5.45417
u0035973:i0319262,7.02715
u0035973:i0327597,4.51467
u0035973:i0361596,4.48185
u0035973:i0369610,6.71881
u0035973:i0371746,6.12681
u0035973:i0381707,4.98885
u0035973:i0382625,5.45747
u0035973:i0396269,5.52852
u0035973:i0409459,5.2891
u0035973:i0416449,5.33163
u0035973:i0418279,5.50236
u0035973:i0430308,3.7619
u0035973:i0445990,6.12913
u0035973:i0469903,0
u0035973:i0470752,6.80991
u0035973:i0499549,6.0523
u0035973:i0816711,6.00982
u0035973:i0837562,5.82201
u0035973:i1023111,3.84807
u0035973:i1034303,5.27048
u0035973:i1045658,6.28122
u0035973:i1065073,6.83083
u0035973:i1100089,6.87971
u0035973:i1103982,3.44902
u0035973:i1130080,0
u0035973:i1216491,6.51792
u0035973:i1217209,5.04542
u0035973:i1250777,5.97774
u0035973:i1286537,5.56498
u0035973:i1291150,7.0065
u0035973:i1343092,5.1628
u0035973:i1392190,6.53298
u0035973:i1392214,5.50131
u0035973:i1421051,5.34463
u0035973:i1441326,6.16819
u0035973:i1499658,6.0874
u0035973:i1515091,5.35608
u0035973:i1528100,6.78346
u0035973:i1560747,5.86222
u0035973:i1596343,5.99651
u0035973:i1605717,6.7969
u0035973:i1706620,6.5975
u0035973:i1772341,5.80631
u0035973:i1779076,0
u0035973:i1791528,6.90275
u0035973:i1823672,6.80411
u0035973:i1832382,6.04189
u0035973:i1840309,7.05703
u0035973:i1937390,6.74199
u0035973:i1951264,5.47861
u0035973:i1959490,7.23828
u0035973:i2024469,6.08284
u0035973:i2042568,6.42177
u0035973:i2209764,7.06927
u0035973:i2261331,6.27376
u0035973:i2562232,6.88539
u0035973:i2582802,6.87932
u0035973:i2737050,6.7015
u0035973:i2802144,6.72611
u0035973:i2872718,6.91236
u0035973:i2937898,6.8818
u0035973:i2980516,6.91306
u0035973:i3079380,6.57979
u0035973:i3316960,6.74017
u0036017:i0816692,7.50908
u0036017:i2278388,7.50908
u0036017:i2713180,7.50908
u0036020:i0369610,8.34533
u0036020:i0430634,8.34533
u0036020:i0790636,8.34533
u0036020:i0914798,8.34533
u0036020:i1109624,8.34533
u0036020:i1972571,8.34533
u0036020:i2053463,8.34533
u0036020:i2179136,8.34533
u0036020:i2322441,8.34533
u0036020:i2381941,8.34533
u0036020:i2446042,8.34533
u0036020:i2561572,8.34533
u0036020:i2713180,8.34533
u0036020:i2820852,8.34533
u0036024:i0051792,7.04679
u0036024:i0057076,7.04679
u0036024:i0060182,7.04679
u0036024:i0083190,7.04679
u0036024:i0085474,7.04679
u0036024:i0088172,7.04679
u0036024:i0089881,7.04679
u0036024:i0097937,7.04679
u0036024:i0099371,7.04679
u0036024:i0112913,7.04679
u0036024:i0119167,7.04679
u0036024:i0243017,7.04679
u0036024:i0787474,7.04679
u0036024:i1100089,7.04679
u0036024:i1450321,7.04679
u0036024:i1512235,7.04679
u0036024:i1534085,7.04679
u0036024:i2103281,7.04679
u0036024:i2562232,7.04679
u0036024:i2582802,7.04679
u0036024:i2718492,7.04679
u0036024:i2872718,7.04679
u0036024:i2872732,7.04679
u0036024:i2883512,7.04679
u0036077:i0064115,7.59507
u0036077:i0369610,7.59507
u0036077:i1340138,7.59507
u0036077:i1979320,7.59507
u0036077:i2870612,7.59507
u0036097:i0046268,7.67
u0036097:i0076740,7.67
u0036097:i1392190,7.67
u0036097:i1490017,7.67
u0036097:i1560671,7.67
u0036097:i1764651,7.67
u0036097:i1954701,7.67
u0036097:i2991238,7.67
u0036108:i0062138,7.61124
u0036108:i0070895,7.61124
u0036108:i0073880,7.61124
u0036108:i0089643,7.61124
u0036108:i0098206,7.61124
u0036108:i0105017,7.61124
u0036108:i0105415,7.61124
u0036108:i0105459,7.61124
u0036108:i0119177,7.61124
u0036108:i0123755,7.61124
u0036108:i0281322,7.61124
u0036108:i0281686,7.61124
u0036108:i0285492,7.61124
u0036108:i0338013,7.61124
u0036108:i0365907,7.61124
u0036108:i0369610,7.61124
u0036108:i0386588,7.61124
u0036108:i0433035,7.61124
u0036108:i0790636,7.61124
u0036108:i0882977,7.61124
u0036108:i0993842,7.61124
u0036108:i1087527,7.61124
u0036108:i1321870,7.61124
u0036108:i1392190,7.61124
u0036108:i1540133,7.61124
u0036108:i1567609,7.61124
u0036108:i1637725,7.61124
u0036108:i1638355,7.61124
u0036108:i1661099,7.61124
u0036108:i1674771,7.61124
u0036108:i1747958,7.61124
u0036108:i1850397,7.61124
u0036108:i1951264,7.61124
u0036108:i2179136,7.61124
u0036108:i2231253,7.61124
u0036108:i2234003,7.61124
u0036108:i2265171,7.61124
u0036108:i2321549,7.61124
u0036108:i2381249,7.61124
u0036108:i2381941,7.61124
u0036108:i2395427,7.61124
u0036108:i2397535,7.61124
u0036108:i2562232,7.61124
u0036108:i2577172,7.61124
u0036108:i2725962,7.61124
u0036108:i2802144,7.61124
u0036108:i2866360,7.61124
u0036108:i2967224,7.61124
u0036108:i2975578,7.61124
u0036108:i3235888,7.61124
u0036108:i3321300,7.61124
u0036108:i3322940,7.61124
u0036108:i3793788,7.61124
u0036108:i4086032,7.61124
u0036119:i0050212,7.89127
u0036119:i0058461,7.89127
u0036119:i0058777,7.89127
u0036119:i0059578,7.89127
u0036119:i0067140,7.89127
u0036119:i0071249,7.89127
u0036119:i0074695,7.89127
u0036119:i0083630,7.89127
u0036119:i0083833,7.89127
u0036119:i0084602,7.89127
u0036119:i0087385,7.89127
u0036119:i0088333,7.89127
u0036119:i0089470,7.89127
u0036119:i0092272,7.89127
u0036119:i0092610,7.89127
u0036119:i0093737,7.89127
u0036119:i0094752,7.89127
u0036119:i0097235,7.89127
u0036119:i0097390,7.89127
u0036119:i0099763,7.89127
u0036119:i0102593,7.89127
u0036119:i0103873,7.89127
u0036119:i0106215,7.89127
u0036119:i0106677,7.89127
u0036119:i0107630,7.89127
u0036119:i0110365,7.89127
u0036119:i0111256,7.89127
u0036119:i0111653,7.89127
u0036119:i0120701,7.89127
u0036119:i0185183,7.89127
u0036119:i0209077,7.89127
u0036119:i0365907,7.89127
u0036119:i0369610,7.89127
u0036119:i0378109,7.89127
u0036119:i0402850,7.89127
u0036119:i0437405,7.89127
u0036119:i0458481,7.89127
u0036119:i0466664,7.89127
u0036119:i0804463,7.89127
u0036119:i0831387,7.89127
u0036119:i0882977,7.89127
u0036119:i1160996,7.89127
u0036119:i1216491,7.89127
u0036119:i1418377,7.89127
u0036119:i1441395,7.89127
u0036119:i1480295,7.89127
u0036119:i1506998,7.89127
u0036119:i1527186,7.89127
u0036119:i1559036,7.89127
u0036119:i1602613,7.89127
u0036119:i1655441,7.89127
u0036119:i1661382,7.89127
u0036119:i1666335,7.89127
u0036119:i1714915,7.89127
u0036119:i1715336,7.89127
u0036119:i1758795,7.89127
u0036119:i1767354,7.89127
u0036119:i1798684,7.89127
u0036119:i1798709,7.89127
u0036119:i1817273,7.89127
u0036119:i1829012,7.89127
u0036119:i1838520,7.89127
u0036119:i1904996,7.89127
u0036119:i1921064,7.89127
u0036119:i1922685,7.89127
u0036119:i1931602,7.89127
u0036119:i1971352,7.89127
u0036119:i1980929,7.89127
u0036119:i2004420,7.89127
u0036119:i2024469,7.89127
u0036119:i2084970,7.89127
u0036119:i2096672,7.89127
u0036119:i2103264,7.89127
u0036119:i2172935,7.89127
u0036119:i2179136,7.89127
u0036119:i2198241,7.89127
u0036119:i2199571,7.89127
u0036119:i2301592,7.89127
u0036119:i2316411,7.89127
u0036119:i2322441,7.89127
u0036119:i2350892,7.89127
u0036119:i2381941,7.89127
u0036119:i2395427,7.89127
u0036119:i2396566,7.89127
u0036119:i2402105,7.89127
u0036119:i2404181,7.89127
u0036119:i2404311,7.89127
u0036119:i2431286,7.89127
u0036119:i2557490,7.89127
u0036119:i2872732,7.89127
u0036119:i2883512,7.89127
u0036119:i2955096,7.89127
u0036119:i3007512,7.89127
u0036119:i3253930,7.89127
u0036119:i3345450,7.89127
u0036130:i0816692,7.17294
u0036130:i1023114,7.17294
u0036130:i1631867,7.17294
u0036130:i2084970,7.17294
u0036130:i2397535,7.17294
u0036130:i2582802,7.17294
u0036142:i1253864,7.30084
u0036142:i1764234,7.30084
u0036142:i2883512,7.30084
u0036149:i0111161,4.77752
u0036149:i0357413,6.29229
u0036149:i0381061,5.35961
u0036149:i0454921,4.32714
u0036149:i0816442,6.50244
u0036149:i0829482,4.57277
u0036149:i0831387,6.58094
u0036149:i0944835,5.14153
u0036149:i1086772,6.19574
u0036149:i1119646,5.42017
u0036149:i1205537,7.08091
u0036149:i1392214,5.5788
u0036149:i1631867,6.75295
u0036149:i1905041,6.30835
u0036149:i1924435,6.5676
u0036149:i2024469,6.18772
u0036149:i2103254,6.43353
u0036149:i2179136,6.87059
u0036149:i2312718,5.89879
u0036149:i2369135,6.52798
u0036149:i2557490,6.68541
u0036149:i2614684,6.39417
u0036149:i2713180,6.88501
u0036149:i2883512,6.75553
u0036161:i0816692,6.8232
u0036161:i2562232,6.8232
u0036161:i2802154,6.8232
u0036161:i3060492,6.8232
u0036165:i0104779,0
u0036165:i0406759,0
u0036165:i0407887,5.1621
u0036165:i0426578,3.64514
u0036165:i0765120,0
u0036199:i0105695,7.34963
u0036199:i0455944,7.34963
u0036199:i1872194,7.34963
u0036199:i2267998,7.34963
u0036199:i2582802,7.34963
u0036199:i2872718,7.34963
u0036236:i0367110,0
u0036236:i0871510,3.96299
u0036236:i1188996,5.92145
u0036246:i0119008,6.97
u0036246:i0120586,6.97
u0036246:i0264464,6.97
u0036246:i1187043,6.97
u0036246:i1197624,6.97
u0036246:i1213926,6.97
u0036246:i1772288,6.97
u0036246:i2381941,6.97
u0036259:i1566648,3.59248
u0036259:i2096673,6.7625
u0036259:i2562232,6.89267
u0036267:i0419946,3.8643
u0036267:i0470752,6.82167
u0036267:i1270798,6.01857
u0036267:i1300854,6.68729
u0036267:i1340138,6.63932
u0036267:i1392190,6.53851
u0036267:i1453405,4.53407
u0036267:i1483013,5.70958
u0036267:i1601913,4.45374
u0036267:i1631867,6.80118
u0036267:i1638002,6.24752
u0036267:i1731141,6.73261
u0036267:i1790864,6.55801
u0036267:i1798709,6.16714
u0036267:i1877832,6.26416
u0036267:i2106361,6.98529
u0036267:i2911666,7.01403
u0036267:i2952602,2.73317
u0036285:i0470752,7.7537
u0036285:i0493459,7.7537
u0036285:i1155076,7.7537
u0036285:i1193138,7.7537
u0036285:i1707386,7.7537
u0036285:i2267998,7.7537
u0036285:i2582802,7.7537
u0036285:i2872732,7.7537
u0036285:i3110960,7.7537
u0036285:i3268458,7.7537
u0036291:i0470752,7.50908
u0036291:i0816692,7.50908
u0036291:i1809398,7.50908
u0036291:i1951265,7.50908
u0036291:i1980929,7.50908
u0036291:i2322441,7.50908
u0036291:i2802144,7.50908
u0036291:i3698408,7.50908
u0036302:i1068646,3.18665
u0036302:i2125666,3.75975
u0036302:i3399024,6.81639
u0036314:i1392190,7.40058
u0036314:i2788710,7.40058
u0036314:i2802144,7.40058
u0036314:i3450650,7.40058
u0036319:i0365907,8.52265
u0036319:i2322441,8.52265
u0036319:i2614684,8.52265
u0036328:i0111161,7.3391
u0036328:i0137523,7.3391
u0036328:i0169547,7.3391
u0036328:i0418279,7.3391
u0036328:i0444182,7.3391
u0036328:i0478304,7.3391
u0036328:i0816692,7.3391
u0036328:i1055369,7.3391
u0036328:i1375666,7.3391
u0036328:i1675434,7.3391
u0036328:i2015381,7.3391
u0036328:i2084970,7.3391
u0036328:i2103281,7.3391
u0036328:i2245084,7.3391
u0036328:i2278388,7.3391
u0036328:i2305051,7.3391
u0036328:i2338151,7.3391
u0036328:i2446042,7.3391
u0036328:i2562232,7.3391
u0036328:i2582802,7.3391
u0036328:i2788710,7.3391
u0036328:i2980516,7.3391
u0036339:i0478970,7.60697
u0036339:i2293640,7.60697
u0036339:i2908446,7.60697
u0036339:i3149038,7.60697
u0036342:i0110357,5.48343
u0036342:i0433035,6.34257
u0036342:i1282140,5.86719
u0036342:i1291150,7.09408
u0036342:i1655441,6.43923
u0036342:i2918436,6.65035
u0036408:i0223152,7.70229
u0036408:i0358345,7.70229
u0036408:i0418778,7.70229
u0036408:i0419280,7.70229
u0036408:i0456630,7.70229
u0036408:i0468820,7.70229
u0036408:i0816692,7.70229
u0036408:i0843302,7.70229
u0036408:i1194661,7.70229
u0036408:i1586753,7.70229
u0036408:i1615147,7.70229
u0036408:i1649444,7.70229
u0036408:i2440362,7.70229
u0036408:i2493466,7.70229
u0036408:i2911666,7.70229
u0036408:i3037406,7.70229
u0036416:i0470752,8.08333
u0036416:i0816692,8.08333
u0036416:i1029360,8.08333
u0036416:i1567437,8.08333
u0036416:i1638002,8.08333
u0036416:i1666801,8.08333
u0036416:i1823672,8.08333
u0036416:i2395427,8.08333
u0036416:i2669336,8.08333
u0036416:i2802144,8.08333
u0036456:i0118799,7.41959
u0036456:i0265086,7.41959
u0036456:i1441395,7.41959
u0036456:i1954315,7.41959
u0036456:i2084970,7.41959
u0036456:i2179136,7.41959
u0036456:i2267998,7.41959
u0036456:i2278871,7.41959
u0036465:i1392190,6.54403
u0036465:i2562232,6.89996
u0036465:i2872718,6.92373
u0036473:i0477348,7.10271
u0036473:i1850397,7.10271
u0036473:i1951265,7.10271
u0036473:i2096673,7.10271
u0036473:i2179136,7.10271
u0036473:i2802144,7.10271
u0036486:i0816692,6.89727
u0036486:i1020072,6.89727
u0036486:i1091191,6.89727
u0036486:i1213663,6.89727
u0036486:i1291580,6.89727
u0036486:i1412386,6.89727
u0036486:i1535109,6.89727
u0036486:i1791682,6.89727
u0036486:i1798709,6.89727
u0036486:i1840309,6.89727
u0036486:i2039393,6.89727
u0036486:i2084970,6.89727
u0036486:i2179136,6.89727
u0036486:i2358891,6.89727
u0036486:i2376218,6.89727
u0036486:i2562232,6.89727
u0036486:i2669336,6.89727
u0036486:i2788710,6.89727
u0036486:i2893490,6.89727
u0036486:i2935476,6.89727
u0036486:i2980516,6.89727
u0036493:i0050083,7.60697
u0036493:i0070735,7.60697
u0036493:i0097937,7.60697
u0036493:i0099685,7.60697
u0036493:i0107207,7.60697
u0036493:i0109830,7.60697
u0036493:i0110912,7.60697
u0036493:i0111161,7.60697
u0036493:i0114369,7.60697
u0036493:i0120737,7.60697
u0036493:i0137523,7.60697
u0036493:i0166485,7.60697
u0036493:i0167260,7.60697
u0036493:i0167261,7.60697
u0036493:i0167404,7.60697
u0036493:i0172495,7.60697
u0036493:i0209144,7.60697
u0036493:i0268978,7.60697
u0036493:i0311113,7.60697
u0036493:i0332452,7.60697
u0036493:i0361748,7.60697
u0036493:i0369610,7.60697
u0036493:i0372784,7.60697
u0036493:i0381849,7.60697
u0036493:i0382625,7.60697
u0036493:i0421715,7.60697
u0036493:i0468569,7.60697
u0036493:i0478970,7.60697
u0036493:i0482571,7.60697
u0036493:i0496806,7.60697
u0036493:i0808151,7.60697
u0036493:i0816692,7.60697
u0036493:i0948470,7.60697
u0036493:i0988045,7.60697
u0036493:i1014763,7.60697
u0036493:i1020072,7.60697
u0036493:i1065073,7.60697
u0036493:i1099212,7.60697
u0036493:i1119646,7.60697
u0036493:i1126590,7.60697
u0036493:i1130884,7.60697
u0036493:i1148204,7.60697
u0036493:i1170358,7.60697
u0036493:i1291584,7.60697
u0036493:i1300854,7.60697
u0036493:i1318514,7.60697
u0036493:i1345836,7.60697
u0036493:i1375666,7.60697
u0036493:i1392190,7.60697
u0036493:i1411697,7.60697
u0036493:i1504320,7.60697
u0036493:i1798684,7.60697
u0036493:i1843866,7.60697
u0036493:i1853728,7.60697
u0036493:i1951261,7.60697
u0036493:i1979320,7.60697
u0036493:i2088003,7.60697
u0036493:i2126355,7.60697
u0036493:i2179136,7.60697
u0036493:i2180411,7.60697
u0036493:i2376218,7.60697
u0036493:i2446042,7.60697
u0036493:i2562232,7.60697
u0036493:i2713180,7.60697
u0036493:i2820852,7.60697
u0036493:i2872718,7.60697
u0036493:i3045616,7.60697
u0036493:i3316960,7.60697
u0036502:i0426883,6.94061
u0036502:i1524137,6.94061
u0036502:i1674771,6.94061
u0036502:i1964418,6.94061
u0036516:i1109624,7.44585
u0036516:i2084970,7.44585
u0036516:i2168000,7.44585
u0036516:i2245084,7.44585
u0036516:i2247566,7.44585
u0036516:i2582802,7.44585
u0036516:i2802144,7.44585
u0036516:i2820852,7.44585
u0036516:i2980648,7.44585
u0036516:i3958276,7.44585
u0036532:i0102926,8.59693
u0036532:i0120755,8.59693
u0036532:i0365907,8.59693
u0036532:i0427944,8.59693
u0036532:i0884732,8.59693
u0036532:i1205537,8.59693
u0036532:i1392190,8.59693
u0036532:i1392214,8.59693
u0036532:i2170439,8.59693
u0036532:i2278388,8.59693
u0036532:i2322441,8.59693
u0036532:i2333804,8.59693
u0036532:i2562232,8.59693
u0036532:i2582802,8.59693
u0036532:i2802144,8.59693
u0036532:i2872718,8.59693
u0036532:i2911666,8.59693
u0036555:i0478970,6.5238
u0036555:i1340138,6.65524
u0036555:i1638355,6.59971
u0036558:i0118799,5.69056
u0036558:i0468569,5.02396
u0036558:i1392190,6.54957
u0036558:i1588334,4.23045
u0036558:i1668200,0
u0036558:i1979320,6.59186
u0036558:i2179136,6.87799
u0036558:i2293640,6.6818
u0036558:i2582802,6.88692
u0036558:i2820852,6.60258
u0036558:i2908446,6.44232
u0036562:i2395427,6.35737
u0036562:i2562232,6.35737
u0036562:i3322940,6.35737
u0036580:i0174856,7.67
u0036580:i1065073,7.67
u0036580:i1100089,7.67
u0036580:i1655441,7.67
u0036580:i1725986,7.67
u0036580:i1767372,7.67
u0036580:i1798684,7.67
u0036580:i2084970,7.67
u0036580:i2126355,7.67
u0036580:i2179136,7.67
u0036580:i2268016,7.67
u0036580:i2381249,7.67
u0036580:i2381941,7.67
u0036580:i2562232,7.67
u0036580:i2582802,7.67
u0036580:i2802144,7.67
u0036580:i2820852,7.67
u0036580:i2872718,7.67
u0036580:i2980516,7.67
u0036580:i3316960,7.67
u0036582:i0117381,7.60697
u0036582:i0120586,7.60697
u0036582:i0278504,7.60697
u0036582:i0816692,7.60697
u0036582:i1598778,7.60697
u0036582:i1638002,7.60697
u0036582:i1840417,7.60697
u0036582:i1915581,7.60697
u0036582:i1972779,7.60697
u0036582:i2084970,7.60697
u0036582:i2203939,7.60697
u0036582:i2262227,7.60697
u0036582:i2278388,7.60697
u0036582:i2381941,7.60697
u0036582:i2562232,7.60697
u0036582:i2872718,7.60697
u0036582:i2980516,7.60697
u0036582:i4317898,7.60697
u0036632:i0114369,4.89201
u0036632:i0372784,6.23396
u0036632:i0468569,5.10125
u0036632:i0816692,6.38403
u0036632:i1114740,6.09348
u0036632:i1119646,5.57959
u0036632:i1345836,4.33865
u0036632:i1411697,5.88498
u0036632:i1924435,6.65402
u0036632:i2170439,6.74238
u0036632:i2245084,6.98706
u0036632:i2562232,6.90725
u0036632:i2582802,6.89452
u0036632:i2980516,6.92228
u0036646:i0168629,7.60697
u0036646:i2084970,7.60697
u0036646:i2209418,7.60697
u0036646:i2980516,7.60697
u0036649:i0057333,6.65571
u0036649:i0369610,6.65571
u0036649:i1791528,6.65571
u0036649:i2096673,6.65571
u0036649:i2465578,6.65571
u0036649:i2937898,6.65571
u0036649:i3211400,6.65571
u0036649:i3235888,6.65571
u0036649:i3720724,6.65571
u0036649:i3742378,6.65571
u0036649:i3841866,6.65571
u0036750:i1392190,6.94242
u0036750:i2084970,6.94242
u0036750:i2802144,6.94242
u0036750:i3079380,6.94242
u0036750:i3547740,6.94242
u0036764:i1758830,7.67
u0036764:i2561572,7.67
u0036764:i3007512,7.67
u0036764:i3316960,7.67
u0036775:i0390384,5.34862
u0036775:i1675192,6.65395
u0036775:i1706620,6.69597
u0036775:i1841490,0
u0036775:i2473794,6.67502
u0036782:i0369610,7.57085
u0036782:i0799954,7.57085
u0036782:i1454029,7.57085
u0036782:i1638364,7.57085
u0036782:i2562232,7.57085
u0036782:i2866360,7.57085
u0036782:i4044364,7.57085
u0036803:i1065073,7.46588
u0036803:i1392214,7.46588
u0036803:i1457767,7.46588
u0036803:i1872194,7.46588
u0036803:i2713180,7.46588
u0036803:i3011894,7.46588
u0036822:i0029957,0
u0036822:i0031885,0
u0036822:i0056119,6.38771
u0036822:i0092593,3.77649
u0036822:i0854678,0
u0036822:i0903657,6.31836
u0036822:i1014763,6.41531
u0036822:i1791682,6.89663
u0036822:i2404425,6.59374
u0036822:i2639254,7.14145
u0036822:i3365778,3.76227
u0036831:i1091191,7.1414
u0036831:i1211956,7.1414
u0036831:i2084970,7.1414
u0036831:i2179136,7.1414
u0036831:i2245084,7.1414
u0036831:i2293640,7.1414
u0036831:i2395427,7.1414
u0036831:i2802144,7.1414
u0036855:i0816692,6.39328
u0036855:i1392190,6.5551
u0036855:i2084970,6.73287
u0036855:i2179136,6.88539
u0036855:i2180411,6.75403
u0036855:i2310332,6.75687
u0036855:i2637294,6.95608
u0036855:i2784678,6.87545
u0036855:i2788710,7.01117
u0036855:i3034418,0
u0036866:i0113277,7.67
u0036866:i0120586,7.67
u0036866:i0369610,7.67
u0036866:i0443706,7.67
u0036866:i0829482,7.67
u0036866:i1392214,7.67
u0036866:i1951265,7.67
u0036866:i2084970,7.67
u0036866:i2278388,7.67
u0036866:i2310332,7.67
u0036866:i2562232,7.67
u0036866:i2820852,7.67
u0036866:i2872718,7.67
u0036866:i2908446,7.67
u0036866:i2980516,7.67
u0036879:i0816692,7.92598
u0036879:i1636849,7.92598
u0036879:i2084970,7.92598
u0036891:i0082010,7.56607
u0036891:i0088247,7.56607
u0036891:i0090728,7.56607
u0036891:i0097733,7.56607
u0036891:i0100802,7.56607
u0036891:i0103064,7.56607
u0036891:i0104714,7.56607
u0036891:i0108550,7.56607
u0036891:i0112851,7.56607
u0036891:i0116367,7.56607
u0036891:i0119528,7.56607
u0036891:i0122151,7.56607
u0036891:i0181852,7.56607
u0036891:i0209144,7.56607
u0036891:i0217756,7.56607
u0036891:i0278504,7.56607
u0036891:i0305224,7.56607
u0036891:i0357413,7.56607
u0036891:i0372784,7.56607
u0036891:i0381061,7.56607
u0036891:i0387564,7.56607
u0036891:i0405422,7.56607
u0036891:i0407887,7.56607
u0036891:i0418279,7.56607
u0036891:i0432348,7.56607
u0036891:i0438488,7.56607
u0036891:i0445990,7.56607
u0036891:i0446046,7.56607
u0036891:i0455944,7.56607
u0036891:i0457513,7.56607
u0036891:i0458481,7.56607
u0036891:i0468569,7.56607
u0036891:i0478311,7.56607
u0036891:i0478970,7.56607
u0036891:i0489237,7.56607
u0036891:i0489270,7.56607
u0036891:i0816692,7.56607
u0036891:i0829150,7.56607
u0036891:i0830515,7.56607
u0036891:i0890870,7.56607
u0036891:i0993846,7.56607
u0036891:i1043726,7.56607
u0036891:i1055369,7.56607
u0036891:i1057500,7.56607
u0036891:i1074638,7.56607
u0036891:i1077258,7.56607
u0036891:i1132626,7.56607
u0036891:i1172570,7.56607
u0036891:i1210819,7.56607
u0036891:i1233227,7.56607
u0036891:i1267297,7.56607
u0036891:i1297919,7.56607
u0036891:i1306980,7.56607
u0036891:i1321870,7.56607
u0036891:i1340138,7.56607
u0036891:i1375666,7.56607
u0036891:i1389127,7.56607
u0036891:i1389137,7.56607
u0036891:i1392190,7.56607
u0036891:i1418377,7.56607
u0036891:i1446714,7.56607
u0036891:i1477076,7.56607
u0036891:i1506999,7.56607
u0036891:i1528071,7.56607
u0036891:i1531663,7.56607
u0036891:i1596350,7.56607
u0036891:i1600196,7.56607
u0036891:i1617661,7.56607
u0036891:i1631867,7.56607
u0036891:i1637688,7.56607
u0036891:i1637706,7.56607
u0036891:i1641385,7.56607
u0036891:i1649419,7.56607
u0036891:i1694020,7.56607
u0036891:i1711425,7.56607
u0036891:i1747958,7.56607
u0036891:i1823672,7.56607
u0036891:i1971325,7.56607
u0036891:i2004420,7.56607
u0036891:i2040560,7.56607
u0036891:i2053463,7.56607
u0036891:i2084970,7.56607
u0036891:i2096672,7.56607
u0036891:i2101441,7.56607
u0036891:i2106361,7.56607
u0036891:i2109248,7.56607
u0036891:i2369396,7.56607
u0036891:i2395427,7.56607
u0036891:i2409818,7.56607
u0036891:i2713180,7.56607
u0036891:i2820852,7.56607
u0036891:i2872732,7.56607
u0036891:i2883512,7.56607
u0036892:i0862467,7.89127
u0036892:i1754656,7.89127
u0036892:i3745620,7.89127
u0036915:i0127170,7.65142
u0036915:i1872194,7.65142
u0036915:i2084970,7.65142
u0036956:i0816692,6.8697
u0036956:i2267998,6.8697
u0036956:i2381941,6.8697
u0036968:i0076759,5.23966
u0036968:i1216491,6.58653
u0036968:i1865425,3.45003
u0036978:i0047677,7.06092
u0036978:i0054416,7.06092
u0036978:i0059037,7.06092
u0036978:i0060934,7.06092
u0036978:i0065555,7.06092
u0036978:i0067959,7.06092
u0036978:i0068505,7.06092
u0036978:i0071402,7.06092
u0036978:i0071866,7.06092
u0036978:i0075029,7.06092
u0036978:i0076740,7.06092
u0036978:i0078950,7.06092
u0036978:i0082250,7.06092
u0036978:i0082694,7.06092
u0036978:i0085121,7.06092
u0036978:i0085210,7.06092
u0036978:i0089003,7.06092
u0036978:i0092099,7.06092
u0036978:i0092585,7.06092
u0036978:i0092857,7.06092
u0036978:i0095626,7.06092
u0036978:i0100507,7.06092
u0036978:i0104119,7.06092
u0036978:i0105219,7.06092
u0036978:i0107076,7.06092
u0036978:i0109578,7.06092
u0036978:i0114898,7.06092
u0036978:i0115986,7.06092
u0036978:i0116908,7.06092
u0036978:i0120647,7.06092
u0036978:i0278295,7.06092
u0036978:i0365907,7.06092
u0036978:i0369610,7.06092
u0036978:i0405159,7.06092
u0036978:i0435625,7.06092
u0036978:i0472033,7.06092
u0036978:i0816711,7.06092
u0036978:i0964517,7.06092
u0036978:i1259014,7.06092
u0036978:i1291584,7.06092
u0036978:i1340138,7.06092
u0036978:i1392190,7.06092
u0036978:i1397280,7.06092
u0036978:i1401152,7.06092
u0036978:i1421361,7.06092
u0036978:i1515091,7.06092
u0036978:i1545103,7.06092
u0036978:i1601913,7.06092
u0036978:i1638355,7.06092
u0036978:i1698652,7.06092
u0036978:i1742334,7.06092
u0036978:i1798684,7.06092
u0036978:i1823664,7.06092
u0036978:i1830713,7.06092
u0036978:i1899353,7.06092
u0036978:i2096673,7.06092
u0036978:i2172934,7.06092
u0036978:i2199571,7.06092
u0036978:i2231253,7.06092
u0036978:i2381249,7.06092
u0036978:i2402157,7.06092
u0036978:i2515034,7.06092
u0036978:i2713180,7.06092
u0036978:i2820852,7.06092
u0036978:i2911666,7.06092
u0036978:i3074780,7.06092
u0036978:i3079380,7.06092
u0036978:i3450650,7.06092
u0036978:i3966544,7.06092
u0036978:i4008652,7.06092
u0036979:i0095765,6.83384
u0036979:i2338151,6.83384
u0036979:i2980516,6.83384
u0037001:i0435651,6.97
u0037001:i0993842,6.97
u0037001:i1020072,6.97
u0037001:i1392190,6.97
u0037001:i1655441,6.97
u0037001:i1661199,6.97
u0037001:i1951265,6.97
u0037001:i2015381,6.97
u0037001:i2224026,6.97
u0037001:i2322441,6.97
u0037001:i2381941,6.97
u0037001:i2582802,6.97
u0037001:i3181822,6.97
u0037001:i3316960,6.97
u0037001:i3442006,6.97
u0037001:i3622592,6.97
u0037015:i0034583,5.35935
u0037015:i0043274,2.89389
u0037015:i0054331,5.85686
u0037015:i0070903,3.35487
u0037015:i0072431,6.10066
u0037015:i0076759,5.37755
u0037015:i0077631,5.98882
u0037015:i0078748,6.17687
u0037015:i0079574,5.00711
u0037015:i0079817,6.15111
u0037015:i0080339,6.4724
u0037015:i0080455,5.59914
u0037015:i0080684,5.80082
u0037015:i0081505,5.4642
u0037015:i0081534,0
u0037015:i0082198,6.13532
u0037015:i0082427,3.41692
u0037015:i0083944,6.68758
u0037015:i0085959,4.54137
u0037015:i0086190,5.42603
u0037015:i0086197,3.55401
u0037015:i0087363,3.75128
u0037015:i0089880,6.59512
u0037015:i0089927,5.72591
u0037015:i0090605,5.83489
u0037015:i0091203,5.74967
u0037015:i0092099,6.8406
u0037015:i0092563,6.06051
u0037015:i0093191,5.16332
u0037015:i0095801,0
u0037015:i0095956,6.06955
u0037015:i0096895,5.37992
u0037015:i0099685,6.11619
u0037015:i0099700,3.17785
u0037015:i0100133,0
u0037015:i0102926,5.39039
u0037015:i0103241,0
u0037015:i0103644,5.73246
u0037015:i0107808,4.9927
u0037015:i0110413,4.80943
u0037015:i0111282,5.22952
u0037015:i0115571,0
u0037015:i0116209,4.97276
u0037015:i0117951,5.37554
u0037015:i0118583,4.76113
u0037015:i0118884,6.49008
u0037015:i0119116,4.87906
u0037015:i0119177,6.38872
u0037015:i0119223,0
u0037015:i0119654,6.15733
u0037015:i0120434,3.39232
u0037015:i0120731,4.87944
u0037015:i0120802,0
u0037015:i0120912,6.42724
u0037015:i0120915,4.99192
u0037015:i0121765,4.46522
u0037015:i0121766,4.65827
u0037015:i0126886,6.90199
u0037015:i0133093,6.48293
u0037015:i0142688,3.77439
u0037015:i0147800,4.30909
u0037015:i0161081,5.18878
u0037015:i0167260,4.36332
u0037015:i0167261,3.91356
u0037015:i0169547,5.9935
u0037015:i0171433,0
u0037015:i0196229,6.2016
u0037015:i0203009,5.50021
u0037015:i0205000,3.86115
u0037015:i0208092,5.58875
u0037015:i0211915,6.37761
u0037015:i0219854,0
u0037015:i0234215,6.58014
u0037015:i0240772,5.3265
u0037015:i0242653,6.59281
u0037015:i0244244,4.72562
u0037015:i0246578,5.96652
u0037015:i0277371,5.8165
u0037015:i0288477,3.75454
u0037015:i0311429,4.08286
u0037015:i0315327,4.57098
u0037015:i0328832,5.43306
u0037015:i0360486,5.59874
u0037015:i0364569,4.98026
u0037015:i0367594,5.60493
u0037015:i0381061,5.64169
u0037015:i0397101,0
u0037015:i0399146,6.88359
u0037015:i0399295,5.19124
u0037015:i0434409,6.07057
u0037015:i0449467,4.83021
u0037015:i0477348,6.16844
u0037015:i0758758,5.79224
u0037015:i0765443,5.98332
u0037015:i0780504,6.25442
u0037015:i0816692,6.40255
u0037015:i0830515,6.17
u0037015:i0918927,5.44268
u0037015:i0988045,6.87476
u0037015:i1119646,5.74369
u0037015:i1130884,4.75796
u0037015:i1190080,6.1884
u0037015:i1219289,6.2669
u0037015:i1242460,5.97235
u0037015:i1374992,6.3101
u0037015:i1375666,5.46003
u0037015:i1392214,5.65737
u0037015:i1409024,6.88626
u0037015:i1446714,6.5313
u0037015:i1450321,6.65912
u0037015:i1504320,6.18894
u0037015:i1515091,5.71315
u0037015:i1587828,0
u0037015:i1596365,4.43991
u0037015:i1605783,5.7805
u0037015:i1675434,5.32989
u0037015:i1714915,6.7956
u0037015:i1790864,6.5957
u0037015:i1798709,6.23885
u0037015:i1877832,6.34345
u0037015:i1951264,5.60313
u0037015:i1951265,6.82132
u0037015:i2017038,6.08611
u0037015:i2084970,6.73984
u0037015:i2177771,6.87277
u0037015:i2223990,6.6919
u0037015:i2267998,6.56175
u0037015:i2278388,6.5722
u0037015:i2343601,0
u0037015:i2419284,0
u0037015:i2872718,6.93511
u0037015:i2872732,6.63911
u0037026:i0105323,4.13228
u0037026:i0109642,0
u0037026:i0118607,6.44637
u0037026:i0119008,5.78504
u0037026:i0253474,5.05282
u0037026:i0421715,5.36978
u0037026:i0476735,3.26852
u0037026:i1398426,6.64011
u0037028:i1065073,7.60697
u0037028:i2179136,7.60697
u0037028:i2321549,7.60697
u0037028:i2562232,7.60697
u0037028:i2582802,7.60697
u0037028:i3455224,7.60697
u0037036:i0884732,6.08757
u0037036:i1121096,6.08757
u0037036:i1502712,6.08757
u0037036:i1638002,6.08757
u0037036:i1661199,6.08757
u0037036:i1826590,6.08757
u0037036:i1840309,6.08757
u0037036:i1924396,6.08757
u0037036:i1972779,6.08757
u0037036:i2034031,6.08757
u0037036:i2084970,6.08757
u0037036:i2245084,6.08757
u0037036:i2272918,6.08757
u0037036:i2322441,6.08757
u0037036:i2381249,6.08757
u0037036:i2395427,6.08757
u0037036:i2679042,6.08757
u0037036:i2802144,6.08757
u0037036:i2820852,6.08757
u0037036:i2908446,6.08757
u0037036:i3450650,6.08757
u0037039:i0071562,4.67931
u0037039:i0421715,5.51894
u0037039:i0482571,4.52736
u0037039:i1345836,4.4272
u0037039:i1675434,5.4234
u0037039:i3713166,6.3387
u0037078:i0044706,4.29391
u0037078:i0045943,0
u0037078:i0047296,5.04179
u0037078:i0050083,5.26561
u0037078:i0058461,6.43118
u0037078:i0059578,3.80985
u0037078:i0060196,5.69654
u0037078:i0062229,4.24276
u0037078:i0064115,6.03166
u0037078:i0064116,5.6583
u0037078:i0068646,4.70096
u0037078:i0070735,6.11944
u0037078:i0071562,4.80578
u0037078:i0072890,4.72618
u0037078:i0075029,5.45617
u0037078:i0075314,5.84645
u0037078:i0078718,3.5812
u0037078:i0078788,6.11918
u0037078:i0086250,4.77841
u0037078:i0099674,4.2782
u0037078:i0104348,3.72424
u0037078:i0105323,4.27986
u0037078:i0105695,4.86205
u0037078:i0107207,6.46543
u0037078:i0108052,6.17625
u0037078:i0110912,5.31448
u0037078:i0112573,5.64238
u0037078:i0113277,6.14413
u0037078:i0114369,4.94889
u0037078:i0114814,5.26916
u0037078:i0117381,5.57115
u0037078:i0117913,5.61954
u0037078:i0118548,3.54716
u0037078:i0118715,6.35806
u0037078:i0118971,5.17538
u0037078:i0119008,5.97166
u0037078:i0119038,5.32713
u0037078:i0119217,5.95739
u0037078:i0119488,5.83533
u0037078:i0120586,5.52531
u0037078:i0120689,4.23672
u0037078:i0120815,5.81238
u0037078:i0137523,5.56985
u0037078:i0140352,6.0484
u0037078:i0159273,5.90089
u0037078:i0172495,5.28553
u0037078:i0208092,5.71872
u0037078:i0209144,5.58509
u0037078:i0215750,4.73787
u0037078:i0253474,5.14305
u0037078:i0278504,5.79446
u0037078:i0327056,6.38489
u0037078:i0332452,6.9049
u0037078:i0352248,5.39604
u0037078:i0361748,5.74106
u0037078:i0369339,5.8736
u0037078:i0379889,0
u0037078:i0381849,5.59962
u0037078:i0405159,5.48458
u0037078:i0407887,5.24536
u0037078:i0416449,5.61224
u0037078:i0443706,6.39903
u0037078:i0452623,6.4816
u0037078:i0477348,6.29181
u0037078:i0478970,6.53464
u0037078:i0482571,4.58325
u0037078:i0804522,5.26672
u0037078:i0840361,5.41503
u0037078:i0964517,5.47293
u0037078:i1024648,5.30937
u0037078:i1130884,4.83005
u0037078:i1152836,5.10141
u0037078:i1193138,6.50152
u0037078:i1205489,5.57855
u0037078:i1253863,6.57499
u0037078:i1291584,5.22725
u0037078:i1389096,2.54915
u0037078:i1392190,6.56064
u0037078:i1392214,5.73705
u0037078:i1403865,6.52531
u0037078:i1601913,4.71572
u0037078:i1675434,5.51854
u0037078:i1798684,6.40573
u0037078:i1809398,6.8255
u0037078:i1853728,4.79868
u0037078:i1855199,5.50013
u0037078:i1924435,6.74157
u0037078:i2039393,6.61746
u0037078:i2084970,6.74683
u0037078:i2179136,6.89281
u0037078:i2234003,7.02869
u0037078:i2278388,6.59618
u0037078:i2316411,6.65169
u0037078:i2381941,6.78448
u0037078:i2446042,6.89474
u0037078:i2493486,6.03512
u0037078:i2582802,6.90213
u0037078:i2637276,6.27152
u0037078:i2713180,6.90214
u0037078:i2872718,6.94652
u0037078:i2980516,6.9315
u0037078:i2991224,5.92124
u0037083:i0452702,6.91805
u0037083:i0816692,6.91805
u0037083:i1243974,6.91805
u0037083:i1355630,6.91805
u0037083:i1398426,6.91805
u0037083:i1528100,6.91805
u0037083:i1698641,6.91805
u0037083:i2381941,6.91805
u0037083:i2820852,6.91805
u0037087:i0369610,6.72612
u0037087:i1714915,6.99548
u0037087:i2096673,6.77727
u0037087:i2404425,6.66102
u0037087:i3079380,6.59561
u0037110:i1340138,6.6712
u0037110:i2120120,6.35798
u0037110:i2293640,6.70584
u0037110:i2305051,6.99744
u0037110:i2333598,3.89592
u0037110:i2381249,6.57889
u0037110:i3062880,4.95375
u0037110:i3195644,6.614
u0037110:i3235888,6.87233
u0037110:i4126304,5.37501
u0037117:i0104952,8.11235
u0037117:i0129290,8.11235
u0037117:i0309698,8.11235
u0037117:i0332280,8.11235
u0037117:i0397313,8.11235
u0037117:i0401445,8.11235
u0037117:i0409182,8.11235
u0037117:i0458525,8.11235
u0037117:i0790636,8.11235
u0037117:i0899106,8.11235
u0037117:i1247690,8.11235
u0037117:i1253863,8.11235
u0037117:i1790864,8.11235
u0037117:i1854564,8.11235
u0037117:i2084970,8.11235
u0037117:i2179136,8.11235
u0037117:i2267998,8.11235
u0037117:i2372678,8.11235
u0037117:i2562232,8.11235
u0037117:i2882328,8.11235
u0037128:i2376218,5.85759
u0037128:i2820852,6.61128
u0037128:i2908446,6.46022
u0037129:i0089880,7.91357
u0037129:i0120382,7.91357
u0037129:i0246578,7.91357
u0037129:i0430105,7.91357
u0037129:i0455944,7.91357
u0037129:i0468489,7.91357
u0037129:i0493464,7.91357
u0037129:i0780571,7.91357
u0037129:i0816692,7.91357
u0037129:i0880578,7.91357
u0037129:i0988045,7.91357
u0037129:i1024648,7.91357
u0037129:i1034032,7.91357
u0037129:i1320253,7.91357
u0037129:i1450321,7.91357
u0037129:i1528100,7.91357
u0037129:i1872194,7.91357
u0037129:i2061712,7.91357
u0037129:i2084970,7.91357
u0037129:i2096673,7.91357
u0037129:i2126355,7.91357
u0037129:i2179136,7.91357
u0037129:i2224026,7.91357
u0037129:i2245084,7.91357
u0037129:i2267998,7.91357
u0037129:i2317225,7.91357
u0037129:i2404463,7.91357
u0037129:i2446042,7.91357
u0037129:i2562232,7.91357
u0037129:i2802144,7.91357
u0037129:i2820852,7.91357
u0037129:i2872718,7.91357
u0037129:i2980516,7.91357
u0037166:i0101765,8.62494
u0037166:i0151804,8.62494
u0037166:i0202434,8.62494
u0037166:i0405094,8.62494
u0037166:i0851578,8.62494
u0037166:i2717822,8.62494
u0037166:i3398268,8.62494
u0037192:i1714206,6.5691
u0037192:i2205697,6.33073
u0037192:i2562232,6.91455
u0037196:i0243655,7.67
u0037196:i0369610,7.67
u0037196:i1085492,7.67
u0037196:i1340138,7.67
u0037196:i1392190,7.67
u0037196:i1502712,7.67
u0037196:i1625346,7.67
u0037196:i1674771,7.67
u0037196:i1706598,7.67
u0037196:i1725986,7.67
u0037196:i1767372,7.67
u0037196:i1791682,7.67
u0037196:i1810683,7.67
u0037196:i1964418,7.67
u0037196:i2096673,7.67
u0037196:i2097298,7.67
u0037196:i2126355,7.67
u0037196:i2139555,7.67
u0037196:i2199571,7.67
u0037196:i2273657,7.67
u0037196:i2381249,7.67
u0037196:i2395427,7.67
u0037196:i2402101,7.67
u0037196:i2404299,7.67
u0037196:i2436386,7.67
u0037196:i2561572,7.67
u0037196:i2637276,7.67
u0037196:i2788716,7.67
u0037196:i2848292,7.67
u0037196:i2883434,7.67
u0037196:i2933544,7.67
u0037196:i2948790,7.67
u0037196:i2962876,7.67
u0037196:i2967224,7.67
u0037196:i2980472,7.67
u0037196:i3079380,7.67
u0037196:i3152624,7.67
u0037196:i3233418,7.67
u0037196:i3289712,7.67
u0037196:i3442990,7.67
u0037196:i3534602,7.67
u0037196:i3622592,7.67
u0037196:i3910602,7.67
u0037196:i4382552,7.67
u0037202:i2084970,5.85155
u0037202:i2562232,5.85155
u0037202:i2582802,5.85155
u0037202:i2980516,5.85155
u0037266:i0424024,6.94061
u0037266:i1809398,6.94061
u0037266:i2039393,6.94061
u0037266:i2084970,6.94061
u0037266:i2872718,6.94061
u0037269:i0064115,7.60697
u0037269:i0420223,7.60697
u0037269:i1931533,7.60697
u0037273:i0078480,3.65652
u0037273:i0367959,6.48949
u0037273:i1392170,4.6455
u0037289:i0034583,7.70813
u0037289:i0790736,7.70813
u0037289:i0810913,7.70813
u0037289:i1790864,7.70813
u0037289:i1840309,7.70813
u0037289:i2872732,7.70813
u0037306:i0063663,4.2892
u0037306:i1065073,6.85075
u0037306:i1483013,5.8337
u0037306:i1843866,6.43375
u0037306:i1981115,6.06285
u0037306:i2084970,6.75382
u0037306:i2692904,7.15308
u0037306:i2872718,6.95795
u0037306:i3416744,6.27035
u0037318:i0070917,6.87684
u0037318:i0087414,6.87684
u0037318:i0104684,6.87684
u0037318:i0111512,6.87684
u0037318:i0113824,6.87684
u0037318:i1038988,6.87684
u0037318:i1310504,6.87684
u0037318:i1823672,6.87684
u0037318:i1979319,6.87684
u0037318:i2246565,6.87684
u0037318:i2366608,6.87684
u0037318:i2802144,6.87684
u0037318:i3029556,6.87684
u0037318:i3029558,6.87684
u0037318:i3205376,6.87684
u0037318:i3235888,6.87684
u0037318:i3264102,6.87684
u0037318:i3472226,6.87684
u0037318:i3995006,6.87684
u0037330:i0080120,6.49179
u0037330:i0088247,6.49179
u0037330:i0092099,6.49179
u0037330:i0099371,6.49179
u0037330:i0103064,6.49179
u0037330:i0107290,6.49179
u0037330:i0257076,6.49179
u0037330:i0292506,6.49179
u0037330:i0320691,6.49179
u0037330:i0369339,6.49179
u0037330:i0470752,6.49179
u0037330:i1038686,6.49179
u0037330:i1049413,6.49179
u0037330:i1058017,6.49179
u0037330:i1172570,6.49179
u0037330:i1323045,6.49179
u0037330:i1340138,6.49179
u0037330:i1392190,6.49179
u0037330:i2084970,6.49179
u0037330:i2179136,6.49179
u0037330:i2199571,6.49179
u0037330:i2224026,6.49179
u0037330:i2245084,6.49179
u0037330:i2395427,6.49179
u0037330:i2446042,6.49179
u0037330:i2561572,6.49179
u0037330:i2802144,6.49179
u0037330:i2911666,6.49179
u0037335:i0433035,7.60697
u0037335:i0790636,7.60697
u0037335:i0816692,7.60697
u0037335:i1121096,7.60697
u0037335:i1220719,7.60697
u0037335:i1305806,7.60697
u0037335:i1392190,7.60697
u0037335:i1601913,7.60697
u0037335:i1980929,7.60697
u0037335:i2179136,7.60697
u0037335:i2245084,7.60697
u0037335:i2322441,7.60697
u0037335:i2381941,7.60697
u0037335:i2582802,7.60697
u0037335:i2713180,7.60697
u0037335:i2802144,7.60697
u0037335:i2820852,7.60697
u0037335:i2872718,7.60697
u0037335:i2883512,7.60697
u0037335:i2980516,7.60697
u0037335:i3005242,7.60697
u0037367:i1258197,7.67
u0037367:i1587707,7.67
u0037367:i1626146,7.67
u0037367:i1731141,7.67
u0037367:i1772288,7.67
u0037367:i2273657,7.67
u0037367:i2980472,7.67
u0037374:i0172495,7.67
u0037374:i1340138,7.67
u0037374:i1772264,7.67
u0037374:i2084970,7.67
u0037374:i2199571,7.67
u0037374:i2395427,7.67
u0037374:i2820852,7.67
u0037374:i2870612,7.67
u0037374:i2908446,7.67
u0037374:i2980516,7.67
u0037374:i3079380,7.67
u0037376:i0085794,7.54539
u0037376:i0103074,7.54539
u0037376:i0104694,7.54539
u0037376:i0112471,7.54539
u0037376:i0381681,7.54539
u0037376:i1065073,7.54539
u0037376:i1571249,7.54539
u0037376:i1587310,7.54539
u0037376:i1714915,7.54539
u0037376:i1790864,7.54539
u0037376:i2039345,7.54539
u0037376:i2872732,7.54539
u0037376:i3177316,7.54539
u0037383:i0079501,7.4686
u0037383:i0114369,7.4686
u0037383:i0382625,7.4686
u0037383:i0488120,7.4686
u0037383:i0808151,7.4686
u0037383:i0910554,7.4686
u0037383:i0944835,7.4686
u0037383:i0983193,7.4686
u0037383:i1065073,7.4686
u0037383:i1253863,7.4686
u0037383:i1289406,7.4686
u0037383:i1392190,7.4686
u0037383:i1405365,7.4686
u0037383:i1528100,7.4686
u0037383:i1646971,7.4686
u0037383:i1650554,7.4686
u0037383:i1654523,7.4686
u0037383:i1726592,7.4686
u0037383:i1731141,7.4686
u0037383:i1790864,7.4686
u0037383:i1951265,7.4686
u0037383:i1972571,7.4686
u0037383:i2042568,7.4686
u0037383:i2084970,7.4686
u0037383:i2170593,7.4686
u0037383:i2172985,7.4686
u0037383:i2245084,7.4686
u0037383:i2247476,7.4686
u0037383:i2262227,7.4686
u0037383:i2381941,7.4686
u0037383:i2395427,7.4686
u0037383:i2582802,7.4686
u0037383:i2802144,7.4686
u0037383:i2848292,7.4686
u0037383:i3045616,7.4686
u0037383:i3149038,7.4686
u0037383:i3233418,7.4686
u0037402:i0089155,7.17675
u0037402:i0108358,7.17675
u0037402:i0151804,7.17675
u0037402:i2358925,7.17675
u0037402:i3079380,7.17675
u0037403:i1029360,7.43867
u0037403:i1340138,7.43867
u0037403:i1392190,7.43867
u0037403:i2096673,7.43867
u0037403:i2125496,7.43867
u0037403:i2309260,7.43867
u0037403:i2381249,7.43867
u0037403:i2637276,7.43867
u0037403:i3195644,7.43867
u0037413:i2322441,7.96204
u0037413:i2395427,7.96204
u0037413:i2446042,7.96204
u0037413:i2582802,7.96204
u0037428:i1754656,7.90696
u0037428:i2015381,7.90696
u0037428:i2310332,7.90696
u0037428:i2312718,7.90696
u0037428:i2883512,7.90696
u0037441:i0829150,8.3
u0037441:i0831387,8.3
u0037441:i0892769,8.3
u0037441:i1126590,8.3
u0037441:i1698641,8.3
u0037441:i1853614,8.3
u0037441:i1872181,8.3
u0037441:i2229499,8.3
u0037441:i2278388,8.3
u0037441:i2310332,8.3
u0037441:i2321549,8.3
u0037441:i3948438,8.3
u0037444:i0098206,7.50908
u0037444:i1204977,7.50908
u0037444:i2339741,7.50908
u0037444:i2752772,7.50908
u0037444:i2900822,7.50908
u0037444:i3727662,7.50908
u0037465:i0087884,7.67
u0037465:i0115988,7.67
u0037465:i0353969,7.67
u0037465:i1255953,7.67
u0037465:i1666801,7.67
u0037465:i2106476,7.67
u0037465:i2515030,7.67
u0037465:i3007512,7.67
u0037465:i3011894,7.67
u0037465:i3042408,7.67
u0037519:i1126590,8.30735
u0037519:i1600196,8.30735
u0037519:i2381941,8.30735
u0037519:i2622874,8.30735
u0037538:i1979320,6.69486
u0037538:i2545118,6.8527
u0037538:i3455224,6.95306
u0037561:i0050976,6.30129
u0037561:i0478970,6.30129
u0037561:i0485947,6.30129
u0037561:i0816692,6.30129
u0037561:i0907657,6.30129
u0037561:i1499658,6.30129
u0037561:i1712170,6.30129
u0037561:i1798684,6.30129
u0037561:i2096673,6.30129
u0037561:i2381249,6.30129
u0037561:i2381941,6.30129
u0037561:i2562232,6.30129
u0037561:i2870756,6.30129
u0037561:i2872718,6.30129
u0037561:i3079380,6.30129
u0037561:i3541262,6.30129
u0037561:i3622592,6.30129
u0037571:i0199725,6.77797
u0037571:i0455944,6.77797
u0037571:i0829150,6.77797
u0037571:i1267297,6.77797
u0037571:i1340138,6.77797
u0037571:i1392190,6.77797
u0037571:i1504320,6.77797
u0037571:i1632708,6.77797
u0037571:i1840309,6.77797
u0037571:i2203939,6.77797
u0037571:i2381941,6.77797
u0037571:i2395427,6.77797
u0037571:i2713180,6.77797
u0037571:i2802144,6.77797
u0037571:i2820852,6.77797
u0037595:i0085678,6.83384
u0037595:i0090837,6.83384
u0037595:i0432291,6.83384
u0037595:i1823672,6.83384
u0037595:i2802144,6.83384
u0037606:i0017925,6.61903
u0037606:i0057565,6.61903
u0037606:i0061578,6.61903
u0037606:i0470752,6.61903
u0037606:i0903624,6.61903
u0037606:i1126590,6.61903
u0037606:i1674771,6.61903
u0037606:i1791528,6.61903
u0037606:i1809398,6.61903
u0037606:i1853739,6.61903
u0037606:i1942971,6.61903
u0037606:i1980929,6.61903
u0037606:i2265398,6.61903
u0037606:i2294493,6.61903
u0037606:i2322441,6.61903
u0037606:i2366608,6.61903
u0037606:i2582802,6.61903
u0037606:i2872718,6.61903
u0037606:i2937898,6.61903
u0037606:i3813310,6.61903
u0037614:i0093072,8.11667
u0037614:i0106246,8.11667
u0037614:i0107290,8.11667
u0037614:i0117571,8.11667
u0037614:i0369610,8.11667
u0037614:i0470752,8.11667
u0037614:i0478970,8.11667
u0037614:i0884732,8.11667
u0037614:i1020072,8.11667
u0037614:i1340138,8.11667
u0037614:i1362058,8.11667
u0037614:i1502712,8.11667
u0037614:i1661199,8.11667
u0037614:i1674771,8.11667
u0037614:i1798684,8.11667
u0037614:i1823672,8.11667
u0037614:i1853739,8.11667
u0037614:i1964418,8.11667
u0037614:i2096673,8.11667
u0037614:i2199571,8.11667
u0037614:i2245084,8.11667
u0037614:i2268016,8.11667
u0037614:i2293640,8.11667
u0037614:i2305051,8.11667
u0037614:i2358925,8.11667
u0037614:i2381249,8.11667
u0037614:i2387433,8.11667
u0037614:i2561572,8.11667
u0037614:i2637276,8.11667
u0037614:i2802144,8.11667
u0037614:i2848292,8.11667
u0037614:i3079380,8.11667
u0037614:i3149038,8.11667
u0037614:i3235888,8.11667
u0037614:i3321300,8.11667
u0037614:i4660980,8.11667
u0037638:i0068646,6.37331
u0037638:i0071562,6.37331
u0037638:i0088847,6.37331
u0037638:i0099674,6.37331
u0037638:i0102926,6.37331
u0037638:i0105236,6.37331
u0037638:i0230600,6.37331
u0037638:i0407887,6.37331
u0037638:i0816442,6.37331
u0037638:i1126590,6.37331
u0037638:i1850397,6.37331
u0037638:i1924396,6.37331
u0037638:i2106476,6.37331
u0037638:i2562232,6.37331
u0037638:i2582802,6.37331
u0037638:i3179568,6.37331
u0037641:i1535109,4.92179
u0037641:i1855199,5.65727
u0037641:i1872194,6.92752
u0037641:i2343793,5.69386
u0037641:i2883512,6.80344
u0037657:i0300051,7.39052
u0037657:i1086772,7.39052
u0037657:i1650554,7.39052
u0037657:i2294449,7.39052
u0037657:i2390361,7.39052
u0037657:i2567712,7.39052
u0037667:i0059825,3.32188
u0037667:i0070735,6.34609
u0037667:i0080761,6.12618
u0037667:i0082010,3.59998
u0037667:i0084522,5.49933
u0037667:i0086320,4.37666
u0037667:i0087277,6.16672
u0037667:i0087538,5.44556
u0037667:i0088794,0
u0037667:i0089839,0
u0037667:i0091080,5.03776
u0037667:i0094072,3.66423
u0037667:i0103112,0
u0037667:i0104647,0
u0037667:i0108358,5.731
u0037667:i0112697,6.37602
u0037667:i0120082,6.02991
u0037667:i0389860,5.79773
u0037667:i1068242,5.37692
u0037667:i2395427,6.82353
u0037667:i2557490,6.80068
u0037683:i0107207,7.51268
u0037683:i0275277,7.51268
u0037683:i0369610,7.51268
u0037683:i0431197,7.51268
u0037683:i0470752,7.51268
u0037683:i1065073,7.51268
u0037683:i1105263,7.51268
u0037683:i1340138,7.51268
u0037683:i2024544,7.51268
u0037683:i2084970,7.51268
u0037683:i2179136,7.51268
u0037683:i2345737,7.51268
u0037683:i2395427,7.51268
u0037683:i2562232,7.51268
u0037683:i2872718,7.51268
u0037683:i2911666,7.51268
u0037697:i1340138,7.1458
u0037697:i1392190,7.1458
u0037697:i1823672,7.1458
u0037697:i2084970,7.1458
u0037697:i2126355,7.1458
u0037697:i2381249,7.1458
u0037697:i2395427,7.1458
u0037697:i2980516,7.1458
u0037697:i3136646,7.1458
u0037697:i3237406,7.1458
u0037707:i0884732,6.83384
u0037707:i2561572,6.83384
u0037707:i2820852,6.83384
u0037730:i1586265,5.87692
u0037730:i2446042,5.87692
u0037730:i3079380,5.87692
u0037756:i1617661,7.60697
u0037756:i1821480,7.60697
u0037756:i1980929,7.60697
u0037756:i2179136,7.60697
u0037756:i2356180,7.60697
u0037756:i2381249,7.60697
u0037756:i2397535,7.60697
u0037756:i2562232,7.60697
u0037756:i2582802,7.60697
u0037756:i2737050,7.60697
u0037756:i2883512,7.60697
u0037756:i2980516,7.60697
u0037756:i3469910,7.60697
u0037756:i3506606,7.60697
u0037756:i3689910,7.60697
u0037756:i3756788,7.60697
u0037757:i1086772,7.5703
u0037757:i2171867,7.5703
u0037757:i2381941,7.5703
u0037757:i2446042,7.5703
u0037757:i2562232,7.5703
u0037757:i2884206,7.5703
u0037757:i2911666,7.5703
u0037782:i0840361,5.5897
u0037782:i1657510,5.54768
u0037782:i1670345,6.45343
u0037782:i2180411,6.78902
u0037782:i2637276,6.29631
u0037782:i3316960,6.76098
u0037814:i1843866,6.53099
u0037814:i1924435,6.53099
u0037814:i1956620,6.53099
u0037814:i1979320,6.53099
u0037814:i2042568,6.53099
u0037814:i2177771,6.53099
u0037814:i2209764,6.53099
u0037814:i2369135,6.53099
u0037814:i2980516,6.53099
u0037826:i1502712,6.50999
u0037826:i1524575,6.23904
u0037826:i1798684,6.42981
u0037826:i1841642,6.4264
u0037826:i2679042,6.25452
u0037826:i3235888,6.89759
u0037826:i3345450,3.94564
u0037826:i4643580,3.81339
u0037833:i1605717,7.49469
u0037833:i2562232,7.49469
u0037833:i2884206,7.49469
u0037838:i0816692,7.92598
u0037838:i1528100,7.92598
u0037838:i1823672,7.92598
u0037838:i2179136,7.92598
u0037838:i2300975,7.92598
u0037838:i2310332,7.92598
u0037838:i2381941,7.92598
u0037838:i2562232,7.92598
u0037838:i2650978,7.92598
u0037838:i2911666,7.92598
u0037838:i3322940,7.92598
u0037841:i0080761,7.05411
u0037841:i0082418,7.05411
u0037841:i0083972,7.05411
u0037841:i0087298,7.05411
u0037841:i0089173,7.05411
u0037841:i0091080,7.05411
u0037841:i0095179,7.05411
u0037841:i0097388,7.05411
u0037841:i0107254,7.05411
u0037841:i1065073,7.05411
u0037841:i1109624,7.05411
u0037841:i1409024,7.05411
u0037841:i1596343,7.05411
u0037841:i1905041,7.05411
u0037841:i1935896,7.05411
u0037841:i1951265,7.05411
u0037841:i2179136,7.05411
u0037841:i2278388,7.05411
u0037841:i2395427,7.05411
u0037841:i2910814,7.05411
u0037841:i2926810,7.05411
u0037841:i3181822,7.05411
u0037841:i3316960,7.05411
u0037867:i0963178,7.50515
u0037867:i1211956,7.50515
u0037867:i1385826,7.50515
u0037867:i2911666,7.50515
u0037874:i0035151,7.67
u0037874:i0083062,7.67
u0037874:i1645170,7.67
u0037877:i0369610,7.60697
u0037877:i0478970,7.60697
u0037877:i2293640,7.60697
u0037877:i4222718,7.60697
u0037885:i0443272,7.60697
u0037885:i0458481,7.60697
u0037885:i1124035,7.60697
u0037885:i1285016,7.60697
u0037885:i1340800,7.60697
u0037885:i1355630,7.60697
u0037885:i1972571,7.60697
u0037885:i2103281,7.60697
u0037885:i2267998,7.60697
u0037885:i2388715,7.60697
u0037885:i2402157,7.60697
u0037885:i2544766,7.60697
u0037885:i2557490,7.60697
u0037887:i0369610,6.73344
u0037887:i2381249,6.59065
u0037887:i2395427,6.83093
u0037890:i0319531,7.26922
u0037890:i0369610,7.26922
u0037890:i0434409,7.26922
u0037890:i0467406,7.26922
u0037890:i0816692,7.26922
u0037890:i0964517,7.26922
u0037890:i1029360,7.26922
u0037890:i1045658,7.26922
u0037890:i1121096,7.26922
u0037890:i1519461,7.26922
u0037890:i1798709,7.26922
u0037890:i2126355,7.26922
u0037890:i2199571,7.26922
u0037890:i2293640,7.26922
u0037890:i2802144,7.26922
u0037890:i2820852,7.26922
u0037926:i0787474,7.05001
u0037926:i0816692,6.41183
u0037926:i0993846,6.40598
u0037926:i1086772,6.31723
u0037926:i1371150,7.02519
u0037926:i1535109,5.03625
u0037926:i1798709,6.31139
u0037926:i1877832,6.42375
u0037926:i1956620,6.82917
u0037926:i1981115,6.2874
u0037926:i2011159,6.78885
u0037926:i2015381,6.56203
u0037926:i2226417,5.56697
u0037926:i2267998,6.57792
u0037926:i2316411,6.75097
u0037926:i2555736,6.98303
u0037926:i2557490,6.91793
u0037926:i2713180,6.91931
u0037926:i2725962,6.44592
u0037926:i2872732,6.67118
u0037926:i3179568,6.55253
u0037926:i3235888,6.92295
u0037935:i0062622,7.50908
u0037935:i0369610,7.50908
u0037935:i0478970,7.50908
u0037935:i1056437,7.50908
u0037935:i1392190,7.50908
u0037935:i1823672,7.50908
u0037935:i2084970,7.50908
u0037935:i2096673,7.50908
u0037935:i2126355,7.50908
u0037935:i2179136,7.50908
u0037935:i2293640,7.50908
u0037935:i2381249,7.50908
u0037935:i2395427,7.50908
u0037935:i2493486,7.50908
u0037935:i2562232,7.50908
u0037935:i2802144,7.50908
u0037935:i2820852,7.50908
u0037935:i3819668,7.50908
u0037935:i3824386,7.50908
u0037956:i2199571,6.37032
u0037956:i2245084,7.00195
u0037956:i2561572,6.72971
u0037956:i2562232,6.92186
u0037960:i1065073,7.50908
u0037960:i1850397,7.50908
u0037960:i2381941,7.50908
u0037967:i0102926,7.76486
u0037967:i0105323,7.76486
u0037967:i0110912,7.76486
u0037967:i0180093,7.76486
u0037967:i0338013,7.76486
u0037967:i0463998,7.76486
u0037967:i2872718,7.76486
u0037982:i0050083,7.67
u0037982:i0073486,7.67
u0037982:i0109830,7.67
u0037982:i0110912,7.67
u0037982:i0114369,7.67
u0037982:i0114814,7.67
u0037982:i0169547,7.67
u0037982:i0245429,7.67
u0037982:i0317705,7.67
u0037982:i0398286,7.67
u0037982:i0407887,7.67
u0037982:i1065073,7.67
u0037982:i1490017,7.67
u0037982:i2179136,7.67
u0037982:i2245084,7.67
u0037982:i2322441,7.67
u0037982:i2562232,7.67
u0037982:i2713180,7.67
u0037982:i2872718,7.67
u0037982:i2980516,7.67
u0037988:i1100089,7.05871
u0037988:i1392190,7.05871
u0037988:i2179136,7.05871
u0037988:i2980516,7.05871
u0037988:i3235888,7.05871
u0037988:i3344922,7.05871
u0037988:i4044364,7.05871
u0037997:i0478970,7.60697
u0037997:i2084970,7.60697
u0037997:i2096673,7.60697
u0037997:i2263944,7.60697
u0037997:i2436386,7.60697
u0037997:i3079380,7.60697
u0038001:i0369610,8.1944
u0038001:i0478970,8.1944
u0038001:i1540133,8.1944
u0038001:i2096673,8.1944
u0038001:i2126355,8.1944
u0038001:i2179136,8.1944
u0038001:i2180411,8.1944
u0038001:i2582802,8.1944
u0038001:i2883512,8.1944
u0038001:i2980516,8.1944
u0038001:i3007512,8.1944
u0038001:i3079380,8.1944
u0038001:i3168230,8.1944
u0038002:i0499537,7.60697
u0038002:i1441326,7.60697
u0038002:i2359024,7.60697
u0038002:i2852400,7.60697
u0038008:i0039808,7.2539
u0038008:i0048545,7.2539
u0038008:i0070034,7.2539
u0038008:i0327597,7.2539
u0038008:i0365907,7.2539
u0038008:i0369610,7.2539
u0038008:i0458481,7.2539
u0038008:i0470752,7.2539
u0038008:i1392190,7.2539
u0038008:i1646971,7.2539
u0038008:i1837574,7.2539
u0038008:i2096673,7.2539
u0038008:i2278388,7.2539
u0038008:i2345737,7.2539
u0038008:i2381249,7.2539
u0038008:i2388715,7.2539
u0038008:i2395427,7.2539
u0038008:i2562232,7.2539
u0038008:i2737050,7.2539
u0038008:i2866360,7.2539
u0038008:i2872718,7.2539
u0038008:i2883512,7.2539
u0038008:i3235888,7.2539
u0038008:i4178092,7.2539
u0038032:i0770828,7.60697
u0038032:i1267297,7.60697
u0038032:i1291150,7.60697
u0038032:i1502712,7.60697
u0038032:i1981115,7.60697
u0038032:i3501416,7.60697
u0038033:i0062622,6.76226
u0038033:i0071853,5.19098
u0038033:i0097165,5.77012
u0038033:i0131369,0
u0038053:i0122082,8.2
u0038053:i0320661,8.2
u0038053:i2597242,8.2
u0038065:i0277027,5.62305
u0038065:i1433811,5.97718
u0038065:i1989475,4.99193
u0038065:i2884206,6.5942
u0038094:i0060728,0
u0038094:i0060980,0
u0038094:i0066832,0
u0038094:i0072317,0
u0038094:i0075754,0
u0038094:i0090274,0
u0038094:i0094812,4.99621
u0038094:i0164052,2.36757
u0038094:i0455944,6.70074
u0038094:i0796366,6.24668
u0038094:i0831387,6.67772
u0038094:i1345836,4.51755
u0038094:i1371150,7.11643
u0038094:i1631867,6.84976
u0038094:i1872194,6.94917
u0038094:i2039393,6.65988
u0038094:i2120120,6.41425
u0038094:i2126355,6.83502
u0038094:i2333784,6.96511
u0038094:i2381941,6.79682
u0038094:i2395427,6.83833
u0038094:i2820852,6.61998
u0038094:i2872732,6.70341
u0038094:i2955096,3.94564
u0038107:i0177789,7.60697
u0038107:i0398913,7.60697
u0038107:i0482571,7.60697
u0038107:i0816711,7.60697
u0038107:i0829150,7.60697
u0038107:i1631867,7.60697
u0038107:i2051879,7.60697
u0038107:i2109248,7.60697
u0038107:i2180411,7.60697
u0038107:i2244901,7.60697
u0038107:i2395427,7.60697
u0038134:i0144084,5.34012
u0038134:i0458525,6.45565
u0038134:i0816692,6.42112
u0038134:i1392190,6.56619
u0038134:i1798709,6.38478
u0038134:i1877832,6.50506
u0038134:i2820852,6.62871
u0038134:i3042408,5.54132
u0038141:i0068646,7.98308
u0038141:i0071562,7.98308
u0038141:i0098067,7.98308
u0038141:i0369610,7.98308
u0038141:i0395251,7.98308
u0038141:i0478970,7.98308
u0038141:i1065073,7.98308
u0038141:i1126590,7.98308
u0038141:i1340138,7.98308
u0038141:i1392190,7.98308
u0038141:i1605717,7.98308
u0038141:i1964418,7.98308
u0038141:i2096673,7.98308
u0038141:i2179136,7.98308
u0038141:i2293640,7.98308
u0038141:i2562232,7.98308
u0038141:i2582802,7.98308
u0038141:i2802144,7.98308
u0038141:i3045616,7.98308
u0038141:i3168230,7.98308
u0038141:i3205376,7.98308
u0038141:i3715320,7.98308
u0038145:i0455944,7.76194
u0038145:i1872194,7.76194
u0038145:i2140379,7.76194
u0038145:i2381249,7.76194
u0038145:i2713180,7.76194
u0038145:i3079380,7.76194
u0038155:i1392190,7.511
u0038155:i1626146,7.511
u0038155:i2096673,7.511
u0038170:i0936501,7.42237
u0038170:i0988045,7.42237
u0038170:i1197624,7.42237
u0038170:i1250777,7.42237
u0038170:i1272878,7.42237
u0038170:i1323594,7.42237
u0038170:i1392190,7.42237
u0038170:i1392214,7.42237
u0038170:i2179136,7.42237
u0038170:i2278388,7.42237
u0038170:i2802144,7.42237
u0038170:i2820852,7.42237
u0038170:i2872718,7.42237
u0038180:i0167190,7.50908
u0038180:i0369610,7.50908
u0038180:i0409459,7.50908
u0038180:i0411477,7.50908
u0038180:i0478970,7.50908
u0038180:i0963966,7.50908
u0038180:i1065073,7.50908
u0038180:i1130884,7.50908
u0038180:i1219289,7.50908
u0038180:i1253863,7.50908
u0038180:i1340138,7.50908
u0038180:i1343727,7.50908
u0038180:i1392190,7.50908
u0038180:i1790864,7.50908
u0038180:i2084970,7.50908
u0038180:i2088003,7.50908
u0038180:i2179136,7.50908
u0038180:i2245084,7.50908
u0038180:i2279373,7.50908
u0038180:i2322441,7.50908
u0038180:i2381249,7.50908
u0038180:i2395427,7.50908
u0038180:i2562232,7.50908
u0038180:i2980516,7.50908
u0038180:i3358328,7.50908
u0038190:i0089457,0
u0038190:i0096446,3.92915
u0038190:i0096895,5.69639
u0038190:i0099487,3.42786
u0038190:i0118749,6.68807
u0038190:i0119177,6.74365
u0038190:i0119488,5.9569
u0038190:i0123755,5.47375
u0038190:i0175880,6.08566
u0038190:i0206634,5.53766
u0038190:i0215750,5.05372
u0038190:i0272338,6.44706
u0038190:i0298203,4.57049
u0038190:i0309377,4.03418
u0038190:i0328107,5.08358
u0038190:i0401729,5.98272
u0038190:i0414993,4.99205
u0038190:i0448134,6.70544
u0038190:i1027718,5.91706
u0038190:i1068641,4.34084
u0038190:i1343727,6.55846
u0038190:i1951181,5.89334
u0038190:i2737050,6.79458
u0038190:i3518012,3.80348
u0038217:i1121096,8.50513
u0038217:i1370312,8.50513
u0038217:i1552224,8.50513
u0038217:i1641841,8.50513
u0038217:i1881002,8.50513
u0038217:i2048865,8.50513
u0038217:i2113636,8.50513
u0038217:i2140423,8.50513
u0038217:i2199571,8.50513
u0038217:i2376218,8.50513
u0038217:i2376726,8.50513
u0038217:i2381941,8.50513
u0038217:i2446042,8.50513
u0038217:i2493486,8.50513
u0038217:i2820852,8.50513
u0038217:i3079380,8.50513
u0038217:i3084028,8.50513
u0038217:i3203616,8.50513
u0038217:i3479316,8.50513
u0038217:i3488328,8.50513
u0038217:i3622332,8.50513
u0038217:i3672840,8.50513
u0038217:i3699684,8.50513
u0038230:i0095765,6.84301
u0038230:i0110322,6.84301
u0038230:i1951265,6.84301
u0038230:i2179136,6.84301
u0038305:i0020122,7.39269
u0038305:i0056512,7.39269
u0038305:i0057427,7.39269
u0038305:i0088178,7.39269
u0038305:i0096337,7.39269
u0038305:i0109759,7.39269
u0038305:i0117056,7.39269
u0038305:i0460829,7.39269
u0038305:i1065073,7.39269
u0038305:i1440266,7.39269
u0038305:i1714878,7.39269
u0038323:i1392190,6.83384
u0038323:i1617661,6.83384
u0038323:i2015381,6.83384
u0038323:i2267998,6.83384
u0038324:i0470752,7.60697
u0038324:i0816692,7.60697
u0038324:i1392190,7.60697
u0038324:i1617661,7.60697
u0038324:i1951265,7.60697
u0038324:i2179136,7.60697
u0038324:i2199571,7.60697
u0038324:i2381941,7.60697
u0038324:i2436386,7.60697
u0038324:i2446042,7.60697
u0038324:i2637294,7.60697
u0038324:i2820852,7.60697
u0038324:i2872718,7.60697
u0038324:i2908446,7.60697
u0038324:i2911666,7.60697
u0038324:i3247714,7.60697
u0038328:i0333766,6.70956
u0038328:i0416320,6.70956
u0038328:i1502712,6.70956
u0038328:i1605717,6.70956
u0038328:i1617661,6.70956
u0038328:i1823672,6.70956
u0038328:i2209764,6.70956
u0038328:i2395427,6.70956
u0038328:i2562232,6.70956
u0038328:i2582802,6.70956
u0038332:i1014763,7.41502
u0038332:i1392190,7.41502
u0038332:i2199571,7.41502
u0038332:i2652092,7.41502
u0038332:i2967008,7.41502
u0038332:i2980516,7.41502
u0038340:i0369610,7.67
u0038340:i0993846,7.67
u0038340:i1340138,7.67
u0038340:i1392190,7.67
u0038340:i1398426,7.67
u0038340:i1502712,7.67
u0038340:i1661199,7.67
u0038340:i2096673,7.67
u0038340:i2126355,7.67
u0038340:i2381249,7.67
u0038340:i2381941,7.67
u0038340:i2395427,7.67
u0038340:i2637276,7.67
u0038340:i2802144,7.67
u0038340:i2848292,7.67
u0038340:i3079380,7.67
u0038351:i0079417,7.90872
u0038351:i0247586,7.90872
u0038351:i0327056,7.90872
u0038351:i0369610,7.90872
u0038351:i0997088,7.90872
u0038351:i1020072,7.90872
u0038351:i1126590,7.90872
u0038351:i1157650,7.90872
u0038351:i1216491,7.90872
u0038351:i1291580,7.90872
u0038351:i1499658,7.90872
u0038351:i1718747,7.90872
u0038351:i1809398,7.90872
u0038351:i1972571,7.90872
u0038351:i1996310,7.90872
u0038351:i2039393,7.90872
u0038351:i2084970,7.90872
u0038351:i2170439,7.90872
u0038351:i2179136,7.90872
u0038351:i2305051,7.90872
u0038351:i2309224,7.90872
u0038351:i2381249,7.90872
u0038351:i2381941,7.90872
u0038351:i2402157,7.90872
u0038351:i2404311,7.90872
u0038351:i2404425,7.90872
u0038351:i2582802,7.90872
u0038351:i2652092,7.90872
u0038351:i2718492,7.90872
u0038351:i2737050,7.90872
u0038351:i2802154,7.90872
u0038351:i2872718,7.90872
u0038351:i3455822,7.90872
u0038352:i0163025,7.10111
u0038352:i0470752,7.10111
u0038352:i0816692,7.10111
u0038352:i1054606,7.10111
u0038352:i1374992,7.10111
u0038352:i1538403,7.10111
u0038352:i1790864,7.10111
u0038352:i1865505,7.10111
u0038352:i2179136,7.10111
u0038352:i2224026,7.10111
u0038352:i2310332,7.10111
u0038352:i2402101,7.10111
u0038352:i2436386,7.10111
u0038352:i2576852,7.10111
u0038352:i2692250,7.10111
u0038352:i3079380,7.10111
u0038352:i3416742,7.10111
u0038352:i3701804,7.10111
u0038356:i2267998,7.89127
u0038356:i2278388,7.89127
u0038356:i2567712,7.89127
u0038362:i1392190,6.57174
u0038362:i1641841,5.46594
u0038362:i2967224,6.08532
u0038363:i0369610,7.63196
u0038363:i0816692,7.63196
u0038363:i1065073,7.63196
u0038363:i1291150,7.63196
u0038363:i1392190,7.63196
u0038363:i1877832,7.63196
u0038363:i1951265,7.63196
u0038363:i2223990,7.63196
u0038363:i2395427,7.63196
u0038363:i2820852,7.63196
u0038386:i0147612,7.19413
u0038386:i1291150,7.19413
u0038386:i1661382,7.19413
u0038386:i1663662,7.19413
u0038386:i1758795,7.19413
u0038386:i1935179,7.19413
u0038386:i2381941,7.19413
u0038386:i2387559,7.19413
u0038386:i2562232,7.19413
u0038386:i4044364,7.19413
u0038403:i0369610,7.68784
u0038403:i0910970,7.68784
u0038403:i2096673,7.68784
u0038403:i2224026,7.68784
u0038403:i2245084,7.68784
u0038415:i0099674,8.33679
u0038415:i0111161,8.33679
u0038415:i0116282,8.33679
u0038415:i0369610,8.33679
u0038415:i0478970,8.33679
u0038415:i0816692,8.33679
u0038415:i1291150,8.33679
u0038415:i1340138,8.33679
u0038415:i1600196,8.33679
u0038415:i1843866,8.33679
u0038415:i1872194,8.33679
u0038415:i1911658,8.33679
u0038415:i2103281,8.33679
u0038415:i2262227,8.33679
u0038415:i2267998,8.33679
u0038415:i2279373,8.33679
u0038415:i2293640,8.33679
u0038415:i2381249,8.33679
u0038415:i2381941,8.33679
u0038415:i2446042,8.33679
u0038415:i2562232,8.33679
u0038415:i2802144,8.33679
u0038415:i2872718,8.33679
u0038415:i2911666,8.33679
u0038415:i4178092,8.33679
u0038420:i0095765,6.81226
u0038420:i2267998,6.81226
u0038420:i2582802,6.81226
u0038420:i2980516,6.81226
u0038420:i3045616,6.81226
u0038420:i3079380,6.81226
u0038420:i3202120,6.81226
u0038420:i3316960,6.81226
u0038430:i0369610,7.08408
u0038430:i1392190,7.08408
u0038430:i1980929,7.08408
u0038430:i2096673,7.08408
u0038430:i2179136,7.08408
u0038430:i2278388,7.08408
u0038430:i2294629,7.08408
u0038430:i2872718,7.08408
u0038430:i2980516,7.08408
u0038430:i3316960,7.08408
u0038430:i3742378,7.08408
u0038437:i1100089,8.28512
u0038437:i1872194,8.28512
u0038437:i2562232,8.28512
u0038437:i2582802,8.28512
u0038440:i1865505,6.92373
u0038440:i2084970,6.92373
u0038440:i2224026,6.92373
u0038440:i2908446,6.92373
u0038440:i3152624,6.92373
u0038450:i0099077,7.01876
u0038450:i0120382,7.01876
u0038450:i0120689,7.01876
u0038450:i0369610,7.01876
u0038450:i0989757,7.01876
u0038450:i1100089,7.01876
u0038450:i1188996,7.01876
u0038450:i1318514,7.01876
u0038450:i1392190,7.01876
u0038450:i1632708,7.01876
u0038450:i1798684,7.01876
u0038450:i1809398,7.01876
u0038450:i1972779,7.01876
u0038450:i2015381,7.01876
u0038450:i2084970,7.01876
u0038450:i2179136,7.01876
u0038450:i2302966,7.01876
u0038450:i2338151,7.01876
u0038450:i2381249,7.01876
u0038450:i2446042,7.01876
u0038450:i2562232,7.01876
u0038450:i2582802,7.01876
u0038450:i2788710,7.01876
u0038450:i2866360,7.01876
u0038450:i2872718,7.01876
u0038450:i2980516,7.01876
u0038450:i3079380,7.01876
u0038450:i3247714,7.01876
u0038450:i3622592,7.01876
u0038450:i4178092,7.01876
u0038451:i1422032,7.53044
u0038451:i2278388,7.53044
u0038451:i2884206,7.53044
u0038455:i1392190,7.55393
u0038455:i1422020,7.55393
u0038455:i1872194,7.55393
u0038455:i2179136,7.55393
u0038455:i2199571,7.55393
u0038455:i2446042,7.55393
u0038455:i2582802,7.55393
u0038455:i2713180,7.55393
u0038458:i0062765,7.60697
u0038458:i0066999,7.60697
u0038458:i0116361,7.60697
u0038458:i0829150,7.60697
u0038458:i1043726,7.60697
u0038458:i1121096,7.60697
u0038458:i1229238,7.60697
u0038458:i1267297,7.60697
u0038458:i1291150,7.60697
u0038458:i1335975,7.60697
u0038458:i1392190,7.60697
u0038458:i1617661,7.60697
u0038458:i1742334,7.60697
u0038458:i1861375,7.60697
u0038458:i1877832,7.60697
u0038458:i2209764,7.60697
u0038458:i2395427,7.60697
u0038458:i2911666,7.60697
u0038458:i3622332,7.60697
u0038461:i0486822,6.46157
u0038461:i1392190,6.57729
u0038461:i1433811,6.15298
u0038461:i1655441,6.46617
u0038461:i2395427,6.84574
u0038461:i2955952,0
u0038470:i0068646,6.70861
u0038470:i0071562,6.70861
u0038470:i0111161,6.70861
u0038470:i0172495,6.70861
u0038470:i0209144,6.70861
u0038470:i0369610,6.70861
u0038470:i0407887,6.70861
u0038470:i0468569,6.70861
u0038470:i0482571,6.70861
u0038470:i0816692,6.70861
u0038470:i0918927,6.70861
u0038470:i1049413,6.70861
u0038470:i1392190,6.70861
u0038470:i1617661,6.70861
u0038470:i1823672,6.70861
u0038470:i2084970,6.70861
u0038470:i2147459,6.70861
u0038470:i2245084,6.70861
u0038470:i2267998,6.70861
u0038470:i2299842,6.70861
u0038470:i2692904,6.70861
u0038470:i2802144,6.70861
u0038470:i2872732,6.70861
u0038470:i3195644,6.70861
u0038470:i3316960,6.70861
u0038480:i2170593,7.92598
u0038480:i2245084,7.92598
u0038480:i2381941,7.92598
u0038480:i2884206,7.92598
u0038480:i2908446,7.92598
u0038480:i3592542,7.92598
u0038494:i0042876,7.77612
u0038494:i0056592,7.77612
u0038494:i0070215,7.77612
u0038494:i0088846,7.77612
u0038494:i0089881,7.77612
u0038494:i0092005,7.77612
u0038494:i0104691,7.77612
u0038494:i1316540,7.77612
u0038494:i1508675,7.77612
u0038494:i1791528,7.77612
u0038494:i2273657,7.77612
u0038494:i2392672,7.77612
u0038494:i2562232,7.77612
u0038494:i2567712,7.77612
u0038494:i2614684,7.77612
u0038494:i2717822,7.77612
u0038494:i2718492,7.77612
u0038494:i2758880,7.77612
u0038494:i2802154,7.77612
u0038494:i3011894,7.77612
u0038494:i3203616,7.77612
u0038494:i3205376,7.77612
u0038494:i3316960,7.77612
u0038495:i2326554,7.42124
u0038495:i2725962,7.42124
u0038495:i3263614,7.42124
u0038495:i3416742,7.42124
u0038496:i0264464,5.09782
u0038496:i1458175,4.53536
u0038496:i2369135,6.64887
u0038505:i0470752,6.83345
u0038505:i1139328,5.25878
u0038505:i1267297,6.39303
u0038505:i1418377,6.86878
u0038505:i1674771,6.6528
u0038505:i2669336,6.93213
u0038505:i2717822,6.65372
u0038505:i2802144,6.73246
u0038505:i2866360,6.4725
u0038505:i3045616,6.67259
u0038533:i0076759,5.51906
u0038533:i0079501,6.70447
u0038533:i0080684,6.008
u0038533:i0082694,6.60842
u0038533:i0086190,5.67267
u0038533:i0086960,5.76551
u0038533:i0089530,6.78399
u0038533:i0092644,0
u0038533:i0107290,5.90098
u0038533:i0109254,0
u0038533:i0113277,6.28702
u0038533:i0117060,6.11702
u0038533:i0119567,6.64312
u0038533:i0120915,5.1702
u0038533:i0121765,4.63696
u0038533:i0121766,4.80854
u0038533:i0163025,6.38114
u0038533:i0378194,5.53906
u0038533:i1216491,6.65586
u0038533:i1253864,3.63767
u0038533:i1340138,6.6872
u0038533:i1345836,4.60974
u0038533:i1392190,6.58285
u0038533:i1411250,5.27716
u0038533:i1528100,6.82115
u0038533:i1911658,7.02839
u0038533:i2199571,6.39307
u0038533:i2333784,7.10441
u0038533:i2395427,6.85315
u0038533:i2446042,6.91368
u0038533:i2494280,5.45386
u0038533:i2555736,7.08572
u0038533:i2692250,7.0791
u0038533:i2802144,6.73882
u0038533:i2872750,6.9766
u0038533:i3263614,6.8651
u0038569:i0369610,7.85396
u0038569:i0470752,7.85396
u0038569:i1100089,7.85396
u0038569:i1617661,7.85396
u0038569:i1798684,7.85396
u0038569:i1823672,7.85396
u0038569:i1964418,7.85396
u0038569:i2180411,7.85396
u0038569:i2293640,7.85396
u0038569:i2381249,7.85396
u0038569:i2381941,7.85396
u0038569:i2395427,7.85396
u0038569:i2802144,7.85396
u0038569:i2908446,7.85396
u0038569:i2911666,7.85396
u0038569:i3168230,7.85396
u0038576:i0045152,7.60697
u0038576:i0080455,7.60697
u0038576:i0405094,7.60697
u0038576:i1872194,7.60697
u0038576:i2582802,7.60697
u0038576:i2872718,7.60697
u0038576:i2980516,7.60697
u0038628:i0455944,7.41959
u0038628:i2179136,7.41959
u0038628:i2911666,7.41959
u0038631:i0088247,7.92598
u0038631:i0114709,7.92598
u0038631:i0117060,7.92598
u0038631:i0120338,7.92598
u0038631:i0120363,7.92598
u0038631:i0120755,7.92598
u0038631:i0123964,7.92598
u0038631:i0172495,7.92598
u0038631:i0181852,7.92598
u0038631:i0187393,7.92598
u0038631:i0198781,7.92598
u0038631:i0221799,7.92598
u0038631:i0247199,7.92598
u0038631:i0266543,7.92598
u0038631:i0292506,7.92598
u0038631:i0295289,7.92598
u0038631:i0317705,7.92598
u0038631:i0317919,7.92598
u0038631:i0343660,7.92598
u0038631:i0352248,7.92598
u0038631:i0371746,7.92598
u0038631:i0398165,7.92598
u0038631:i0435761,7.92598
u0038631:i0441773,7.92598
u0038631:i0450259,7.92598
u0038631:i0455944,7.92598
u0038631:i0458339,7.92598
u0038631:i0470752,7.92598
u0038631:i0490204,7.92598
u0038631:i0790636,7.92598
u0038631:i0800369,7.92598
u0038631:i0816692,7.92598
u0038631:i0848228,7.92598
u0038631:i0910970,7.92598
u0038631:i0944835,7.92598
u0038631:i0948470,7.92598
u0038631:i0993846,7.92598
u0038631:i1024648,7.92598
u0038631:i1049413,7.92598
u0038631:i1130884,7.92598
u0038631:i1179794,7.92598
u0038631:i1228705,7.92598
u0038631:i1229238,7.92598
u0038631:i1231587,7.92598
u0038631:i1245492,7.92598
u0038631:i1263670,7.92598
u0038631:i1300854,7.92598
u0038631:i1323594,7.92598
u0038631:i1343092,7.92598
u0038631:i1366344,7.92598
u0038631:i1408253,7.92598
u0038631:i1426329,7.92598
u0038631:i1462769,7.92598
u0038631:i1490017,7.92598
u0038631:i1570728,7.92598
u0038631:i1587310,7.92598
u0038631:i1596350,7.92598
u0038631:i1649419,7.92598
u0038631:i1690953,7.92598
u0038631:i1715223,7.92598
u0038631:i1727388,7.92598
u0038631:i1758830,7.92598
u0038631:i1767354,7.92598
u0038631:i1798709,7.92598
u0038631:i1843866,7.92598
u0038631:i1872181,7.92598
u0038631:i1931533,7.92598
u0038631:i1932767,7.92598
u0038631:i1980929,7.92598
u0038631:i1981115,7.92598
u0038631:i2070597,7.92598
u0038631:i2070862,7.92598
u0038631:i2096672,7.92598
u0038631:i2170593,7.92598
u0038631:i2172934,7.92598
u0038631:i2179136,7.92598
u0038631:i2194499,7.92598
u0038631:i2205697,7.92598
u0038631:i2245084,7.92598
u0038631:i2278871,7.92598
u0038631:i2294629,7.92598
u0038631:i2304953,7.92598
u0038631:i2547210,7.92598
u0038631:i2562232,7.92598
u0038631:i2582802,7.92598
u0038631:i2820852,7.92598
u0038631:i2883512,7.92598
u0038634:i0369610,6.74077
u0038634:i0455944,6.73133
u0038634:i1340138,6.70324
u0038634:i1798684,6.45398
u0038634:i2381249,6.60244
u0038634:i2446042,6.93267
u0038635:i0029594,7.52101
u0038635:i0036497,7.52101
u0038635:i0047396,7.52101
u0038635:i0048434,7.52101
u0038635:i0052357,7.52101
u0038635:i0058946,7.52101
u0038635:i0060153,7.52101
u0038635:i0064115,7.52101
u0038635:i0064482,7.52101
u0038635:i0064921,7.52101
u0038635:i0071141,7.52101
u0038635:i0071746,7.52101
u0038635:i0075860,7.52101
u0038635:i0079417,7.52101
u0038635:i0079766,7.52101
u0038635:i0079924,7.52101
u0038635:i0081070,7.52101
u0038635:i0090329,7.52101
u0038635:i0093191,7.52101
u0038635:i0094012,7.52101
u0038635:i0094291,7.52101
u0038635:i0097493,7.52101
u0038635:i0100263,7.52101
u0038635:i0101540,7.52101
u0038635:i0102138,7.52101
u0038635:i0103767,7.52101
u0038635:i0107943,7.52101
u0038635:i0110729,7.52101
u0038635:i0117571,7.52101
u0038635:i0118799,7.52101
u0038635:i0118929,7.52101
u0038635:i0190590,7.52101
u0038635:i0200849,7.52101
u0038635:i0203009,7.52101
u0038635:i0268126,7.52101
u0038635:i0280491,7.52101
u0038635:i0293416,7.52101
u0038635:i0301357,7.52101
u0038635:i0310793,7.52101
u0038635:i0338751,7.52101
u0038635:i0347048,7.52101
u0038635:i0361596,7.52101
u0038635:i0364930,7.52101
u0038635:i0368794,7.52101
u0038635:i0375912,7.52101
u0038635:i0379557,7.52101
u0038635:i0393109,7.52101
u0038635:i0396171,7.52101
u0038635:i0401711,7.52101
u0038635:i0403702,7.52101
u0038635:i0412019,7.52101
u0038635:i0427312,7.52101
u0038635:i0428803,7.52101
u0038635:i0433383,7.52101
u0038635:i0452623,7.52101
u0038635:i0458339,7.52101
u0038635:i0462504,7.52101
u0038635:i0470752,7.52101
u0038635:i0765432,7.52101
u0038635:i0848228,7.52101
u0038635:i0892769,7.52101
u0038635:i0929425,7.52101
u0038635:i0945513,7.52101
u0038635:i1064932,7.52101
u0038635:i1093824,7.52101
u0038635:i1260051,7.52101
u0038635:i1392190,7.52101
u0038635:i1417075,7.52101
u0038635:i1571222,7.52101
u0038635:i1605717,7.52101
u0038635:i1615147,7.52101
u0038635:i1638355,7.52101
u0038635:i1791528,7.52101
u0038635:i1843866,7.52101
u0038635:i1920945,7.52101
u0038635:i1965057,7.52101
u0038635:i2096673,7.52101
u0038635:i2126355,7.52101
u0038635:i2141751,7.52101
u0038635:i2178941,7.52101
u0038635:i2359024,7.52101
u0038635:i2382298,7.52101
u0038635:i2395427,7.52101
u0038635:i2582802,7.52101
u0038635:i2802144,7.52101
u0038635:i2870648,7.52101
u0038635:i2870708,7.52101
u0038635:i4178092,7.52101
u0038641:i0080678,7.3865
u0038641:i0118799,7.3865
u0038641:i0120731,7.3865
u0038641:i1020072,7.3865
u0038641:i1392190,7.3865
u0038641:i2084970,7.3865
u0038663:i0816692,7.67
u0038663:i1872194,7.67
u0038663:i2084970,7.67
u0038663:i2338151,7.67
u0038663:i2562232,7.67
u0038667:i0780536,7.47152
u0038667:i1065073,7.47152
u0038667:i2084970,7.47152
u0038667:i2582802,7.47152
u0038669:i0120004,7.36756
u0038669:i0364045,7.36756
u0038669:i0369610,7.36756
u0038669:i0413015,7.36756
u0038669:i0878835,7.36756
u0038669:i1127886,7.36756
u0038669:i1753813,7.36756
u0038669:i1916749,7.36756
u0038669:i1951181,7.36756
u0038669:i2167266,7.36756
u0038669:i2179136,7.36756
u0038669:i2321549,7.36756
u0038669:i2713180,7.36756
u0038669:i3125324,7.36756
u0038670:i1964418,6.52888
u0038670:i2126355,6.85644
u0038670:i2967224,6.15953
u0038677:i0099685,7.92598
u0038677:i0107554,7.92598
u0038677:i0114814,7.92598
u0038677:i0172495,7.92598
u0038677:i0829150,7.92598
u0038677:i1687281,7.92598
u0038677:i1790864,7.92598
u0038677:i1850397,7.92598
u0038677:i2179136,7.92598
u0038677:i2278871,7.92598
u0038677:i2334896,7.92598
u0038677:i2381249,7.92598
u0038677:i2395427,7.92598
u0038677:i2436386,7.92598
u0038677:i2582802,7.92598
u0038677:i2713180,7.92598
u0038677:i2872718,7.92598
u0038677:i3235888,7.92598
u0038681:i0240772,5.6816
u0038681:i2199571,6.41591
u0038681:i2338151,6.60167
u0038681:i3448226,5.12185
u0038696:i0120363,8.56814
u0038696:i0270288,8.56814
u0038696:i1617661,8.56814
u0038696:i1951265,8.56814
u0038696:i2039393,8.56814
u0038696:i2064968,8.56814
u0038696:i2084970,8.56814
u0038696:i2179136,8.56814
u0038696:i2245084,8.56814
u0038696:i2278388,8.56814
u0038696:i2362062,8.56814
u0038696:i2582802,8.56814
u0038696:i2713180,8.56814
u0038696:i2872718,8.56814
u0038696:i2965412,8.56814
u0038696:i3630276,8.56814
u0038696:i4079782,8.56814
u0038699:i0113749,7.5
u0038699:i0118749,7.5
u0038699:i2381941,7.5
u0038707:i0470752,6.84525
u0038707:i1809398,6.85195
u0038707:i1980929,6.76973
u0038707:i2820852,6.63744
u0038714:i0470752,6.69615
u0038714:i0478209,6.69615
u0038714:i1182345,6.69615
u0038714:i1392190,6.69615
u0038714:i1817273,6.69615
u0038714:i2911666,6.69615
u0038714:i3152624,6.69615
u0038714:i3715406,6.69615
u0038721:i0075784,7.50908
u0038721:i0093870,7.50908
u0038721:i1234721,7.50908
u0038721:i1564368,7.50908
u0038727:i0816692,7.67
u0038727:i1014763,7.67
u0038727:i1065073,7.67
u0038727:i1100089,7.67
u0038727:i1121096,7.67
u0038727:i1216491,7.67
u0038727:i1243974,7.67
u0038727:i1247690,7.67
u0038727:i1274586,7.67
u0038727:i1392190,7.67
u0038727:i1499658,7.67
u0038727:i1528100,7.67
u0038727:i1567437,7.67
u0038727:i1655441,7.67
u0038727:i1661820,7.67
u0038727:i1698641,7.67
u0038727:i1726592,7.67
u0038727:i1790864,7.67
u0038727:i1823664,7.67
u0038727:i1823672,7.67
u0038727:i1872194,7.67
u0038727:i1881002,7.67
u0038727:i1945084,7.67
u0038727:i1951265,7.67
u0038727:i2039393,7.67
u0038727:i2084970,7.67
u0038727:i2096672,7.67
u0038727:i2170439,7.67
u0038727:i2170593,7.67
u0038727:i2179136,7.67
u0038727:i2180411,7.67
u0038727:i2199571,7.67
u0038727:i2238050,7.67
u0038727:i2305051,7.67
u0038727:i2310332,7.67
u0038727:i2325977,7.67
u0038727:i2339741,7.67
u0038727:i2376218,7.67
u0038727:i2381941,7.67
u0038727:i2402101,7.67
u0038727:i2404425,7.67
u0038727:i2446042,7.67
u0038727:i2452200,7.67
u0038727:i2452254,7.67
u0038727:i2515034,7.67
u0038727:i2562232,7.67
u0038727:i2717822,7.67
u0038727:i2726560,7.67
u0038727:i2788710,7.67
u0038727:i2802144,7.67
u0038727:i2872718,7.67
u0038727:i2883434,7.67
u0038727:i2908446,7.67
u0038727:i2911666,7.67
u0038727:i2911668,7.67
u0038727:i2948790,7.67
u0038727:i2967224,7.67
u0038727:i2980516,7.67
u0038727:i3007512,7.67
u0038727:i3045616,7.67
u0038727:i3181822,7.67
u0038727:i3203616,7.67
u0038727:i3247714,7.67
u0038727:i3316960,7.67
u0038727:i3442006,7.67
u0038727:i3442990,7.67
u0000002:i2726560,7.18495
u0000002:i2883512,7.18495
u0000002:i3079380,7.18495
u0000032:i0079522,7.18143
u0000032:i0113799,7.18143
u0000032:i2279373,7.18143
u0000032:i3331846,7.18143
u0000032:i3853452,7.18143
u0000035:i1126590,7.81174
u0000035:i1232829,7.81174
u0000035:i1661199,7.81174
u0000035:i1980929,7.81174
u0000035:i2004420,7.81174
u0000038:i0076759,7.60697
u0000038:i0080684,7.60697
u0000038:i0086250,7.60697
u0000038:i0094737,7.60697
u0000038:i0109830,7.60697
u0000038:i0137523,7.60697
u0000038:i0264464,7.60697
u0000038:i0298203,7.60697
u0000038:i0362227,7.60697
u0000038:i0385002,7.60697
u0000038:i0482571,7.60697
u0000038:i0790636,7.60697
u0000038:i0816692,7.60697
u0000038:i1306980,7.60697
u0000038:i1951265,7.60697
u0000038:i1981677,7.60697
u0000038:i2084970,7.60697
u0000038:i2267998,7.60697
u0000038:i2562232,7.60697
u0000038:i2582802,7.60697
u0000038:i2713180,7.60697
u0000038:i2788710,7.60697
u0000038:i2872718,7.60697
u0000038:i2980516,7.60697
u0000054:i0478970,7.50908
u0000054:i0756683,7.50908
u0000054:i1109624,7.50908
u0000054:i1212419,7.50908
u0000054:i1340138,7.50908
u0000054:i1617661,7.50908
u0000054:i1798684,7.50908
u0000054:i1823672,7.50908
u0000054:i1964418,7.50908
u0000054:i2180411,7.50908
u0000054:i2224026,7.50908
u0000054:i2310792,7.50908
u0000054:i2395427,7.50908
u0000054:i2781030,7.50908
u0000054:i3149038,7.50908
u0000054:i3302706,7.50908
u0000054:i3680410,7.50908
u0000054:i3787590,7.50908
u0000054:i4178092,7.50908
u0000069:i0107290,6.74629
u0000069:i0369610,6.74629
u0000069:i0478970,6.74629
u0000069:i0816692,6.74629
u0000069:i1014763,6.74629
u0000069:i1823672,6.74629
u0000069:i1827579,6.74629
u0000069:i2103281,6.74629
u0000069:i2179136,6.74629
u0000069:i2267998,6.74629
u0000069:i2395427,6.74629
u0000069:i2820852,6.74629
u0000069:i3007512,6.74629
u0000086:i0359950,7.65242
u0000086:i0369610,7.65242
u0000086:i0435651,7.65242
u0000086:i0993842,7.65242
u0000086:i1204975,7.65242
u0000086:i1340138,7.65242
u0000086:i1389137,7.65242
u0000086:i1440728,7.65242
u0000086:i1528100,7.65242
u0000086:i1592525,7.65242
u0000086:i1617661,7.65242
u0000086:i1638355,7.65242
u0000086:i1757746,7.65242
u0000086:i1837703,7.65242
u0000086:i1964418,7.65242
u0000086:i2051879,7.65242
u0000086:i2084970,7.65242
u0000086:i2096673,7.65242
u0000086:i2224026,7.65242
u0000086:i2245084,7.65242
u0000086:i2278388,7.65242
u0000086:i2359002,7.65242
u0000086:i2381249,7.65242
u0000086:i2562232,7.65242
u0000086:i2908446,7.65242
u0000086:i2980516,7.65242
u0000088:i0273719,7.67
u0000088:i0386342,7.67
u0000088:i0805576,7.67
u0000088:i1100089,7.67
u0000088:i1525830,7.67
u0000088:i1638355,7.67
u0000088:i2084970,7.67
u0000088:i2106476,7.67
u0000088:i2494834,7.67
u0000088:i2562232,7.67
u0000088:i2802144,7.67
u0000088:i2893490,7.67
u0000088:i3196174,7.67
u0000088:i3346824,7.67
u0000088:i3596492,7.67
u0000110:i0137363,3.72205
u0000110:i0172495,5.38718
u0000110:i0416449,5.90762
u0000110:i0433035,6.65969
u0000110:i0477080,6.22835
u0000110:i0848228,6.01976
u0000110:i0914863,6.51597
u0000110:i0936501,5.77878
u0000110:i0993846,6.46817
u0000110:i1197624,5.13251
u0000110:i1219289,6.40933
u0000110:i1234719,6.24361
u0000110:i1392190,6.58842
u0000110:i2515034,6.41217
u0000110:i2802144,6.74518
u0000110:i2820852,6.64618
u0000113:i0470752,7.60697
u0000113:i0493459,7.60697
u0000113:i1155076,7.60697
u0000113:i1193138,7.60697
u0000113:i1707386,7.60697
u0000113:i2267998,7.60697
u0000113:i2582802,7.60697
u0000113:i2872732,7.60697
u0000113:i3110960,7.60697
u0000113:i3268458,7.60697
u0000145:i0093779,4.7975
u0000145:i0099487,3.6421
u0000145:i0110413,4.88828
u0000145:i0369610,6.7481
u0000145:i1016075,0
u0000145:i1837562,6.23264
u0000145:i2395427,6.86058
u0000145:i2908446,6.47817
u0000145:i2935476,6.7541
u0000241:i0369610,6.97
u0000241:i0455944,6.97
u0000241:i0470752,6.97
u0000241:i1100089,6.97
u0000241:i2084970,6.97
u0000241:i2179136,6.97
u0000241:i2234003,6.97
u0000241:i2345737,6.97
u0000241:i2788710,6.97
u0000241:i2802144,6.97
u0000241:i2872718,6.97
u0000241:i2883512,6.97
u0000241:i2937898,6.97
u0000241:i2980516,6.97
u0000241:i3235888,6.97
u0000241:i3472226,6.97
u0000241:i4229236,6.97
u0000248:i1823672,6.83384
u0000248:i2170593,6.83384
u0000248:i2562232,6.83384
u0000248:i2713180,6.83384
u0000248:i2872718,6.83384
u0000248:i3152624,6.83384
u0000301:i2267998,6.06667
u0000301:i2397535,6.06667
u0000301:i2562232,6.06667
u0000301:i2582802,6.06667
u0000310:i0056172,7.34963
u0000310:i0058576,7.34963
u0000310:i0066206,7.34963
u0000310:i0066769,7.34963
u0000310:i0068168,7.34963
u0000310:i0070723,7.34963
u0000310:i0082089,7.34963
u0000310:i0087004,7.34963
u0000310:i0100161,7.34963
u0000310:i0103759,7.34963
u0000310:i0106226,7.34963
u0000310:i0114369,7.34963
u0000310:i0118929,7.34963
u0000310:i0119784,7.34963
u0000310:i0246578,7.34963
u0000310:i1260581,7.34963
u0000310:i1531901,7.34963
u0000310:i2509850,7.34963
u0000310:i2562232,7.34963
u0000310:i2713180,7.34963
u0000310:i2980516,7.34963
u0000314:i1528100,7.42237
u0000314:i1976000,7.42237
u0000314:i2272918,7.42237
u0000314:i2582802,7.42237
u0000314:i2872718,7.42237
u0000314:i2911666,7.42237
u0000314:i2937898,7.42237
u0000316:i0070077,7.24473
u0000316:i0419294,7.24473
u0000316:i2764784,7.24473
u0000327:i0369610,7.77386
u0000327:i0478970,7.77386
u0000327:i1020072,7.77386
u0000327:i1800246,7.77386
u0000327:i1809398,7.77386
u0000327:i1872194,7.77386
u0000327:i1951264,7.77386
u0000327:i1951265,7.77386
u0000327:i2096673,7.77386
u0000327:i2126355,7.77386
u0000327:i2179136,7.77386
u0000327:i2203939,7.77386
u0000327:i2381249,7.77386
u0000327:i2395427,7.77386
u0000327:i2431286,7.77386
u0000327:i2562232,7.77386
u0000327:i2582802,7.77386
u0000327:i2820852,7.77386
u0000327:i2872718,7.77386
u0000327:i2980516,7.77386
u0000336:i0369610,7.03159
u0000336:i0478970,7.03159
u0000336:i2013293,7.03159
u0000336:i2096673,7.03159
u0000336:i2322441,7.03159
u0000350:i0012349,4.29252
u0000350:i0065988,3.89768
u0000350:i0066921,5.79516
u0000350:i0070666,3.41209
u0000350:i0075314,5.96109
u0000350:i0079116,5.56568
u0000350:i0081398,6.6832
u0000350:i0087843,4.91796
u0000350:i0096895,6.03147
u0000350:i0103776,5.70281
u0000350:i0118760,4.71746
u0000350:i0120693,3.05773
u0000350:i0120735,3.94675
u0000350:i0208092,5.85171
u0000350:i0264464,5.20628
u0000350:i0780536,6.95223
u0000350:i0790636,6.79274
u0000350:i0829482,4.79052
u0000350:i0903624,5.40919
u0000350:i0936501,5.96519
u0000350:i1189340,5.91046
u0000350:i1245492,5.97541
u0000350:i1282140,6.0695
u0000350:i1389096,2.97401
u0000350:i1392214,5.81786
u0000350:i1397280,5.82659
u0000350:i1790886,5.47584
u0000350:i1935179,5.62322
u0000350:i2084970,6.76082
u0000350:i2561572,6.75948
u0000350:i2562232,6.92918
u0000354:i0076759,5.6643
u0000354:i0080684,6.22257
u0000354:i0093058,6.08827
u0000354:i0094721,4.84254
u0000354:i0110148,6.07941
u0000354:i0120902,5.71681
u0000354:i0171804,3.25933
u0000354:i0997263,0
u0000354:i1392190,6.59399
u0000354:i1605717,6.93018
u0000354:i1883180,6.80304
u0000354:i2084970,6.76782
u0000354:i2884206,6.64961
u0000354:i3086442,5.40542
u0000354:i3114132,5.36966
u0000390:i0478970,6.5455
u0000390:i1340138,6.71931
u0000390:i1398426,6.69836
u0000390:i1502712,6.54945
u0000390:i1638355,6.63321
u0000390:i1798684,6.47824
u0000390:i2039393,6.70258
u0000390:i2120120,6.47101
u0000390:i2170593,6.92875
u0000390:i2234003,7.22393
u0000390:i2381249,6.61426
u0000390:i2679042,6.35705
u0000390:i2937898,6.92229
u0000390:i3179568,6.73974
u0000395:i1065073,7.96167
u0000395:i1773764,7.96167
u0000395:i2084970,7.96167
u0000395:i2096673,7.96167
u0000395:i2562232,7.96167
u0000395:i2802144,7.96167
u0000395:i2980516,7.96167
u0000395:i2994190,7.96167
u0000395:i3447364,7.96167
u0000395:i3495030,7.96167
u0000395:i3678782,7.96167
u0000427:i2084970,6.77484
u0000427:i2395427,6.86801
u0000427:i2402101,6.26762
u0000427:i2493486,6.12012
u0000427:i2820852,6.65494
u0000427:i3488328,6.15817
u0000427:i3672840,6.39673
u0000427:i3863552,6.30218
u0000453:i0470752,7.92598
u0000453:i1791528,7.92598
u0000453:i2692904,7.92598
u0000457:i0470752,7.23738
u0000457:i0816692,7.23738
u0000457:i1234721,7.23738
u0000457:i2305051,7.23738
u0000457:i2369205,7.23738
u0000457:i2582802,7.23738
u0000457:i2713180,7.23738
u0000457:i2872718,7.23738
u0000457:i2884206,7.23738
u0000457:i3099498,7.23738
u0000457:i3442006,7.23738
u0000457:i3630276,7.23738
u0000458:i0110413,7.92598
u0000458:i0116483,7.92598
u0000458:i0120689,7.92598
u0000458:i0478970,7.92598
u0000458:i0482571,7.92598
u0000458:i0936501,7.92598
u0000458:i0945513,7.92598
u0000458:i1291584,7.92598
u0000458:i1563738,7.92598
u0000458:i1650554,7.92598
u0000458:i1764651,7.92598
u0000458:i1798684,7.92598
u0000458:i2120120,7.92598
u0000458:i2126355,7.92598
u0000458:i2381941,7.92598
u0000458:i2637276,7.92598
u0000458:i2802144,7.92598
u0000458:i2848292,7.92598
u0000458:i3079380,7.92598
u0000470:i1392190,6.59956
u0000470:i1398426,6.75712
u0000470:i1638355,6.66688
u0000479:i0088247,7.2163
u0000479:i0103064,7.2163
u0000479:i0181852,7.2163
u0000488:i0337563,3.04279
u0000488:i0378109,5.77309
u0000488:i0430105,4.41838
u0000488:i0439662,0
u0000488:i0450385,2.52161
u0000488:i0457433,3.80227
u0000488:i0765010,5.16407
u0000488:i0816692,6.43042
u0000488:i1045658,6.42729
u0000488:i1135084,6.59346
u0000488:i1247690,5.71241
u0000488:i1311071,5.74169
u0000488:i1535109,5.15338
u0000488:i1596350,5.11015
u0000488:i1655441,6.49322
u0000488:i1675434,5.61536
u0000488:i1872194,6.97089
u0000488:i2126355,6.87794
u0000488:i2381941,6.80917
u0000488:i2639344,6.64626
u0000488:i2692904,7.25984
u0000488:i2802144,6.75155
u0000488:i2872718,6.96939
u0000499:i0455944,7.57868
u0000499:i1790864,7.57868
u0000499:i2179136,7.57868
u0000499:i2182972,7.57868
u0000499:i2395427,7.57868
u0000499:i2911666,7.57868
u0000538:i1726592,8.5283
u0000538:i2267998,8.5283
u0000538:i2562232,8.5283
u0000538:i2788710,8.5283
u0000538:i2872718,8.5283
u0000545:i0088763,4.42761
u0000545:i0088847,5.19137
u0000545:i0096874,3.32974
u0000545:i0099088,4.68495
u0000545:i0110357,5.75761
u0000545:i0393162,5.63138
u0000545:i0473488,3.52633
u0000545:i0478970,6.55637
u0000545:i0821642,0
u0000545:i0842926,5.66493
u0000545:i1023490,0
u0000545:i1065073,6.87072
u0000545:i1100089,6.90428
u0000545:i1298650,6.17939
u0000545:i1340138,6.73543
u0000545:i1372686,5.65294
u0000545:i1392190,6.60514
u0000545:i1410063,5.60132
u0000545:i1528100,6.85905
u0000545:i1595656,6.04376
u0000545:i1615147,5.0758
u0000545:i1981677,5.90207
u0000545:i2140373,6.1903
u0000545:i2267998,6.59412
u0000545:i2293640,6.72996
u0000545:i2294629,6.37523
u0000545:i3538766,6.55527
u0000545:i4065308,0
u0000545:i4353376,4.8065
u0000550:i0056193,7.72229
u0000550:i0064665,7.72229
u0000550:i0075314,7.72229
u0000550:i0078788,7.72229
u0000550:i0096895,7.72229
u0000550:i0100150,7.72229
u0000550:i0111161,7.72229
u0000550:i0114814,7.72229
u0000550:i0120689,7.72229
u0000550:i0190332,7.72229
u0000550:i0369610,7.72229
u0000550:i0470752,7.72229
u0000550:i0790724,7.72229
u0000550:i1412386,7.72229
u0000550:i1617661,7.72229
u0000550:i2278388,7.72229
u0000550:i2802144,7.72229
u0000550:i3263614,7.72229
u0000556:i0093779,7.47892
u0000556:i1674771,7.47892
u0000556:i1798684,7.47892
u0000556:i2582846,7.47892
u0000565:i0481499,7.60697
u0000565:i1964418,7.60697
u0000565:i2395427,7.60697
u0000565:i2756032,7.60697
u0000565:i2872718,7.60697
u0000565:i4257858,7.60697
u0000590:i0110413,7.01876
u0000590:i0172495,7.01876
u0000590:i0247586,7.01876
u0000590:i0470752,7.01876
u0000590:i0478970,7.01876
u0000590:i0914863,7.01876
u0000590:i1014763,7.01876
u0000590:i1020072,7.01876
u0000590:i1057500,7.01876
u0000590:i1189340,7.01876
u0000590:i1205489,7.01876
u0000590:i1211956,7.01876
u0000590:i1217209,7.01876
u0000590:i1392190,7.01876
u0000590:i1600196,7.01876
u0000590:i1675434,7.01876
u0000590:i1972571,7.01876
u0000590:i2106361,7.01876
u0000590:i2179136,7.01876
u0000590:i2338151,7.01876
u0000590:i2370248,7.01876
u0000590:i2381941,7.01876
u0000590:i2555736,7.01876
u0000590:i2562232,7.01876
u0000590:i2802144,7.01876
u0000590:i2908446,7.01876
u0000590:i2937898,7.01876
u0000590:i2980516,7.01876
u0000590:i2980592,7.01876
u0000590:i2980648,7.01876
u0000590:i3042408,7.01876
u0000590:i3079380,7.01876
u0000646:i0119528,7.50887
u0000646:i0365907,7.50887
u0000646:i0478970,7.50887
u0000646:i0831387,7.50887
u0000646:i1228705,7.50887
u0000646:i1381404,7.50887
u0000646:i1486834,7.50887
u0000646:i1638355,7.50887
u0000646:i1661382,7.50887
u0000646:i1663207,7.50887
u0000646:i1853728,7.50887
u0000646:i1859650,7.50887
u0000646:i1932767,7.50887
u0000646:i1972779,7.50887
u0000646:i2179136,7.50887
u0000646:i2381249,7.50887
u0000646:i2381941,7.50887
u0000646:i2392326,7.50887
u0000646:i2465146,7.50887
u0000646:i2562232,7.50887
u0000646:i2802144,7.50887
u0000646:i2980516,7.50887
u0000646:i3169706,7.50887
u0000646:i3316960,7.50887
u0000646:i3399024,7.50887
u0000646:i3814486,7.50887
u0000646:i3983266,7.50887
u0000678:i0407887,6.67196
u0000678:i1028528,6.67196
u0000678:i1911644,6.67196
u0000678:i1956620,6.67196
u0000678:i2509850,6.67196
u0000745:i0032138,6.24729
u0000745:i0339291,2.25198
u0000745:i3079380,6.61146
u0000747:i0369610,7.06349
u0000747:i0470752,7.06349
u0000747:i0478970,7.06349
u0000747:i0816692,7.06349
u0000747:i1502712,7.06349
u0000747:i1617661,7.06349
u0000747:i2084970,7.06349
u0000747:i2096673,7.06349
u0000747:i2180411,7.06349
u0000747:i2310332,7.06349
u0000747:i2381249,7.06349
u0000747:i2395427,7.06349
u0000747:i2908446,7.06349
u0000747:i2980516,7.06349
u0000747:i3622592,7.06349
u0000755:i0478970,6.56726
u0000755:i1340138,6.75158
u0000755:i1524930,6.19326
u0000755:i1666801,5.9612
u0000755:i1790864,6.63361
u0000755:i1810683,6.37644
u0000755:i2096673,6.79207
u0000755:i2120120,6.52828
u0000755:i2170439,6.77824
u0000755:i2179136,6.90023
u0000755:i2245084,7.01688
u0000755:i2293640,6.75417
u0000755:i2294449,6.71337
u0000755:i2381249,6.62609
u0000755:i2582846,6.08952
u0000755:i2637276,6.3212
u0000755:i2872718,6.98085
u0000755:i2908446,6.49616
u0000755:i2967224,6.23465
u0000755:i2994190,6.45775
u0000755:i3079380,6.62735
u0000755:i4178092,6.24192
u0000764:i1109624,6.95348
u0000764:i1362518,6.95348
u0000764:i2872718,6.95348
u0000764:i3110770,6.95348
u0000791:i0088247,5.88596
u0000791:i0103064,5.8339
u0000791:i0105695,5.08305
u0000791:i0111161,4.8365
u0000791:i0121765,4.8153
u0000791:i0121766,4.96365
u0000791:i0137523,5.64512
u0000791:i0181852,6.75723
u0000791:i0325980,6.03654
u0000791:i0381849,5.82361
u0000791:i0383574,6.69254
u0000791:i0438488,6.55361
u0000791:i0449994,0
u0000791:i0470752,6.85707
u0000791:i0796366,6.59372
u0000791:i1267297,6.52622
u0000791:i1291584,5.31738
u0000791:i1392190,6.61072
u0000791:i1408101,6.93743
u0000791:i1454468,5.8158
u0000791:i1596350,5.536
u0000791:i1790864,6.67173
u0000791:i1823672,6.81884
u0000791:i1985981,0
u0000791:i2058107,6.84962
u0000791:i2395427,6.87545
u0000791:i2788710,7.04076
u0000791:i2802144,6.75792
u0000791:i2911666,7.02969
u0000791:i3716142,0
u0000803:i0369610,7.92598
u0000803:i0478970,7.92598
u0000803:i1121096,7.92598
u0000803:i1524930,7.92598
u0000803:i1638355,7.92598
u0000803:i1798684,7.92598
u0000803:i2802144,7.92598
u0000803:i3705388,7.92598
u0000803:i4142022,7.92598
u0000816:i0292610,0
u0000816:i0320691,6.72315
u0000816:i2402101,6.36711
u0000816:i2980472,6.09404
u0000816:i3079016,6.70247
u0000828:i1617661,7.67
u0000828:i1809398,7.67
u0000828:i2126355,7.67
u0000829:i0369610,7.60697
u0000829:i0470752,7.60697
u0000829:i1392190,7.60697
u0000829:i1655441,7.60697
u0000829:i2404425,7.60697
u0000829:i2848292,7.60697
u0000829:i3316960,7.60697
u0000842:i0369610,7.50908
u0000842:i0478970,7.50908
u0000842:i1020072,7.50908
u0000842:i1065073,7.50908
u0000842:i1100089,7.50908
u0000842:i1392190,7.50908
u0000842:i1661199,7.50908
u0000842:i1791528,7.50908
u0000842:i1823672,7.50908
u0000842:i2084970,7.50908
u0000842:i2170593,7.50908
u0000842:i2179136,7.50908
u0000842:i2180411,7.50908
u0000842:i2305051,7.50908
u0000842:i2395427,7.50908
u0000842:i2562232,7.50908
u0000842:i2820852,7.50908
u0000842:i3011894,7.50908
u0000844:i0478970,7.62022
u0000844:i1340138,7.62022
u0000844:i1837703,7.62022
u0000844:i1872194,7.62022
u0000844:i2199571,7.62022
u0000844:i2369135,7.62022
u0000844:i2381249,7.62022
u0000844:i2395427,7.62022
u0000844:i2820852,7.62022
u0000844:i3369806,7.62022
u0000862:i0369610,7.4454
u0000862:i1392190,7.4454
u0000862:i1661199,7.4454
u0000862:i1823664,7.4454
u0000862:i1841642,7.4454
u0000862:i2140379,7.4454
u0000862:i2179136,7.4454
u0000862:i2180411,7.4454
u0000862:i2381249,7.4454
u0000862:i2582802,7.4454
u0000862:i2820852,7.4454
u0000862:i2908446,7.4454
u0000862:i3079380,7.4454
u0000862:i3247714,7.4454
u0000862:i4114744,7.4454
u0000862:i4114762,7.4454
u0000862:i4437212,7.4454
u0000882:i0120888,7.67
u0000882:i0203019,7.67
u0000882:i0317740,7.67
u0000882:i0388125,7.67
u0000882:i0456554,7.67
u0000882:i0478970,7.67
u0000882:i0884732,7.67
u0000882:i0959306,7.67
u0000882:i1007028,7.67
u0000882:i1032815,7.67
u0000882:i1137470,7.67
u0000882:i1321869,7.67
u0000882:i1411238,7.67
u0000882:i1571249,7.67
u0000882:i1622547,7.67
u0000882:i1661199,7.67
u0000882:i1692486,7.67
u0000882:i1698641,7.67
u0000882:i1810683,7.67
u0000882:i1823672,7.67
u0000882:i1840309,7.67
u0000882:i1850397,7.67
u0000882:i1972779,7.67
u0000882:i1980209,7.67
u0000882:i2016335,7.67
u0000882:i2039393,7.67
u0000882:i2064968,7.67
u0000882:i2097298,7.67
u0000882:i2120120,7.67
u0000882:i2126355,7.67
u0000882:i2180411,7.67
u0000882:i2224026,7.67
u0000882:i2272918,7.67
u0000882:i2302755,7.67
u0000882:i2322441,7.67
u0000882:i2355495,7.67
u0000882:i2381249,7.67
u0000882:i2381941,7.67
u0000882:i2395427,7.67
u0000882:i2404425,7.67
u0000882:i2420166,7.67
u0000882:i2555736,7.67
u0000882:i2559458,7.67
u0000882:i2582802,7.67
u0000882:i2652092,7.67
u0000882:i2692250,7.67
u0000882:i2751310,7.67
u0000882:i2788716,7.67
u0000882:i2802136,7.67
u0000882:i2802144,7.67
u0000882:i2845578,7.67
u0000882:i2848292,7.67
u0000882:i2870756,7.67
u0000882:i2870808,7.67
u0000882:i2884206,7.67
u0000882:i2917388,7.67
u0000882:i2933544,7.67
u0000882:i2987732,7.67
u0000882:i3079380,7.67
u0000882:i3139538,7.67
u0000882:i3181822,7.67
u0000882:i3203616,7.67
u0000882:i3229648,7.67
u0000882:i3316960,7.67
u0000882:i3318750,7.67
u0000882:i3442006,7.67
u0000882:i3450650,7.67
u0000882:i3480796,7.67
u0000882:i4257950,7.67
u0000882:i4267602,7.67
u0000898:i0110357,8.45177
u0000898:i0111161,8.45177
u0000898:i0119217,8.45177
u0000898:i0266543,8.45177
u0000898:i0268978,8.45177
u0000898:i0337741,8.45177
u0000898:i0338013,8.45177
u0000898:i0375611,8.45177
u0000898:i0419887,8.45177
u0000898:i0482571,8.45177
u0000898:i0780571,8.45177
u0000898:i0814314,8.45177
u0000898:i1010048,8.45177
u0000898:i1454468,8.45177
u0000898:i1853728,8.45177
u0000898:i2097298,8.45177
u0000898:i2381941,8.45177
u0000898:i2431286,8.45177
u0000898:i2528814,8.45177
u0000898:i3007512,8.45177
u0000904:i0061418,7.63485
u0000904:i0120915,7.63485
u0000904:i0298408,7.63485
u0000904:i0323872,7.63485
u0000904:i0454876,7.63485
u0000904:i0470752,7.63485
u0000904:i0780536,7.63485
u0000904:i2562232,7.63485
u0000904:i2582802,7.63485
u0000904:i2764784,7.63485
u0000904:i2911666,7.63485
u0000904:i3203616,7.63485
u0000904:i4192740,7.63485
u0000908:i0110912,5.40611
u0000908:i0227445,4.26897
u0000908:i0348836,3.72825
u0000908:i0361862,5.86018
u0000908:i0993842,5.70376
u0000908:i1291584,5.40906
u0000908:i1401152,6.33541
u0000908:i2042568,6.56138
u0000908:i2264918,0
u0000908:i2820852,6.66371
u0000908:i3345952,0
u0000920:i2084970,7.50908
u0000920:i2395427,7.50908
u0000920:i2802154,7.50908
u0000920:i2820852,7.50908
u0000920:i3195644,7.50908
u0001004:i0076759,5.81336
u0001004:i0268978,5.22403
u0001004:i0436697,4.49661
u0001004:i0468569,5.17974
u0001004:i0816692,6.43974
u0001004:i0896529,3.75454
u0001004:i1086772,6.4411
u0001004:i1371111,6.81746
u0001004:i1647668,6.58927
u0001004:i2131698,0
u0001004:i2170439,6.8143
u0001004:i2267998,6.61036
u0001004:i2305051,7.02612
u0001004:i2562232,6.9365
u0001004:i2582802,6.90975
u0001004:i2582846,6.15644
u0001004:i2639344,6.97858
u0001004:i2756032,7.01985
u0001004:i2980516,6.94075
u0001004:i3082826,0
u0001004:i3713030,3.80348
u0001026:i1809398,7.89105
u0001026:i2084970,7.89105
u0001026:i2179136,7.89105
u0001026:i2446042,7.89105
u0001026:i3622592,7.89105
u0001062:i0470752,6.86892
u0001062:i1791528,6.95711
u0001062:i2261331,6.35631
u0001062:i2631186,6.08457
u0001062:i2720680,6.14137
u0001062:i3449292,3.71446
u0001070:i0119528,7.92598
u0001070:i0120903,7.92598
u0001070:i0363988,7.92598
u0001070:i0970472,7.92598
u0001070:i0993846,7.92598
u0001070:i1300854,7.92598
u0001070:i1490017,7.92598
u0001070:i1564367,7.92598
u0001070:i1840309,7.92598
u0001070:i1843866,7.92598
u0001070:i2096672,7.92598
u0001070:i2294449,7.92598
u0001070:i2395427,7.92598
u0001070:i2802144,7.92598
u0001070:i2820852,7.92598
u0001070:i3532608,7.92598
u0001070:i4504452,7.92598
u0001093:i2293640,6.77846
u0001093:i3064298,6.97146
u0001093:i3168230,7.01767
u0001094:i0470752,6.92012
u0001094:i1528100,6.92012
u0001094:i2267998,6.92012
u0001094:i2278388,6.92012
u0001094:i2582802,6.92012
u0001095:i0104070,7.24473
u0001095:i0337741,7.24473
u0001095:i1230414,7.24473
u0001095:i1356790,7.24473
u0001095:i1872194,7.24473
u0001095:i2179136,7.24473
u0001095:i2305051,7.24473
u0001095:i2582802,7.24473
u0001095:i2714900,7.24473
u0001095:i2872718,7.24473
u0001099:i0114369,5.00644
u0001099:i0325980,6.324
u0001099:i0758794,3.67052
u0001099:i0780504,6.47009
u0001099:i0945513,5.5725
u0001099:i1210819,6.56701
u0001099:i1291584,5.50232
u0001099:i1483013,5.96052
u0001099:i2084970,6.78186
u0001099:i2582802,6.91737
u0001099:i2802144,6.76431
u0001099:i2980516,6.95
u0001109:i0816692,7.37723
u0001109:i1392190,7.37723
u0001109:i1430612,7.37723
u0001109:i1872194,7.37723
u0001109:i2872718,7.37723
u0001134:i0470752,7.06092
u0001134:i0816711,7.06092
u0001134:i1300854,7.06092
u0001134:i1408101,7.06092
u0001143:i0327137,8.5902
u0001143:i0469623,8.5902
u0001143:i0914863,8.5902
u0001143:i1305806,8.5902
u0001143:i2034031,8.5902
u0001143:i2084970,8.5902
u0001143:i2300975,8.5902
u0001143:i2713180,8.5902
u0001143:i2870756,8.5902
u0001143:i3249158,8.5902
u0001147:i0480242,5.00155
u0001147:i0804497,4.54736
u0001147:i0889573,6.49882
u0001147:i2048770,2.53708
u0001147:i2170593,6.96812
u0001147:i2402157,7.2162
u0001147:i2980472,6.32842
u0001162:i0369610,7.70258
u0001162:i0409182,7.70258
u0001162:i0409459,7.70258
u0001162:i0435761,7.70258
u0001162:i1065073,7.70258
u0001162:i1204977,7.70258
u0001162:i1392190,7.70258
u0001162:i1631867,7.70258
u0001162:i1674771,7.70258
u0001162:i2278388,7.70258
u0001162:i2322441,7.70258
u0001162:i2395427,7.70258
u0001162:i2582802,7.70258
u0001162:i2872718,7.70258
u0001162:i3322940,7.70258
u0001162:i3358808,7.70258
u0001162:i3387648,7.70258
u0001170:i1638355,7.60697
u0001170:i2084970,7.60697
u0001170:i2182972,7.60697
u0001170:i2562232,7.60697
u0001170:i2582802,7.60697
u0001170:i2872718,7.60697
u0001170:i3089388,7.60697
u0001170:i4257858,7.60697
u0001208:i0128278,7.50908
u0001208:i0369610,7.50908
u0001208:i0435651,7.50908
u0001208:i1121096,7.50908
u0001208:i1213663,7.50908
u0001208:i1540128,7.50908
u0001208:i1655441,7.50908
u0001208:i1666801,7.50908
u0001208:i1731141,7.50908
u0001208:i1798709,7.50908
u0001208:i1837703,7.50908
u0001208:i1854564,7.50908
u0001208:i1872194,7.50908
u0001208:i1964418,7.50908
u0001208:i2395427,7.50908
u0001208:i2404425,7.50908
u0001208:i2567712,7.50908
u0001208:i2652092,7.50908
u0001208:i2713180,7.50908
u0001208:i2980592,7.50908
u0001208:i3007512,7.50908
u0001210:i0357413,6.77632
u0001210:i0458339,6.60051
u0001210:i1034032,4.55704
u0001210:i1772341,6.09662
u0001260:i0478970,6.57817
u0001260:i1865505,6.41798
u0001260:i2322441,6.98242
u0001260:i3759416,4.93459
u0001299:i0149601,6.53704
u0001299:i0331811,6.53704
u0001299:i0399146,6.53704
u0001299:i0410369,6.53704
u0001299:i0450259,6.53704
u0001299:i0455944,6.53704
u0001299:i0470752,6.53704
u0001299:i0476735,6.53704
u0001299:i0477080,6.53704
u0001299:i0816692,6.53704
u0001299:i0826606,6.53704
u0001299:i0829150,6.53704
u0001299:i0914798,6.53704
u0001299:i1027718,6.53704
u0001299:i1051907,6.53704
u0001299:i1186830,6.53704
u0001299:i1229340,6.53704
u0001299:i1335975,6.53704
u0001299:i1392190,6.53704
u0001299:i1528100,6.53704
u0001299:i1558877,6.53704
u0001299:i1617661,6.53704
u0001299:i1656186,6.53704
u0001299:i1661199,6.53704
u0001299:i2084970,6.53704
u0001299:i2103281,6.53704
u0001299:i2140373,6.53704
u0001299:i2150209,6.53704
u0001299:i2309961,6.53704
u0001299:i2322441,6.53704
u0001299:i2333784,6.53704
u0001299:i2446042,6.53704
u0001299:i2582802,6.53704
u0001299:i2802144,6.53704
u0001299:i2820852,6.53704
u0001299:i2872718,6.53704
u0001299:i2884206,6.53704
u0001299:i2923316,6.53704
u0001299:i3007512,6.53704
u0001299:i4519742,6.53704
u0001318:i0103045,6.95939
u0001318:i0109962,6.95939
u0001318:i0116426,6.95939
u0001318:i0369610,6.95939
u0001318:i0454876,6.95939
u0001318:i1323594,6.95939
u0001318:i1340138,6.95939
u0001318:i1371111,6.95939
u0001318:i1392190,6.95939
u0001318:i1412386,6.95939
u0001318:i1446714,6.95939
u0001318:i1474276,6.95939
u0001318:i1588173,6.95939
u0001318:i1661199,6.95939
u0001318:i1727388,6.95939
u0001318:i1823672,6.95939
u0001318:i1931533,6.95939
u0001318:i1972779,6.95939
u0001318:i2180411,6.95939
u0001318:i2293640,6.95939
u0001318:i2395427,6.95939
u0001318:i2802144,6.95939
u0001318:i2908446,6.95939
u0001318:i3195644,6.95939
u0001325:i0365907,7.27199
u0001325:i0470752,7.27199
u0001325:i0787474,7.27199
u0001325:i0829150,7.27199
u0001325:i1020072,7.27199
u0001325:i1100089,7.27199
u0001325:i1109624,7.27199
u0001325:i1216491,7.27199
u0001325:i1311071,7.27199
u0001325:i1440292,7.27199
u0001325:i1528100,7.27199
u0001325:i1545754,7.27199
u0001325:i1567233,7.27199
u0001325:i1571249,7.27199
u0001325:i1614989,7.27199
u0001325:i1617661,7.27199
u0001325:i1625346,7.27199
u0001325:i1683526,7.27199
u0001325:i1714206,7.27199
u0001325:i1747958,7.27199
u0001325:i1772288,7.27199
u0001325:i1791528,7.27199
u0001325:i1809398,7.27199
u0001325:i1836808,7.27199
u0001325:i1862079,7.27199
u0001325:i1865505,7.27199
u0001325:i1866249,7.27199
u0001325:i1951265,7.27199
u0001325:i1980929,7.27199
u0001325:i2073086,7.27199
u0001325:i2084970,7.27199
u0001325:i2096672,7.27199
u0001325:i2170439,7.27199
u0001325:i2170593,7.27199
u0001325:i2179136,7.27199
u0001325:i2180411,7.27199
u0001325:i2199571,7.27199
u0001325:i2223990,7.27199
u0001325:i2231253,7.27199
u0001325:i2235779,7.27199
u0001325:i2245084,7.27199
u0001325:i2290553,7.27199
u0001325:i2305051,7.27199
u0001325:i2310332,7.27199
u0001325:i2328922,7.27199
u0001325:i2381941,7.27199
u0001325:i2395427,7.27199
u0001325:i2446042,7.27199
u0001325:i2473794,7.27199
u0001325:i2515034,7.27199
u0001325:i2562232,7.27199
u0001325:i2570858,7.27199
u0001325:i2582802,7.27199
u0001325:i2614684,7.27199
u0001325:i2652092,7.27199
u0001325:i2692250,7.27199
u0001325:i2717822,7.27199
u0001325:i2752688,7.27199
u0001325:i2788710,7.27199
u0001325:i2788716,7.27199
u0001325:i2800240,7.27199
u0001325:i2802144,7.27199
u0001325:i2802154,7.27199
u0001325:i2872718,7.27199
u0001325:i2872750,7.27199
u0001325:i2910814,7.27199
u0001325:i2911666,7.27199
u0001325:i2917388,7.27199
u0001325:i2937898,7.27199
u0001325:i2980516,7.27199
u0001325:i2980592,7.27199
u0001325:i3045616,7.27199
u0001325:i3093522,7.27199
u0001325:i3186318,7.27199
u0001325:i3235888,7.27199
u0001325:i3322940,7.27199
u0001325:i3416742,7.27199
u0001325:i3442006,7.27199
u0001325:i3612616,7.27199
u0001325:i3630276,7.27199
u0001325:i3729920,7.27199
u0001325:i4044364,7.27199
u0001331:i0317248,7.53934
u0001331:i1206543,7.53934
u0001331:i1764234,7.53934
u0001331:i1828970,7.53934
u0001331:i1999995,7.53934
u0001331:i2004432,7.53934
u0001331:i2226417,7.53934
u0001331:i2870612,7.53934
u0001366:i2192016,5.2348
u0001366:i2325977,5.38618
u0001366:i2366308,0
u0001366:i2446042,6.95172
u0001366:i2802144,6.77069
u0001366:i3799996,0
u0001368:i0884732,7.42237
u0001368:i1109624,7.42237
u0001368:i1661199,7.42237
u0001368:i2395427,7.42237
u0001368:i2820852,7.42237
u0001368:i3660770,7.42237
u0001376:i0816692,6.44908
u0001376:i1392190,6.61631
u0001376:i2084970,6.78889
u0001430:i0399146,7.17667
u0001430:i0443706,7.17667
u0001430:i0455944,7.17667
u0001430:i0790636,7.17667
u0001430:i1065073,7.17667
u0001430:i1408253,7.17667
u0001430:i2267998,7.17667
u0001430:i2713180,7.17667
u0001430:i2802144,7.17667
u0001430:i2980516,7.17667
u0001432:i1661199,7.67
u0001432:i2145829,7.67
u0001432:i2293640,7.67
u0001432:i2908446,7.67
u0001432:i3863552,7.67
u0001439:i0088763,4.62012
u0001439:i0096874,3.53785
u0001439:i0099088,4.93152
u0001439:i1392190,6.6219
u0001439:i2967224,6.31068
u0001457:i1014763,7.01876
u0001457:i1687221,7.01876
u0001457:i1702014,7.01876
u0001457:i2084970,7.01876
u0001457:i2091235,7.01876
u0001457:i2318625,7.01876
u0001457:i2560102,7.01876
u0001457:i2991092,7.01876
u0001457:i3169706,7.01876
u0001457:i3289362,7.01876
u0001465:i1617661,7.92598
u0001465:i1655441,7.92598
u0001465:i2582802,7.92598
u0001465:i2802144,7.92598
u0001465:i3045616,7.92598
u0001469:i0078748,7.04828
u0001469:i0369610,7.04828
u0001469:i0478970,7.04828
u0001469:i1340138,7.04828
u0001469:i1392190,7.04828
u0001469:i1502712,7.04828
u0001469:i1617661,7.04828
u0001469:i1638355,7.04828
u0001469:i1798684,7.04828
u0001469:i2265171,7.04828
u0001469:i2381249,7.04828
u0001469:i2395427,7.04828
u0001469:i2679042,7.04828
u0001469:i2802144,7.04828
u0001504:i0117802,7.70696
u0001504:i0477348,7.70696
u0001504:i1020072,7.70696
u0001504:i1340138,7.70696
u0001504:i1392190,7.70696
u0001504:i2096673,7.70696
u0001504:i2582802,7.70696
u0001504:i2802144,7.70696
u0001504:i2870648,7.70696
u0001504:i2872718,7.70696
u0001504:i2980516,7.70696
u0001524:i0028141,7.78105
u0001524:i0039822,7.78105
u0001524:i0040497,7.78105
u0001524:i0043825,7.78105
u0001524:i0045112,7.78105
u0001524:i0046478,7.78105
u0001524:i0047445,7.78105
u0001524:i0156901,7.78105
u0001524:i0179098,7.78105
u0001524:i0291003,7.78105
u0001524:i0301414,7.78105
u0001524:i0331370,7.78105
u0001524:i0339230,7.78105
u0001524:i0418455,7.78105
u0001524:i0816692,7.78105
u0001524:i1226236,7.78105
u0001524:i1600196,7.78105
u0001524:i1924429,7.78105
u0001524:i2278388,7.78105
u0001545:i2088003,5.99745
u0001545:i2820852,6.67249
u0001545:i3203616,6.45909
u0001567:i0110322,7.60697
u0001567:i0206634,7.60697
u0001567:i0230600,7.60697
u0001567:i0369610,7.60697
u0001567:i0414387,7.60697
u0001567:i0443465,7.60697
u0001567:i0816442,7.60697
u0001567:i1091191,7.60697
u0001567:i1392170,7.60697
u0001567:i1655441,7.60697
u0001567:i1675434,7.60697
u0001567:i1702439,7.60697
u0001567:i1772264,7.60697
u0001567:i1911644,7.60697
u0001567:i2980516,7.60697
u0001567:i3007512,7.60697
u0001567:i4547120,7.60697
u0001593:i0057012,7.37416
u0001593:i0076759,7.37416
u0001593:i0119174,7.37416
u0001593:i0119396,7.37416
u0001593:i0132512,7.37416
u0001593:i0185014,7.37416
u0001593:i0230838,7.37416
u0001593:i0469494,7.37416
u0001593:i0838221,7.37416
u0001593:i1020072,7.37416
u0001593:i1126590,7.37416
u0001593:i1135503,7.37416
u0001593:i1198156,7.37416
u0001593:i1243974,7.37416
u0001593:i1638002,7.37416
u0001593:i1726592,7.37416
u0001593:i1748122,7.37416
u0001593:i1964418,7.37416
u0001593:i1972779,7.37416
u0001593:i2024544,7.37416
u0001593:i2096672,7.37416
u0001593:i2170439,7.37416
u0001593:i2179136,7.37416
u0001593:i2562232,7.37416
u0001593:i3316960,7.37416
u0001598:i0108052,7.67
u0001598:i0118749,7.67
u0001598:i0206634,7.67
u0001598:i0472043,7.67
u0001598:i0816692,7.67
u0001598:i0985699,7.67
u0001598:i1100089,7.67
u0001598:i1216491,7.67
u0001598:i1255953,7.67
u0001598:i1791528,7.67
u0001598:i1798684,7.67
u0001598:i1863192,7.67
u0001598:i2011159,7.67
u0001598:i2084970,7.67
u0001598:i2245084,7.67
u0001598:i2265171,7.67
u0001598:i2338151,7.67
u0001598:i2381249,7.67
u0001598:i2562232,7.67
u0001598:i2737050,7.67
u0001598:i2802144,7.67
u0001598:i2802154,7.67
u0001598:i2872718,7.67
u0001598:i2937898,7.67
u0001598:i3011894,7.67
u0001603:i0900387,7.67
u0001603:i2088003,7.67
u0001603:i2870756,7.67
u0001603:i2908446,7.67
u0001603:i2923316,7.67
u0001603:i3674140,7.67
u0001619:i0325980,7.74937
u0001619:i2084970,7.74937
u0001619:i2562232,7.74937
u0001625:i0369610,6.75545
u0001625:i0454841,3.66177
u0001625:i0478970,6.5891
u0001625:i1392190,6.6275
u0001625:i1398426,6.81639
u0001625:i1780798,7.02417
u0001625:i1798684,6.5026
u0001625:i2039393,6.74554
u0001625:i2165859,6.33818
u0001625:i2293640,6.80285
u0001625:i2381249,6.63794
u0001625:i2381941,6.82155
u0001625:i2933474,5.38697
u0001625:i3079380,6.64328
u0001625:i3111486,0
u0001625:i3550902,0
u0001707:i1675434,7.18779
u0001707:i1726592,7.18779
u0001707:i1872194,7.18779
u0001715:i0478970,7.5585
u0001715:i2562232,7.5585
u0001715:i2980516,7.5585
u0001716:i0206634,7.92598
u0001716:i0765443,7.92598
u0001716:i1392190,7.92598
u0001716:i2084970,7.92598
u0001734:i0034583,7.60697
u0001734:i0081398,7.60697
u0001734:i0142342,7.60697
u0001734:i0245429,7.60697
u0001734:i0389557,7.60697
u0001734:i1255953,7.60697
u0001734:i1872194,7.60697
u0001734:i2024519,7.60697
u0001734:i2245084,7.60697
u0001734:i2331143,7.60697
u0001734:i2562232,7.60697
u0001734:i3316960,7.60697
u0001734:i3390572,7.60697
u0001737:i0057058,7.60697
u0001737:i0067040,7.60697
u0001737:i0080388,7.60697
u0001737:i0347048,7.60697
u0001737:i0398883,7.60697
u0001737:i1531924,7.60697
u0001737:i2182972,7.60697
u0001737:i2452254,7.60697
u0001737:i2582802,7.60697
u0001737:i2752688,7.60697
u0001737:i3079016,7.60697
u0001737:i3720788,7.60697
u0001744:i0099685,6.21812
u0001744:i0102926,5.47876
u0001744:i0114369,5.06465
u0001744:i0114388,5.13048
u0001744:i0414387,5.53342
u0001744:i0482571,4.63983
u0001744:i0816692,6.45842
u0001744:i1130884,4.90323
u0001744:i1800241,6.48724
u0001744:i1872194,6.99267
u0001744:i2267998,6.62664
u0001744:i2917388,6.84516
u0001744:i3461252,5.26139
u0001747:i0230600,7.611
u0001747:i0369610,7.611
u0001747:i1291584,7.611
u0001751:i0079522,7.10271
u0001751:i0254455,7.10271
u0001751:i0458413,7.10271
u0001751:i0981227,7.10271
u0001751:i1270798,7.10271
u0001751:i1306980,7.10271
u0001751:i1412386,7.10271
u0001751:i1450321,7.10271
u0001751:i1486834,7.10271
u0001751:i1535438,7.10271
u0001751:i1570989,7.10271
u0001751:i1638002,7.10271
u0001751:i1646980,7.10271
u0001751:i1680045,7.10271
u0001751:i1932718,7.10271
u0001751:i1972779,7.10271
u0001751:i1980929,7.10271
u0001751:i2063781,7.10271
u0001751:i2101569,7.10271
u0001751:i2107861,7.10271
u0001751:i2322441,7.10271
u0001751:i2390237,7.10271
u0001772:i0079501,6.70226
u0001772:i0089461,6.70226
u0001772:i0191397,6.70226
u0001772:i0331953,6.70226
u0001772:i0478970,6.70226
u0001772:i1398426,6.70226
u0001772:i1617661,6.70226
u0001772:i1981677,6.70226
u0001772:i2561572,6.70226
u0001772:i2967224,6.70226
u0001772:i3919322,6.70226
u0001779:i0364751,7.60697
u0001779:i0467406,7.60697
u0001779:i0993846,7.60697
u0001779:i1401152,7.60697
u0001779:i1411238,7.60697
u0001779:i1659337,7.60697
u0001779:i1772288,7.60697
u0001779:i2004420,7.60697
u0001779:i2446042,7.60697
u0001779:i2975578,7.60697
u0001790:i2039393,7.05265
u0001790:i2179136,7.05265
u0001790:i2562232,7.05265
u0001804:i0369610,6.82247
u0001804:i0478970,6.82247
u0001804:i0816692,6.82247
u0001804:i0993846,6.82247
u0001804:i1193138,6.82247
u0001804:i1798684,6.82247
u0001804:i1823672,6.82247
u0001804:i1853728,6.82247
u0001804:i1956620,6.82247
u0001804:i2245084,6.82247
u0001804:i2381941,6.82247
u0001804:i2395427,6.82247
u0001804:i2446042,6.82247
u0001804:i2713180,6.82247
u0001804:i2802144,6.82247
u0001804:i2820852,6.82247
u0001804:i2872718,6.82247
u0001830:i0369610,6.7628
u0001830:i2126355,6.8995
u0001830:i2562232,6.94384
u0001887:i0795434,6.18186
u0001887:i2245084,6.18186
u0001887:i2402157,6.18186
u0001887:i2463288,6.18186
u0001887:i2692250,6.18186
u0001887:i2713180,6.18186
u0001898:i0986264,7.60697
u0001898:i1091191,7.60697
u0001898:i2582802,7.60697
u0001900:i0478970,7.60697
u0001900:i1392190,7.60697
u0001900:i2084970,7.60697
u0001900:i2245084,7.60697
u0001900:i2322441,7.60697
u0001900:i2395427,7.60697
u0001900:i2799166,7.60697
u0001900:i2848292,7.60697
u0001900:i2883512,7.60697
u0001900:i3079380,7.60697
u0001939:i2493486,6.20632
u0001939:i3316960,6.78184
u0001939:i3442006,7.0749
u0001940:i0108052,7.38436
u0001940:i1077368,7.38436
u0001940:i1100089,7.38436
u0001940:i1499658,7.38436
u0001940:i1648112,7.38436
u0001940:i2322441,7.38436
u0001940:i2562232,7.38436
u0001940:i2802154,7.38436
u0001940:i2911666,7.38436
u0001941:i1392190,6.6331
u0001941:i1418754,6.327
u0001941:i1545759,2.76876
u0001941:i1698641,6.70607
u0001941:i1714206,6.8124
u0001941:i1800338,4.00685
u0001941:i1899353,5.23326
u0001941:i1939659,5.92049
u0001941:i2381941,6.83396
u0001953:i0113568,5.76706
u0001953:i0120647,5.76706
u0001953:i0396575,5.76706
u0001953:i0470752,5.76706
u0001953:i1617661,5.76706
u0001953:i2245084,5.76706
u0001953:i2305051,5.76706
u0001953:i2381249,5.76706
u0001953:i2436386,5.76706
u0001953:i2562232,5.76706
u0001953:i2802144,5.76706
u0001965:i2278388,6.62025
u0001965:i2820852,6.68128
u0001965:i3460084,0
u0001989:i0048028,6.33253
u0001989:i0072271,5.42925
u0001989:i0074486,6.46821
u0001989:i0077559,0
u0001989:i0080678,6.91238
u0001989:i0083907,0
u0001989:i0094964,5.11185
u0001989:i0103873,5.10552
u0001989:i0261983,0
u0001989:i0364569,5.17181
u0002020:i0088247,7.50908
u0002020:i0095016,7.50908
u0002020:i0117571,7.50908
u0002020:i0120082,7.50908
u0002020:i0120737,7.50908
u0002020:i0120855,7.50908
u0002020:i0120903,7.50908
u0002020:i0130018,7.50908
u0002020:i0134084,7.50908
u0002020:i0145487,7.50908
u0002020:i0187738,7.50908
u0002020:i0230600,7.50908
u0002020:i0252866,7.50908
u0002020:i0263488,7.50908
u0002020:i0316654,7.50908
u0002020:i0328828,7.50908
u0002020:i0332280,7.50908
u0002020:i0376994,7.50908
u0002020:i0404032,7.50908
u0002020:i0416449,7.50908
u0002020:i0435761,7.50908
u0002020:i0454876,7.50908
u0002020:i0458525,7.50908
u0002020:i0463854,7.50908
u0002020:i0472181,7.50908
u0002020:i0790636,7.50908
u0002020:i0800369,7.50908
u0002020:i0816692,7.50908
u0002020:i0936501,7.50908
u0002020:i1024648,7.50908
u0002020:i1041829,7.50908
u0002020:i1049413,7.50908
u0002020:i1217209,7.50908
u0002020:i1262416,7.50908
u0002020:i1267297,7.50908
u0002020:i1285016,7.50908
u0002020:i1318514,7.50908
u0002020:i1397280,7.50908
u0002020:i1401152,7.50908
u0002020:i1411697,7.50908
u0002020:i1591095,7.50908
u0002020:i1623205,7.50908
u0002020:i1632708,7.50908
u0002020:i1661199,7.50908
u0002020:i1907668,7.50908
u0002020:i1922777,7.50908
u0002020:i2015381,7.50908
u0002020:i2023587,7.50908
u0002020:i2084970,7.50908
u0002020:i2109248,7.50908
u0002020:i2184339,7.50908
u0002020:i2199571,7.50908
u0002020:i2226417,7.50908
u0002020:i2368672,7.50908
u0002020:i2401097,7.50908
u0002020:i2446042,7.50908
u0002021:i0080120,7.66676
u0002021:i0120903,7.66676
u0002021:i0290334,7.66676
u0002021:i0376994,7.66676
u0002021:i0455944,7.66676
u0002021:i0458339,7.66676
u0002021:i0816462,7.66676
u0002021:i0829150,7.66676
u0002021:i1245492,7.66676
u0002021:i1371150,7.66676
u0002021:i1392190,7.66676
u0002021:i1411250,7.66676
u0002021:i1418754,7.66676
u0002021:i1617661,7.66676
u0002021:i1638355,7.66676
u0002021:i1707386,7.66676
u0002021:i1790864,7.66676
u0002021:i1833673,7.66676
u0002021:i1843866,7.66676
u0002021:i1972779,7.66676
u0002021:i2015381,7.66676
u0002021:i2179136,7.66676
u0002021:i2322441,7.66676
u0002021:i2338151,7.66676
u0002021:i2397535,7.66676
u0002021:i2474972,7.66676
u0002021:i2562232,7.66676
u0002021:i2582802,7.66676
u0002021:i2788710,7.66676
u0002021:i2802144,7.66676
u0002021:i2820852,7.66676
u0002021:i2872718,7.66676
u0002021:i2980516,7.66676
u0002021:i2980592,7.66676
u0002046:i1790864,7.73132
u0002046:i1850397,7.73132
u0002046:i1951265,7.73132
u0002046:i2199571,7.73132
u0002046:i2305051,7.73132
u0002046:i2446042,7.73132
u0002046:i2562232,7.73132
u0002046:i3125324,7.73132
u0002046:i3316960,7.73132
u0002056:i0361862,8.03373
u0002056:i0840361,8.03373
u0002056:i1024648,8.03373
u0002056:i1483013,8.03373
u0002056:i1706593,8.03373
u0002056:i1790864,8.03373
u0002056:i2084970,8.03373
u0002056:i2395427,8.03373
u0002056:i2911666,8.03373
u0002056:i3089922,8.03373
u0002078:i0266697,7.73132
u0002078:i0787474,7.73132
u0002078:i1111422,7.73132
u0002078:i1659337,7.73132
u0002078:i2278388,7.73132
u0002078:i2562232,7.73132
u0002078:i2713180,7.73132
u0002079:i0092005,5.85255
u0002079:i0104797,6.20058
u0002079:i0120689,4.41325
u0002079:i1100089,6.92894
u0002112:i1020072,7.91092
u0002112:i1316037,7.91092
u0002112:i3235888,7.91092
u0002112:i3605418,7.91092
u0002119:i1126590,7.12984
u0002119:i2994190,7.12984
u0002119:i3140100,7.12984
u0002121:i0117381,5.80328
u0002121:i0285742,0
u0002121:i0758758,5.93015
u0002121:i1392170,4.77823
u0002121:i1568338,6.81528
u0002121:i2096673,6.80689
u0002121:i2726560,6.23869
u0002133:i0046438,5.02709
u0002133:i0046912,5.4996
u0002133:i0047281,0
u0002133:i0053946,0
u0002133:i0066765,0
u0002133:i0074937,0
u0002133:i0085959,5.44964
u0002133:i0090967,3.55596
u0002133:i0108122,3.99376
u0002133:i0235060,0
u0002170:i0111161,7.67
u0002170:i0112461,7.67
u0002170:i0114814,7.67
u0002170:i0137523,7.67
u0002170:i0139654,7.67
u0002170:i0169547,7.67
u0002170:i0209144,7.67
u0002170:i0230600,7.67
u0002170:i0268978,7.67
u0002170:i0277027,7.67
u0002170:i0298130,7.67
u0002170:i0328107,7.67
u0002170:i0332280,7.67
u0002170:i0357413,7.67
u0002170:i0372784,7.67
u0002170:i0375679,7.67
u0002170:i0405159,7.67
u0002170:i0407304,7.67
u0002170:i0407887,7.67
u0002170:i0408236,7.67
u0002170:i0419749,7.67
u0002170:i0421715,7.67
u0002170:i0425112,7.67
u0002170:i0435679,7.67
u0002170:i0443543,7.67
u0002170:i0443706,7.67
u0002170:i0452623,7.67
u0002170:i0457939,7.67
u0002170:i0468569,7.67
u0002170:i0477348,7.67
u0002170:i0482571,7.67
u0002170:i0790636,7.67
u0002170:i0802948,7.67
u0002170:i0816692,7.67
u0002170:i0825232,7.67
u0002170:i0829482,7.67
u0002170:i0831387,7.67
u0002170:i0964517,7.67
u0002170:i1024648,7.67
u0002170:i1065073,7.67
u0002170:i1092026,7.67
u0002170:i1130884,7.67
u0002170:i1152836,7.67
u0002170:i1212450,7.67
u0002170:i1219289,7.67
u0002170:i1242432,7.67
u0002170:i1291150,7.67
u0002170:i1345836,7.67
u0002170:i1375666,7.67
u0002170:i1392214,7.67
u0002170:i1403865,7.67
u0002170:i1408253,7.67
u0002170:i1411697,7.67
u0002170:i1478338,7.67
u0002170:i1504320,7.67
u0002170:i1606389,7.67
u0002170:i1667355,7.67
u0002170:i1924396,7.67
u0002170:i1979320,7.67
u0002170:i1981677,7.67
u0002170:i2023587,7.67
u0002170:i2059171,7.67
u0002170:i2084970,7.67
u0002170:i2179136,7.67
u0002170:i2267998,7.67
u0002170:i2278388,7.67
u0002170:i2316411,7.67
u0002170:i2334873,7.67
u0002170:i2494280,7.67
u0002170:i2562232,7.67
u0002170:i2582802,7.67
u0002170:i2713180,7.67
u0002170:i2872718,7.67
u0002170:i2883512,7.67
u0002170:i2980516,7.67
u0002170:i2994190,7.67
u0002170:i3079380,7.67
u0002170:i3316960,7.67
u0002198:i2084970,7.41959
u0002198:i2395427,7.41959
u0002198:i2820852,7.41959
u0002198:i2872718,7.41959
u0002198:i2908446,7.41959
u0002198:i3195644,7.41959
u0002221:i0369610,7.92598
u0002221:i0816692,7.92598
u0002221:i0907657,7.92598
u0002221:i2278388,7.92598
u0002221:i3316960,7.92598
u0002233:i0087544,7.93399
u0002233:i0107290,7.93399
u0002233:i0299977,7.93399
u0002233:i0385004,7.93399
u0002233:i0457430,7.93399
u0002233:i1410063,7.93399
u0002233:i1638355,7.93399
u0002233:i2013293,7.93399
u0002233:i2190467,7.93399
u0002233:i2381249,7.93399
u0002233:i2395427,7.93399
u0002233:i3152624,7.93399
u0002236:i0369610,8.00333
u0002236:i2802144,8.00333
u0002236:i2820852,8.00333
u0002255:i0265086,7.67
u0002255:i0397892,7.67
u0002255:i0455944,7.67
u0002255:i1291150,7.67
u0002255:i1762399,7.67
u0002255:i1821658,7.67
u0002255:i2267998,7.67
u0002255:i2357291,7.67
u0002255:i2713180,7.67
u0002255:i2752758,7.67
u0002315:i0369610,6.77016
u0002315:i0454921,4.4874
u0002315:i0974661,5.77529
u0002315:i1229340,6.43132
u0002315:i1340138,6.76777
u0002315:i1800246,5.8399
u0002315:i2126355,6.92113
u0002315:i2170439,6.85054
u0002315:i2267998,6.64296
u0002315:i2395427,6.8829
u0002315:i2582802,6.92501
u0002315:i2872718,6.99233
u0002347:i2179136,7.60697
u0002347:i2802144,7.60697
u0002347:i2872732,7.60697
u0002362:i2126355,8.37839
u0002362:i2820852,8.37839
u0002362:i2889112,8.37839
u0002369:i0107048,8.23405
u0002369:i0408236,8.23405
u0002369:i1392190,8.23405
u0002369:i1823672,8.23405
u0002369:i1964418,8.23405
u0002369:i2039393,8.23405
u0002369:i2084970,8.23405
u0002369:i2120120,8.23405
u0002369:i2126355,8.23405
u0002369:i2199571,8.23405
u0002369:i2293640,8.23405
u0002369:i2294629,8.23405
u0002369:i2802144,8.23405
u0002369:i2980516,8.23405
u0002369:i3247714,8.23405
u0002369:i3863552,8.23405
u0002374:i0816692,7.28861
u0002374:i2820852,7.28861
u0002374:i2980516,7.28861
u0002381:i0055601,8.5283
u0002381:i0089108,8.5283
u0002381:i0178561,8.5283
u0002381:i2084970,8.5283
u0002381:i3011894,8.5283
u0002381:i3316960,8.5283
u0002390:i0073629,7.76569
u0002390:i0102926,7.76569
u0002390:i0167260,7.76569
u0002390:i0167261,7.76569
u0002390:i0369610,7.76569
u0002390:i0371724,7.76569
u0002390:i0458339,7.76569
u0002390:i0829150,7.76569
u0002390:i0936501,7.76569
u0002390:i1298650,7.76569
u0002390:i1392190,7.76569
u0002390:i1397280,7.76569
u0002390:i1853728,7.76569
u0002390:i2179136,7.76569
u0002390:i2245084,7.76569
u0002390:i2279373,7.76569
u0002390:i2395427,7.76569
u0002390:i2713180,7.76569
u0002390:i2820852,7.76569
u0002390:i2908446,7.76569
u0002390:i2918436,7.76569
u0002390:i3045616,7.76569
u0002390:i3450650,7.76569
u0002390:i3472226,7.76569
u0002396:i0120891,7.45651
u0002396:i0258153,7.45651
u0002396:i0343818,7.45651
u0002396:i0359013,7.45651
u0002396:i0383216,7.45651
u0002396:i0838232,7.45651
u0002396:i1528100,7.45651
u0002396:i1606389,7.45651
u0002396:i1666801,7.45651
u0002396:i1670345,7.45651
u0002396:i2139555,7.45651
u0002396:i2140373,7.45651
u0002396:i2179136,7.45651
u0002396:i2209764,7.45651
u0002396:i2223990,7.45651
u0002396:i2224026,7.45651
u0002396:i2231253,7.45651
u0002396:i2245084,7.45651
u0002396:i2381941,7.45651
u0002396:i2820852,7.45651
u0002396:i3079380,7.45651
u0002396:i3450650,7.45651
u0002398:i1655441,7.55556
u0002398:i1666801,7.55556
u0002398:i1809398,7.55556
u0002398:i2096673,7.55556
u0002398:i2273657,7.55556
u0002398:i2355495,7.55556
u0002398:i2381249,7.55556
u0002398:i2395427,7.55556
u0002398:i2401097,7.55556
u0002398:i2820852,7.55556
u0002398:i2908446,7.55556
u0002398:i2980516,7.55556
u0002398:i2980648,7.55556
u0002398:i3195644,7.55556
u0002398:i3713166,7.55556
u0002398:i3863552,7.55556
u0002405:i0389557,7.55543
u0002405:i0765010,7.55543
u0002405:i2582802,7.55543
u0002406:i0078718,7.60697
u0002406:i0842926,7.60697
u0002406:i1306980,7.60697
u0002406:i1563738,7.60697
u0002406:i2366450,7.60697
u0002406:i2395417,7.60697
u0002406:i2404461,7.60697
u0002412:i0359950,7.63196
u0002412:i0470752,7.63196
u0002412:i1392190,7.63196
u0002412:i2361700,7.63196
u0002412:i2562232,7.63196
u0002412:i2802144,7.63196
u0002412:i2872718,7.63196
u0002412:i2883512,7.63196
u0002412:i4044364,7.63196
u0002450:i0375679,6.80333
u0002450:i0478970,6.80333
u0002450:i1119646,6.80333
u0002450:i1318514,6.80333
u0002450:i1392190,6.80333
u0002450:i1591479,6.80333
u0002450:i1605783,6.80333
u0002450:i1655441,6.80333
u0002450:i1809398,6.80333
u0002450:i1823672,6.80333
u0002450:i2140379,6.80333
u0002450:i2322441,6.80333
u0002450:i2375627,6.80333
u0002450:i2515030,6.80333
u0002450:i2614684,6.80333
u0002450:i2908446,6.80333
u0002450:i2935476,6.80333
u0002450:i3079380,6.80333
u0002454:i0057546,8.79091
u0002454:i0083284,8.79091
u0002454:i0103874,8.79091
u0002454:i0470752,8.79091
u0002454:i0816692,8.79091
u0002454:i0884732,8.79091
u0002454:i1014763,8.79091
u0002454:i1020055,8.79091
u0002454:i1058017,8.79091
u0002454:i1100089,8.79091
u0002454:i1109624,8.79091
u0002454:i1126590,8.79091
u0002454:i1137470,8.79091
u0002454:i1204977,8.79091
u0002454:i1216491,8.79091
u0002454:i1247690,8.79091
u0002454:i1321860,8.79091
u0002454:i1528100,8.79091
u0002454:i1567437,8.79091
u0002454:i1580426,8.79091
u0002454:i1605798,8.79091
u0002454:i1617661,8.79091
u0002454:i1626146,8.79091
u0002454:i1638002,8.79091
u0002454:i1661199,8.79091
u0002454:i1661820,8.79091
u0002454:i1666801,8.79091
u0002454:i1694021,8.79091
u0002454:i1698641,8.79091
u0002454:i1731701,8.79091
u0002454:i1772288,8.79091
u0002454:i1791682,8.79091
u0002454:i1809398,8.79091
u0002454:i1810683,8.79091
u0002454:i1823672,8.79091
u0002454:i1841642,8.79091
u0002454:i1850397,8.79091
u0002454:i1872194,8.79091
u0002454:i1951265,8.79091
u0002454:i1972779,8.79091
u0002454:i1978532,8.79091
u0002454:i1988621,8.79091
u0002454:i2034031,8.79091
u0002454:i2039393,8.79091
u0002454:i2063666,8.79091
u0002454:i2084970,8.79091
u0002454:i2088003,8.79091
u0002454:i2096672,8.79091
u0002454:i2097298,8.79091
u0002454:i2124787,8.79091
u0002454:i2139555,8.79091
u0002454:i2141751,8.79091
u0002454:i2165765,8.79091
u0002454:i2170439,8.79091
u0002454:i2170593,8.79091
u0002454:i2179136,8.79091
u0002454:i2180411,8.79091
u0002454:i2180994,8.79091
u0002454:i2182972,8.79091
u0002454:i2199571,8.79091
u0002454:i2224026,8.79091
u0002454:i2231253,8.79091
u0002454:i2245084,8.79091
u0002454:i2258285,8.79091
u0002454:i2261331,8.79091
u0002454:i2305051,8.79091
u0002454:i2310332,8.79091
u0002454:i2318268,8.79091
u0002454:i2322441,8.79091
u0002454:i2325977,8.79091
u0002454:i2334733,8.79091
u0002454:i2338151,8.79091
u0002454:i2355495,8.79091
u0002454:i2358925,8.79091
u0002454:i2366608,8.79091
u0002454:i2381941,8.79091
u0002454:i2393845,8.79091
u0002454:i2400275,8.79091
u0002454:i2401097,8.79091
u0002454:i2404171,8.79091
u0002454:i2404425,8.79091
u0002454:i2420166,8.79091
u0002454:i2436386,8.79091
u0002454:i2446042,8.79091
u0002454:i2452254,8.79091
u0002454:i2459156,8.79091
u0002454:i2473794,8.79091
u0002454:i2474024,8.79091
u0002454:i2509850,8.79091
u0002454:i2517658,8.79091
u0002454:i2548208,8.79091
u0002454:i2555736,8.79091
u0002454:i2558318,8.79091
u0002454:i2561572,8.79091
u0002454:i2562232,8.79091
u0002454:i2582802,8.79091
u0002454:i2584018,8.79091
u0002454:i2616810,8.79091
u0002454:i2637294,8.79091
u0002454:i2639254,8.79091
u0002454:i2667918,8.79091
u0002454:i2669336,8.79091
u0002454:i2692250,8.79091
u0002454:i2713180,8.79091
u0002454:i2717822,8.79091
u0002454:i2725962,8.79091
u0002454:i2726560,8.79091
u0002454:i2758904,8.79091
u0002454:i2784678,8.79091
u0002454:i2785032,8.79091
u0002454:i2788710,8.79091
u0002454:i2788716,8.79091
u0002454:i2799166,8.79091
u0002454:i2802136,8.79091
u0002454:i2848292,8.79091
u0002454:i2870808,8.79091
u0002454:i2872718,8.79091
u0002454:i2872724,8.79091
u0002454:i2911666,8.79091
u0002454:i2911668,8.79091
u0002454:i2917388,8.79091
u0002454:i2918436,8.79091
u0002454:i2924442,8.79091
u0002454:i2926810,8.79091
u0002454:i2935476,8.79091
u0002454:i2948790,8.79091
u0002454:i2962876,8.79091
u0002454:i2965412,8.79091
u0002454:i2967008,8.79091
u0002454:i2967224,8.79091
u0002454:i2980472,8.79091
u0002454:i2980516,8.79091
u0002454:i2980708,8.79091
u0002454:i2994190,8.79091
u0002454:i2994948,8.79091
u0002454:i2996684,8.79091
u0002454:i3045616,8.79091
u0002454:i3125220,8.79091
u0002454:i3125324,8.79091
u0002454:i3128900,8.79091
u0002454:i3138558,8.79091
u0002454:i3139538,8.79091
u0002454:i3181822,8.79091
u0002454:i3203616,8.79091
u0002454:i3233418,8.79091
u0002454:i3235888,8.79091
u0002454:i3247714,8.79091
u0002454:i3253624,8.79091
u0002454:i3280916,8.79091
u0002454:i3297330,8.79091
u0002454:i3316960,8.79091
u0002454:i3328716,8.79091
u0002454:i3367686,8.79091
u0002454:i3387648,8.79091
u0002454:i3442006,8.79091
u0002454:i3442990,8.79091
u0002454:i3450650,8.79091
u0002454:i3526408,8.79091
u0002454:i3713166,8.79091
u0002454:i3729920,8.79091
u0002454:i3816458,8.79091
u0002454:i4007502,8.79091
u0002454:i4056738,8.79091
u0002454:i4163668,8.79091
u0002454:i4577398,8.79091
u0002477:i1020072,7.92598
u0002477:i2170593,7.92598
u0002477:i3152624,7.92598
u0002483:i0012349,4.76946
u0002483:i0021749,6.00977
u0002483:i0119488,6.08101
u0002483:i0120689,4.59714
u0002483:i0172495,5.49078
u0002483:i0209144,5.66488
u0002483:i0245429,5.54742
u0002483:i0365907,6.94481
u0002483:i0378793,5.55298
u0002483:i0390808,0
u0002483:i0396269,5.92342
u0002483:i0427470,5.70347
u0002483:i0434409,6.23464
u0002483:i0449059,5.94216
u0002483:i0454921,4.6536
u0002483:i0455944,6.76207
u0002483:i0496806,4.40049
u0002483:i0497465,5.6712
u0002483:i0765010,5.50834
u0002483:i0765429,5.8755
u0002483:i0780536,7.12603
u0002483:i0783233,4.34842
u0002483:i0816692,6.46778
u0002483:i0861739,5.82845
u0002483:i0884732,6.68178
u0002483:i1033575,6.82898
u0002483:i1117385,1.9179
u0002483:i1130884,4.97753
u0002483:i1183923,0
u0002483:i1198156,5.52111
u0002483:i1232829,6.14887
u0002483:i1289406,6.60967
u0002483:i1386588,6.72105
u0002483:i1437358,3.76881
u0002483:i1638002,6.30591
u0002483:i1663207,6.38403
u0002483:i1666801,6.03133
u0002483:i1714206,7.06471
u0002483:i1859650,6.32431
u0002483:i1945039,0
u0002483:i1951265,6.85124
u0002483:i2084970,6.79592
u0002483:i2167202,5.8114
u0002483:i2179116,7.03716
u0002483:i2179136,6.90765
u0002483:i2199571,6.43882
u0002483:i2275946,6.41362
u0002483:i2278388,6.64442
u0002483:i2314824,3.13451
u0002483:i2343793,6.07345
u0002483:i2381941,6.84638
u0002483:i2446042,6.97082
u0002483:i2479800,6.82825
u0002483:i2582846,6.22409
u0002483:i2737050,6.88895
u0002483:i2802144,6.77709
u0002483:i2820852,6.69008
u0002483:i2848292,6.69275
u0002483:i2883512,6.85169
u0002483:i2980516,6.95927
u0002483:i2991224,6.0954
u0002483:i2994190,6.54054
u0002483:i3011894,6.83426
u0002483:i3097204,7.06626
u0002483:i3316960,6.80278
u0002519:i0369610,7.92782
u0002519:i0470752,7.92782
u0002519:i0471009,7.92782
u0002519:i0482606,7.92782
u0002519:i0758771,7.92782
u0002519:i0780511,7.92782
u0002519:i0787474,7.92782
u0002519:i0816692,7.92782
u0002519:i0884732,7.92782
u0002519:i0963794,7.92782
u0002519:i1007018,7.92782
u0002519:i1014763,7.92782
u0002519:i1029360,7.92782
u0002519:i1083462,7.92782
u0002519:i1109624,7.92782
u0002519:i1133991,7.92782
u0002519:i1137470,7.92782
u0002519:i1198156,7.92782
u0002519:i1261954,7.92782
u0002519:i1267297,7.92782
u0002519:i1296899,7.92782
u0002519:i1323973,7.92782
u0002519:i1392190,7.92782
u0002519:i1398426,7.92782
u0002519:i1457765,7.92782
u0002519:i1486834,7.92782
u0002519:i1519461,7.92782
u0002519:i1528100,7.92782
u0002519:i1592281,7.92782
u0002519:i1609479,7.92782
u0002519:i1617661,7.92782
u0002519:i1626146,7.92782
u0002519:i1661199,7.92782
u0002519:i1666801,7.92782
u0002519:i1698641,7.92782
u0002519:i1706598,7.92782
u0002519:i1713476,7.92782
u0002519:i1715873,7.92782
u0002519:i1716777,7.92782
u0002519:i1748227,7.92782
u0002519:i1767372,7.92782
u0002519:i1780798,7.92782
u0002519:i1798243,7.92782
u0002519:i1798684,7.92782
u0002519:i1810683,7.92782
u0002519:i1823672,7.92782
u0002519:i1881002,7.92782
u0002519:i1921149,7.92782
u0002519:i1951265,7.92782
u0002519:i1977895,7.92782
u0002519:i1999995,7.92782
u0002519:i2034031,7.92782
u0002519:i2039393,7.92782
u0002519:i2071550,7.92782
u0002519:i2091478,7.92782
u0002519:i2096673,7.92782
u0002519:i2101569,7.92782
u0002519:i2124787,7.92782
u0002519:i2149360,7.92782
u0002519:i2179136,7.92782
u0002519:i2180994,7.92782
u0002519:i2205401,7.92782
u0002519:i2205697,7.92782
u0002519:i2224026,7.92782
u0002519:i2245151,7.92782
u0002519:i2262227,7.92782
u0002519:i2268458,7.92782
u0002519:i2273657,7.92782
u0002519:i2278388,7.92782
u0002519:i2279373,7.92782
u0002519:i2293640,7.92782
u0002519:i2294677,7.92782
u0002519:i2300975,7.92782
u0002519:i2305051,7.92782
u0002519:i2309260,7.92782
u0002519:i2325977,7.92782
u0002519:i2326612,7.92782
u0002519:i2339741,7.92782
u0002519:i2355495,7.92782
u0002519:i2358925,7.92782
u0002519:i2370248,7.92782
u0002519:i2381941,7.92782
u0002519:i2383068,7.92782
u0002519:i2420166,7.92782
u0002519:i2428170,7.92782
u0002519:i2436386,7.92782
u0002519:i2446042,7.92782
u0002519:i2493486,7.92782
u0002519:i2503154,7.92782
u0002519:i2509850,7.92782
u0002519:i2535470,7.92782
u0002519:i2555736,7.92782
u0002519:i2561546,7.92782
u0002519:i2561572,7.92782
u0002519:i2577172,7.92782
u0002519:i2624412,7.92782
u0002519:i2635006,7.92782
u0002519:i2637294,7.92782
u0002519:i2667918,7.92782
u0002519:i2725962,7.92782
u0002519:i2802136,7.92782
u0002519:i2802144,7.92782
u0002519:i2820852,7.92782
u0002519:i2918436,7.92782
u0002519:i2937898,7.92782
u0002519:i2944198,7.92782
u0002519:i2948790,7.92782
u0002519:i2962876,7.92782
u0002519:i2967224,7.92782
u0002519:i2980472,7.92782
u0002519:i2980648,7.92782
u0002519:i2980708,7.92782
u0002519:i2994190,7.92782
u0002519:i3079380,7.92782
u0002519:i3152624,7.92782
u0002519:i3179568,7.92782
u0002519:i3181822,7.92782
u0002519:i3195644,7.92782
u0002519:i3200980,7.92782
u0002519:i3203616,7.92782
u0002519:i3214248,7.92782
u0002519:i3235888,7.92782
u0002519:i3318750,7.92782
u0002519:i3369806,7.92782
u0002519:i3395184,7.92782
u0002519:i3713166,7.92782
u0002519:i3813310,7.92782
u0002521:i0472071,7.4309
u0002521:i1216516,7.4309
u0002521:i1540005,7.4309
u0002524:i0078788,7.92598
u0002524:i0094226,7.92598
u0002524:i0117407,7.92598
u0002524:i0117951,7.92598
u0002524:i0118715,7.92598
u0002524:i0120815,7.92598
u0002524:i0286151,7.92598
u0002524:i0335266,7.92598
u0002524:i0449059,7.92598
u0002524:i0469494,7.92598
u0002524:i0470752,7.92598
u0002524:i0816692,7.92598
u0002524:i0887912,7.92598
u0002524:i1172570,7.92598
u0002524:i1183919,7.92598
u0002524:i1392190,7.92598
u0002524:i1528100,7.92598
u0002524:i1535109,7.92598
u0002524:i1545754,7.92598
u0002524:i1631867,7.92598
u0002524:i1790864,7.92598
u0002524:i1853728,7.92598
u0002524:i1951265,7.92598
u0002524:i2084970,7.92598
u0002524:i2170299,7.92598
u0002524:i2179136,7.92598
u0002524:i2224026,7.92598
u0002524:i2305051,7.92598
u0002524:i2381941,7.92598
u0002524:i2458776,7.92598
u0002524:i2562232,7.92598
u0002524:i2582802,7.92598
u0002524:i2802144,7.92598
u0002535:i0073486,5.45297
u0002535:i0106519,5.32639
u0002535:i0109830,5.57801
u0002535:i0120889,6.64002
u0002535:i0122690,5.55077
u0002535:i0162222,5.88529
u0002535:i0264464,5.31705
u0002535:i0327056,6.51519
u0002535:i0338013,5.49037
u0002535:i0790636,6.88709
u0002535:i0816692,6.47716
u0002535:i1321870,5.95086
u0002535:i1528100,6.89715
u0002535:i1535109,5.27322
u0002535:i1823672,6.8336
u0002535:i1872194,7.01453
u0002535:i1951261,5.15569
u0002535:i1980929,6.83881
u0002535:i2294449,6.80793
u0002535:i2582802,6.93265
u0002535:i2802144,6.78349
u0002535:i2820852,6.6989
u0002535:i2872718,7.00383
u0002538:i1398426,6.87618
u0002538:i1502712,6.58914
u0002538:i1798684,6.52704
u0002538:i2039393,6.78878
u0002538:i2381249,6.64982
u0002538:i4178092,6.30252
u0002590:i0443453,6.62731
u0002590:i0816692,6.48654
u0002590:i0936501,6.15761
u0002590:i0945513,5.71538
u0002590:i2267998,6.65933
u0002590:i2582802,6.9403
u0002590:i2713180,6.93652
u0002590:i2802144,6.78989
u0002590:i2820852,6.70773
u0002590:i2908446,6.51421
u0002590:i3538766,6.94087
u0002637:i0369610,7.43514
u0002637:i0478970,7.43514
u0002637:i1340138,7.43514
u0002637:i1617661,7.43514
u0002637:i2145829,7.43514
u0002637:i2562232,7.43514
u0002637:i2788710,7.43514
u0002637:i2917388,7.43514
u0002637:i2980516,7.43514
u0002644:i0264935,7.60697
u0002644:i0310281,7.60697
u0002644:i0333766,7.60697
u0002644:i0903657,7.60697
u0002644:i1020072,7.60697
u0002644:i1243974,7.60697
u0002644:i1392190,7.60697
u0002644:i1424432,7.60697
u0002644:i1441953,7.60697
u0002644:i1638355,7.60697
u0002644:i1661199,7.60697
u0002644:i1798684,7.60697
u0002644:i2096673,7.60697
u0002644:i2179136,7.60697
u0002644:i2273657,7.60697
u0002644:i2381111,7.60697
u0002644:i2395427,7.60697
u0002644:i2404425,7.60697
u0002644:i2415458,7.60697
u0002644:i2452254,7.60697
u0002644:i2582496,7.60697
u0002644:i2614684,7.60697
u0002644:i2675914,7.60697
u0002644:i2717860,7.60697
u0002644:i2764784,7.60697
u0002644:i2788716,7.60697
u0002644:i2802144,7.60697
u0002644:i2802154,7.60697
u0002644:i2848292,7.60697
u0002644:i2870648,7.60697
u0002644:i2891174,7.60697
u0002644:i2908446,7.60697
u0002644:i2935476,7.60697
u0002644:i2936978,7.60697
u0002644:i2937898,7.60697
u0002644:i2986768,7.60697
u0002644:i3152624,7.60697
u0002644:i3165612,7.60697
u0002644:i3168230,7.60697
u0002644:i3172532,7.60697
u0002644:i3205376,7.60697
u0002644:i3215846,7.60697
u0002644:i3235888,7.60697
u0002644:i3236120,7.60697
u0002644:i3264102,7.60697
u0002644:i3268030,7.60697
u0002644:i3297330,7.60697
u0002644:i3302706,7.60697
u0002644:i3316960,7.60697
u0002644:i3318750,7.60697
u0002644:i3409392,7.60697
u0002644:i3416744,7.60697
u0002644:i3518012,7.60697
u0002644:i3534282,7.60697
u0002644:i3622592,7.60697
u0002644:i3640682,7.60697
u0002644:i3704416,7.60697
u0002644:i3713030,7.60697
u0002644:i3754976,7.60697
u0002644:i3824458,7.60697
u0002644:i3844362,7.60697
u0002644:i3850214,7.60697
u0002644:i3859304,7.60697
u0002644:i3924180,7.60697
u0002644:i4078814,7.60697
u0002644:i4145304,7.60697
u0002644:i4157220,7.60697
u0002644:i4185572,7.60697
u0002644:i4229236,7.60697
u0002644:i4257858,7.60697
u0002644:i4263482,7.60697
u0002644:i4270516,7.60697
u0002644:i4284010,7.60697
u0002644:i4355574,7.60697
u0002647:i0051866,6.86627
u0002647:i0067328,6.86627
u0002647:i0102685,6.86627
u0002647:i0113161,6.86627
u0002647:i2179136,6.86627
u0002657:i2293640,6.82732
u0002657:i2381249,6.66171
u0002657:i2404425,6.72899
u0002657:i2726560,6.30108
u0002670:i0816692,6.49594
u0002670:i1790864,6.71007
u0002670:i2084970,6.80296
u0002670:i2310332,6.78904
u0002670:i2562232,6.95118
u0002670:i2980516,6.96855
u0002685:i1545759,3.69169
u0002685:i1798684,6.55158
u0002685:i1823672,6.84839
u0002685:i2039393,6.8323
u0002685:i2199571,6.46182
u0002685:i2305051,7.05492
u0002685:i2310332,6.82137
u0002686:i0000417,6.49309
u0002686:i0066993,6.49309
u0002686:i0068235,6.49309
u0002686:i0082031,6.49309
u0002686:i0088128,6.49309
u0002686:i0094077,6.49309
u0002686:i0094721,6.49309
u0002686:i0120647,6.49309
u0002686:i0123755,6.49309
u0002686:i0364517,6.49309
u0002686:i0365907,6.49309
u0002686:i0369610,6.49309
u0002686:i0831387,6.49309
u0002686:i0838221,6.49309
u0002686:i0981227,6.49309
u0002686:i1253863,6.49309
u0002686:i1340800,6.49309
u0002686:i1626146,6.49309
u0002686:i1798709,6.49309
u0002686:i1809398,6.49309
u0002686:i2006040,6.49309
u0002686:i2084970,6.49309
u0002686:i2107861,6.49309
u0002686:i2149190,6.49309
u0002686:i2179136,6.49309
u0002686:i2199571,6.49309
u0002686:i2223990,6.49309
u0002686:i2294449,6.49309
u0002686:i2321549,6.49309
u0002686:i2322441,6.49309
u0002686:i2395427,6.49309
u0002686:i2557490,6.49309
u0002686:i2784512,6.49309
u0002686:i2788710,6.49309
u0002686:i2820852,6.49309
u0002686:i2832470,6.49309
u0002686:i2883512,6.49309
u0002686:i2926810,6.49309
u0002686:i3045616,6.49309
u0002686:i3472226,6.49309
u0002686:i3625152,6.49309
u0002686:i3704538,6.49309
u0002695:i0071807,7.60697
u0002695:i0080120,7.60697
u0002695:i0101507,7.60697
u0002695:i0107290,7.60697
u0002695:i0158983,7.60697
u0002695:i0266915,7.60697
u0002695:i0284837,7.60697
u0002695:i0369610,7.60697
u0002695:i0381707,7.60697
u0002695:i0816692,7.60697
u0002695:i1109624,7.60697
u0002695:i1392190,7.60697
u0002695:i1398426,7.60697
u0002695:i1457767,7.60697
u0002695:i1591095,7.60697
u0002695:i1600196,7.60697
u0002695:i1853739,7.60697
u0002695:i1922777,7.60697
u0002695:i2096672,7.60697
u0002695:i2243537,7.60697
u0002695:i2395427,7.60697
u0002695:i2567712,7.60697
u0002695:i2781832,7.60697
u0002695:i2788710,7.60697
u0002695:i2802144,7.60697
u0002695:i2820852,7.60697
u0002695:i2828996,7.60697
u0002695:i2980516,7.60697
u0002695:i2980592,7.60697
u0002695:i3322940,7.60697
u0002695:i4293752,7.60697
u0002700:i0094651,3.9295
u0002700:i0250258,6.31194
u0002700:i0272020,5.31006
u0002700:i0301357,5.96122
u0002700:i0997152,5.40391
u0002700:i1063669,6.31843
u0002700:i1853728,4.86182
u0002700:i2015381,6.60229
u0002700:i3138104,3.32974
u0002702:i0074958,7.97525
u0002702:i0369610,7.97525
u0002702:i1392190,7.97525
u0002702:i1817287,7.97525
u0002702:i2070853,7.97525
u0002702:i2096673,7.97525
u0002702:i2210769,7.97525
u0002702:i2531282,7.97525
u0002702:i3268458,7.97525
u0002702:i3472226,7.97525
u0002702:i3606298,7.97525
u0002702:i3907180,7.97525
u0002702:i4044364,7.97525
u0002702:i4178092,7.97525
u0002702:i4254568,7.97525
u0002702:i4397346,7.97525
u0002729:i0478970,7.06117
u0002729:i1340138,7.06117
u0002729:i2096673,7.06117
u0002765:i0067185,7.84025
u0002765:i0073650,7.84025
u0002765:i0085959,7.84025
u0002765:i0088846,7.84025
u0002765:i0093754,7.84025
u0002765:i0094291,7.84025
u0002765:i0109508,7.84025
u0002765:i0120669,7.84025
u0002765:i0128445,7.84025
u0002765:i0133152,7.84025
u0002765:i0157016,7.84025
u0002765:i0168629,7.84025
u0002765:i0169828,7.84025
u0002765:i0241527,7.84025
u0002765:i0247586,7.84025
u0002765:i0265086,7.84025
u0002765:i0265666,7.84025
u0002765:i0295297,7.84025
u0002765:i0304141,7.84025
u0002765:i0320661,7.84025
u0002765:i0325805,7.84025
u0002765:i0327056,7.84025
u0002765:i0330373,7.84025
u0002765:i0335266,7.84025
u0002765:i0340377,7.84025
u0002765:i0350258,7.84025
u0002765:i0376821,7.84025
u0002765:i0385004,7.84025
u0002765:i0417741,7.84025
u0002765:i0454921,7.84025
u0002765:i0455944,7.84025
u0002765:i0467406,7.84025
u0002765:i0780536,7.84025
u0002765:i0923752,7.84025
u0002765:i0926084,7.84025
u0002765:i1201607,7.84025
u0002765:i1291580,7.84025
u0002765:i1318514,7.84025
u0002765:i1392190,7.84025
u0002765:i1614989,7.84025
u0002765:i1821549,7.84025
u0002765:i1877832,7.84025
u0002765:i1935179,7.84025
u0002765:i2015381,7.84025
u0002765:i2042568,7.84025
u0002765:i2084970,7.84025
u0002765:i2103281,7.84025
u0002765:i2179136,7.84025
u0002765:i2245084,7.84025
u0002765:i2267998,7.84025
u0002765:i2278388,7.84025
u0002765:i2322441,7.84025
u0002765:i2331143,7.84025
u0002765:i2370248,7.84025
u0002765:i2515030,7.84025
u0002765:i2562232,7.84025
u0002765:i2576852,7.84025
u0002765:i2582802,7.84025
u0002765:i2713180,7.84025
u0002765:i2802144,7.84025
u0002765:i2852394,7.84025
u0002765:i2852400,7.84025
u0002765:i2872718,7.84025
u0002765:i2980516,7.84025
u0002765:i2991224,7.84025
u0002765:i3007512,7.84025
u0002765:i3011894,7.84025
u0002765:i3268458,7.84025
u0002765:i4044364,7.84025
u0002795:i0052618,6.47625
u0002795:i0059742,6.61975
u0002795:i0062622,6.99544
u0002795:i0068935,3.835
u0002795:i0103874,5.35825
u0002795:i0306734,0
u0002795:i0416320,5.91871
u0002795:i0783233,4.56584
u0002795:i0816692,6.50536
u0002795:i1135503,6.18809
u0002795:i1247690,5.89092
u0002795:i1499658,6.25649
u0002795:i1528100,6.93547
u0002795:i1661199,6.90087
u0002795:i1709143,6.70296
u0002795:i1853728,4.92579
u0002795:i1951265,6.88129
u0002795:i2051879,5.88642
u0002795:i2084970,6.81001
u0002795:i2103281,7.20149
u0002795:i2179136,6.91509
u0002795:i2180411,6.8242
u0002795:i2562232,6.95852
u0002795:i2713180,6.95378
u0002809:i0369610,7.37515
u0002809:i0458481,7.37515
u0002809:i1014763,7.37515
u0002809:i1020072,7.37515
u0002809:i1126590,7.37515
u0002809:i1291150,7.37515
u0002809:i1340138,7.37515
u0002809:i1392190,7.37515
u0002809:i1528100,7.37515
u0002809:i1617661,7.37515
u0002809:i1661199,7.37515
u0002809:i1798243,7.37515
u0002809:i1823672,7.37515
u0002809:i1951265,7.37515
u0002809:i1964418,7.37515
u0002809:i2084970,7.37515
u0002809:i2179136,7.37515
u0002809:i2180411,7.37515
u0002809:i2199571,7.37515
u0002809:i2231253,7.37515
u0002809:i2305051,7.37515
u0002809:i2381249,7.37515
u0002809:i2381941,7.37515
u0002809:i2395417,7.37515
u0002809:i2395427,7.37515
u0002809:i2401097,7.37515
u0002809:i2493486,7.37515
u0002809:i2562232,7.37515
u0002809:i2582802,7.37515
u0002809:i2652092,7.37515
u0002809:i2820852,7.37515
u0002809:i2872718,7.37515
u0002809:i2883512,7.37515
u0002809:i2980516,7.37515
u0002809:i3045616,7.37515
u0002809:i3203616,7.37515
u0002809:i4176776,7.37515
u0002812:i0117500,6.21572
u0002812:i0119094,4.8153
u0002812:i0266543,6.50551
u0002812:i0317219,6.4397
u0002812:i0481499,5.84208
u0002812:i0816692,6.51479
u0002812:i0837562,6.21014
u0002812:i0848537,2.32348
u0002812:i1001526,6.27771
u0002812:i1323594,6.5235
u0002812:i1453405,5.10083
u0002812:i1690953,6.06099
u0002812:i1860353,4.5467
u0002812:i2024469,6.2944
u0002812:i2179136,6.92253
u0002812:i2294629,6.51383
u0002812:i2446042,6.98997
u0002812:i2757228,0
u0002814:i1100089,7.61602
u0002814:i1440266,7.61602
u0002814:i2084970,7.61602
u0002814:i2182972,7.61602
u0002814:i2802154,7.61602
u0002836:i0096223,8.10228
u0002836:i1100089,8.10228
u0002836:i2561572,8.10228
u0002836:i2793490,8.10228
u0002836:i2802136,8.10228
u0002836:i3013018,8.10228
u0002836:i3442006,8.10228
u0002865:i0816692,6.52423
u0002865:i1392190,6.63871
u0002865:i2084970,6.81707
u0002865:i2179136,6.92998
u0002872:i0106519,7.43957
u0002872:i0107818,7.43957
u0002872:i0108052,7.43957
u0002872:i0119038,7.43957
u0002872:i0137523,7.43957
u0002872:i0169547,7.43957
u0002872:i0240772,7.43957
u0002872:i0253474,7.43957
u0002872:i0268978,7.43957
u0002872:i0496806,7.43957
u0002872:i1216491,7.43957
u0002872:i1418754,7.43957
u0002872:i1772250,7.43957
u0002872:i1790864,7.43957
u0002872:i1872194,7.43957
u0002872:i2199571,7.43957
u0002872:i2231253,7.43957
u0002872:i2244877,7.43957
u0002872:i2338151,7.43957
u0002872:i2381941,7.43957
u0002872:i2397535,7.43957
u0002872:i2582802,7.43957
u0002872:i2788710,7.43957
u0002872:i2802144,7.43957
u0002872:i2911666,7.43957
u0002872:i3448226,7.43957
u0002879:i0105323,7.60697
u0002879:i0458339,7.60697
u0002879:i0829150,7.60697
u0002879:i1267297,7.60697
u0002879:i1325004,7.60697
u0002879:i1726592,7.60697
u0002879:i2096672,7.60697
u0002879:i2980516,7.60697
u0002901:i1121096,6.65182
u0002901:i2199571,6.48489
u0002901:i2717822,6.72093
u0002901:i2908446,6.5323
u0002902:i0369610,7.72229
u0002902:i0480242,7.72229
u0002902:i0811080,7.72229
u0002902:i0816692,7.72229
u0002902:i1340138,7.72229
u0002902:i1790864,7.72229
u0002902:i1823672,7.72229
u0002902:i1840309,7.72229
u0002902:i1964418,7.72229
u0002902:i2126355,7.72229
u0002902:i2224026,7.72229
u0002902:i2395427,7.72229
u0002902:i2436386,7.72229
u0002902:i2802144,7.72229
u0002902:i3704538,7.72229
u0002902:i3713166,7.72229
u0002903:i1371150,7.47824
u0002903:i2582802,7.47824
u0002903:i3179568,7.47824
u0002913:i0109831,7.02667
u0002913:i0111149,7.02667
u0002913:i0307901,7.02667
u0002913:i1020773,7.02667
u0002913:i2322441,7.02667
u0002913:i2382298,7.02667
u0002913:i2737050,7.02667
u0002929:i0174856,7.73826
u0002929:i0245712,7.73826
u0002929:i0338751,7.73826
u0002929:i0420223,7.73826
u0002929:i0427470,7.73826
u0002929:i0457430,7.73826
u0002929:i0470752,7.73826
u0002929:i0756683,7.73826
u0002929:i0780536,7.73826
u0002929:i0816692,7.73826
u0002929:i0870111,7.73826
u0002929:i0887912,7.73826
u0002929:i0964517,7.73826
u0002929:i1020072,7.73826
u0002929:i1074638,7.73826
u0002929:i1126590,7.73826
u0002929:i1212450,7.73826
u0002929:i1216491,7.73826
u0002929:i1255953,7.73826
u0002929:i1276104,7.73826
u0002929:i1285016,7.73826
u0002929:i1291584,7.73826
u0002929:i1392190,7.73826
u0002929:i1399683,7.73826
u0002929:i1649419,7.73826
u0002929:i1798684,7.73826
u0002929:i1800241,7.73826
u0002929:i1823672,7.73826
u0002929:i1843866,7.73826
u0002929:i1951265,7.73826
u0002929:i2125435,7.73826
u0002929:i2167266,7.73826
u0002929:i2310332,7.73826
u0002929:i2359024,7.73826
u0002929:i2395427,7.73826
u0002929:i2438644,7.73826
u0002929:i2562232,7.73826
u0002929:i2614684,7.73826
u0002929:i2692904,7.73826
u0002929:i2802144,7.73826
u0002929:i2937898,7.73826
u0002929:i3007512,7.73826
u0002929:i3205376,7.73826
u0002929:i3316960,7.73826
u0002929:i3541262,7.73826
u0002950:i0068646,7.60697
u0002950:i0071562,7.60697
u0002950:i0816442,7.60697
u0002950:i0993846,7.60697
u0002950:i1064932,7.60697
u0002950:i1065073,7.60697
u0002950:i1126590,7.60697
u0002950:i1355630,7.60697
u0002950:i1371111,7.60697
u0002950:i1602620,7.60697
u0002950:i1606389,7.60697
u0002950:i1631867,7.60697
u0002950:i1655442,7.60697
u0002950:i1726592,7.60697
u0002950:i1832382,7.60697
u0002950:i2024519,7.60697
u0002950:i2042568,7.60697
u0002950:i2084970,7.60697
u0002950:i2106476,7.60697
u0002950:i2294629,7.60697
u0002950:i2305051,7.60697
u0002950:i2322441,7.60697
u0002950:i2358891,7.60697
u0002950:i2397535,7.60697
u0002950:i2562232,7.60697
u0002950:i2570858,7.60697
u0002950:i2582802,7.60697
u0002950:i2980516,7.60697
u0002950:i3547740,7.60697
u0002968:i1024648,5.43284
u0002968:i1675434,5.71388
u0002968:i2084970,6.82413
u0002968:i2267998,6.67573
u0002968:i2338151,6.66704
u0002968:i2397535,6.93265
u0002968:i2582802,6.94796
u0002968:i3316960,6.82377
u0002969:i0369610,6.83384
u0002969:i0478970,6.83384
u0002969:i1823664,6.83384
u0002969:i1964418,6.83384
u0002969:i2096673,6.83384
u0002969:i2224026,6.83384
u0002969:i2395427,6.83384
u0002973:i0033467,7.92598
u0002973:i0037558,7.92598
u0002973:i0078841,7.92598
u0002973:i0091355,7.92598
u0002973:i0091763,7.92598
u0002973:i0227445,7.92598
u0002973:i0363473,7.92598
u0002973:i2179136,7.92598
u0002973:i2758880,7.92598
u0002977:i1392190,8.17524
u0002977:i1823672,8.17524
u0002977:i3179568,8.17524
u0002978:i0445990,6.13865
u0002978:i1673434,6.13865
u0002978:i2180411,6.13865
u0003000:i2179136,7.67
u0003000:i2994190,7.67
u0003000:i3220192,7.67
u0003002:i0340377,5.02499
u0003002:i1029234,4.80626
u0003002:i1065073,6.89075
u0003002:i2562232,6.96588
u0003016:i0070047,7.67
u0003016:i0075005,7.67
u0003016:i0079501,7.67
u0003016:i0093773,7.67
u0003016:i0093870,7.67
u0003016:i0109707,7.67
u0003016:i0114746,7.67
u0003016:i0369610,7.67
u0003016:i0369702,7.67
u0003016:i0370263,7.67
u0003016:i0414982,7.67
u0003016:i0425112,7.67
u0003016:i0449059,7.67
u0003016:i0455944,7.67
u0003016:i0848228,7.67
u0003016:i0907657,7.67
u0003016:i1170358,7.67
u0003016:i1182345,7.67
u0003016:i1253863,7.67
u0003016:i1270798,7.67
u0003016:i1273207,7.67
u0003016:i1291584,7.67
u0003016:i1298649,7.67
u0003016:i1300854,7.67
u0003016:i1318514,7.67
u0003016:i1340138,7.67
u0003016:i1430132,7.67
u0003016:i1453245,7.67
u0003016:i1549572,7.67
u0003016:i1614989,7.67
u0003016:i1629757,7.67
u0003016:i1727770,7.67
u0003016:i1743993,7.67
u0003016:i1748207,7.67
u0003016:i1823672,7.67
u0003016:i1855199,7.67
u0003016:i2103281,7.67
u0003016:i2184339,7.67
u0003016:i2209764,7.67
u0003016:i2239832,7.67
u0003016:i2304771,7.67
u0003016:i2309961,7.67
u0003016:i2317225,7.67
u0003016:i2333804,7.67
u0003016:i2395427,7.67
u0003016:i2397535,7.67
u0003016:i2692904,7.67
u0003016:i2713180,7.67
u0003016:i2784512,7.67
u0003016:i2802144,7.67
u0003016:i3235888,7.67
u0003016:i3727824,7.67
u0003021:i0110912,6.87548
u0003021:i0470752,6.87548
u0003021:i1020072,6.87548
u0003021:i1617661,6.87548
u0003021:i2717822,6.87548
u0003021:i2802144,6.87548
u0003027:i0080120,7.43266
u0003027:i0112740,7.43266
u0003027:i0390022,7.43266
u0003027:i0884732,7.43266
u0003027:i2395427,7.43266
u0003027:i2567712,7.43266
u0003027:i2820852,7.43266
u0003028:i0081505,7.72229
u0003028:i1392190,7.72229
u0003028:i1951265,7.72229
u0003028:i2084970,7.72229
u0003028:i2562232,7.72229
u0003028:i2582802,7.72229
u0003049:i0369610,7.67
u0003049:i0435651,7.67
u0003049:i0449088,7.67
u0003057:i1130884,5.05294
u0003057:i1596365,4.8839
u0003057:i1602098,4.2619
u0003077:i1603257,3.34859
u0003077:i2072230,6.05106
u0003077:i2273657,6.24813
u0003077:i2312718,6.29205
u0003077:i3042408,5.61937
u0003077:i3713166,6.39739
u0003087:i0027131,0
u0003087:i0368226,5.58857
u0003087:i1614408,0
u0003087:i1640459,5.07134
u0003087:i2582802,6.95563
u0003101:i0070047,6.77768
u0003101:i0099487,6.77768
u0003101:i0102926,6.77768
u0003101:i0120338,6.77768
u0003101:i0211915,6.77768
u0003101:i0369610,6.77768
u0003101:i0816692,6.77768
u0003101:i1234719,6.77768
u0003101:i1340138,6.77768
u0003101:i1392170,6.77768
u0003101:i1392190,6.77768
u0003101:i1646971,6.77768
u0003101:i1726592,6.77768
u0003101:i1924435,6.77768
u0003101:i1951264,6.77768
u0003101:i1951265,6.77768
u0003101:i2126355,6.77768
u0003101:i2238050,6.77768
u0003101:i2245084,6.77768
u0003101:i2310332,6.77768
u0003101:i2820852,6.77768
u0003101:i2872718,6.77768
u0003101:i2872732,6.77768
u0003101:i2911666,6.77768
u0003101:i3177316,6.77768
u0003103:i0040525,3.5209
u0003103:i0068699,6.5258
u0003103:i0166896,5.52747
u0003103:i0816692,6.53368
u0003103:i2179136,6.93744
u0003105:i0312958,3.14807
u0003105:i0460484,3.14807
u0003105:i3379456,3.14807
u0003116:i0470752,6.88078
u0003116:i1392190,6.64432
u0003116:i1791528,7.01189
u0003116:i3472226,6.55609
u0003169:i1065073,7.60697
u0003169:i1661199,7.60697
u0003169:i2512582,7.60697
u0003184:i0369610,7.14461
u0003184:i0462590,7.14461
u0003184:i1617661,7.14461
u0003184:i1661199,7.14461
u0003184:i2322441,7.14461
u0003184:i2404425,7.14461
u0003184:i2726560,7.14461
u0003184:i2802144,7.14461
u0003184:i2848292,7.14461
u0003197:i2179136,7.89127
u0003197:i2305051,7.89127
u0003197:i2397535,7.89127
u0003197:i2911666,7.89127
u0003207:i1865505,7.52442
u0003207:i2713180,7.52442
u0003207:i2980516,7.52442
u0003212:i0052357,5.49607
u0003212:i0117381,6.04508
u0003212:i0156887,6.46327
u0003212:i0243017,4.9056
u0003212:i0353969,5.84033
u0003212:i0470752,6.89266
u0003212:i1216496,1.82567
u0003212:i1392190,6.64994
u0003212:i1772250,6.17328
u0003212:i3011894,6.88107
u0003212:i3042408,5.69852
u0003212:i3205376,6.20926
u0003212:i3253930,6.68766
u0003222:i1781922,6.95915
u0003222:i2309260,6.95915
u0003222:i2752772,6.95915
u0003222:i3079380,6.95915
u0003271:i0137523,7.32694
u0003271:i0382932,7.32694
u0003271:i0488120,7.32694
u0003271:i0848228,7.32694
u0003271:i0892769,7.32694
u0003271:i0903624,7.32694
u0003271:i1071875,7.32694
u0003271:i1077368,7.32694
u0003271:i1091191,7.32694
u0003271:i1100089,7.32694
u0003271:i1133985,7.32694
u0003271:i1205537,7.32694
u0003271:i1232829,7.32694
u0003271:i1234721,7.32694
u0003271:i1291150,7.32694
u0003271:i1306980,7.32694
u0003271:i1372686,7.32694
u0003271:i1440129,7.32694
u0003271:i1490017,7.32694
u0003271:i1499658,7.32694
u0003271:i1598778,7.32694
u0003271:i1605630,7.32694
u0003271:i1617661,7.32694
u0003271:i1636826,7.32694
u0003271:i1646971,7.32694
u0003271:i1661199,7.32694
u0003271:i1701210,7.32694
u0003271:i1764651,7.32694
u0003271:i1790864,7.32694
u0003271:i1823672,7.32694
u0003271:i1854564,7.32694
u0003271:i1924435,7.32694
u0003271:i1951265,7.32694
u0003271:i1959490,7.32694
u0003271:i1981677,7.32694
u0003271:i2096673,7.32694
u0003271:i2106361,7.32694
u0003271:i2179136,7.32694
u0003271:i2180411,7.32694
u0003271:i2199571,7.32694
u0003271:i2209418,7.32694
u0003271:i2209764,7.32694
u0003271:i2224026,7.32694
u0003271:i2245084,7.32694
u0003271:i2294449,7.32694
u0003271:i2294629,7.32694
u0003271:i2310332,7.32694
u0003271:i2322441,7.32694
u0003271:i2333784,7.32694
u0003271:i2446042,7.32694
u0003271:i2561572,7.32694
u0003271:i2659414,7.32694
u0003271:i2802144,7.32694
u0003271:i2820852,7.32694
u0003271:i2872718,7.32694
u0003271:i2911666,7.32694
u0003271:i3235888,7.32694
u0003271:i3322940,7.32694
u0003274:i1032846,7.67
u0003274:i2980516,7.67
u0003274:i3630276,7.67
u0003280:i1065073,6.69184
u0003280:i2582802,6.69184
u0003280:i3013610,6.69184
u0003332:i0240772,7.32468
u0003332:i0362227,7.32468
u0003332:i0482461,7.32468
u0003332:i1772250,7.32468
u0003332:i2103281,7.32468
u0003332:i2267998,7.32468
u0003332:i2294629,7.32468
u0003332:i2582802,7.32468
u0003332:i3045616,7.32468
u0003365:i1065073,6.91084
u0003365:i1212450,5.34421
u0003365:i1291584,5.59718
u0003365:i1907668,7.03042
u0003365:i2562232,6.97324
u0003365:i2713180,6.97107
u0003406:i0013442,7.60697
u0003406:i0047296,7.60697
u0003406:i0067116,7.60697
u0003406:i0067992,7.60697
u0003406:i0073195,7.60697
u0003406:i0083658,7.60697
u0003406:i0085995,7.60697
u0003406:i0087800,7.60697
u0003406:i0089175,7.60697
u0003406:i0089670,7.60697
u0003406:i0094721,7.60697
u0003406:i0107614,7.60697
u0003406:i0110442,7.60697
u0003406:i0110475,7.60697
u0003406:i0111070,7.60697
u0003406:i0111257,7.60697
u0003406:i0113497,7.60697
u0003406:i0117998,7.60697
u0003406:i0118749,7.60697
u0003406:i0118880,7.60697
u0003406:i0119345,7.60697
u0003406:i0120179,7.60697
u0003406:i0120742,7.60697
u0003406:i0187078,7.60697
u0003406:i0291341,7.60697
u0003406:i0369610,7.60697
u0003406:i0409345,7.60697
u0003406:i0467406,7.60697
u0003406:i0489235,7.60697
u0003406:i0816692,7.60697
u0003406:i0831387,7.60697
u0003406:i1170358,7.60697
u0003406:i1189340,7.60697
u0003406:i1228987,7.60697
u0003406:i1253863,7.60697
u0003406:i1336608,7.60697
u0003406:i1528071,7.60697
u0003406:i1560747,7.60697
u0003406:i1605717,7.60697
u0003406:i1631867,7.60697
u0003406:i1661382,7.60697
u0003406:i1772264,7.60697
u0003406:i1798709,7.60697
u0003406:i1840309,7.60697
u0003406:i2004420,7.60697
u0003406:i2051879,7.60697
u0003406:i2106476,7.60697
u0003406:i2235779,7.60697
u0003406:i2267998,7.60697
u0003406:i2321549,7.60697
u0003406:i2326554,7.60697
u0003406:i2345567,7.60697
u0003406:i2395427,7.60697
u0003406:i2428170,7.60697
u0003406:i2517658,7.60697
u0003406:i2562232,7.60697
u0003406:i2781516,7.60697
u0003406:i2788710,7.60697
u0003406:i2793490,7.60697
u0003406:i2872718,7.60697
u0003406:i2911666,7.60697
u0003406:i2980592,7.60697
u0003406:i3021360,7.60697
u0003406:i3148348,7.60697
u0003406:i3177316,7.60697
u0003406:i3395184,7.60697
u0003406:i3520418,7.60697
u0003406:i3630276,7.60697
u0003406:i3674140,7.60697
u0003417:i0038650,7.89127
u0003417:i0061512,7.89127
u0003417:i0086250,7.89127
u0003417:i0086879,7.89127
u0003417:i0099077,7.89127
u0003417:i0099685,7.89127
u0003417:i0102926,7.89127
u0003417:i0103939,7.89127
u0003417:i0105323,7.89127
u0003417:i0113118,7.89127
u0003417:i0116282,7.89127
u0003417:i0117631,7.89127
u0003417:i0117913,7.89127
u0003417:i0119038,7.89127
u0003417:i0119488,7.89127
u0003417:i0154506,7.89127
u0003417:i0162222,7.89127
u0003417:i0172495,7.89127
u0003417:i0180093,7.89127
u0003417:i0183649,7.89127
u0003417:i0268978,7.89127
u0003417:i0317248,7.89127
u0003417:i0352248,7.89127
u0003417:i0358273,7.89127
u0003417:i0376968,7.89127
u0003417:i0414852,7.89127
u0003417:i0420223,7.89127
u0003417:i0434409,7.89127
u0003417:i0460791,7.89127
u0003417:i0477348,7.89127
u0003417:i0780536,7.89127
u0003417:i0816692,7.89127
u0003417:i0970179,7.89127
u0003417:i1130884,7.89127
u0003417:i1152836,7.89127
u0003417:i1188996,7.89127
u0003417:i1219289,7.89127
u0003417:i1458175,7.89127
u0003417:i1707386,7.89127
u0003417:i1727388,7.89127
u0003417:i1821549,7.89127
u0003417:i1924396,7.89127
u0003417:i2106476,7.89127
u0003417:i2170439,7.89127
u0003417:i2170593,7.89127
u0003417:i2316411,7.89127
u0003417:i2381941,7.89127
u0003417:i2609912,7.89127
u0003417:i2802144,7.89127
u0003417:i3316960,7.89127
u0003417:i3442006,7.89127
u0003423:i0117894,6.91892
u0003423:i0496436,6.91892
u0003423:i0938330,6.91892
u0003423:i1204977,6.91892
u0003423:i1504403,6.91892
u0003423:i1764647,6.91892
u0003423:i1767354,6.91892
u0003423:i1772264,6.91892
u0003423:i1922777,6.91892
u0003423:i2386278,6.91892
u0003423:i2517658,6.91892
u0003446:i0017136,5.61446
u0003446:i0034583,5.60296
u0003446:i0045793,3.56535
u0003446:i0063350,5.11629
u0003446:i0075686,6.25587
u0003446:i0085794,3.81565
u0003446:i0091064,5.18207
u0003446:i0091530,0
u0003446:i0096283,6.68852
u0003446:i0100935,4.39977
u0003446:i0116282,6.50814
u0003446:i0166924,6.04271
u0003446:i0264464,5.43018
u0003446:i0369339,6.12897
u0003446:i0416320,6.3133
u0003446:i0443706,6.52701
u0003446:i0449059,6.14023
u0003446:i0457430,6.41918
u0003446:i0765443,6.20492
u0003446:i0790636,6.98274
u0003446:i0870984,6.03709
u0003446:i1091191,6.09605
u0003446:i1100089,6.95369
u0003446:i1136608,5.37629
u0003446:i1178663,4.9435
u0003446:i1205489,5.75288
u0003446:i1212419,5.47858
u0003446:i1321511,6.3012
u0003446:i1483013,6.09009
u0003446:i1524930,6.2781
u0003446:i1527186,5.62868
u0003446:i1601913,4.99312
u0003446:i1655441,6.52039
u0003446:i1706620,6.79591
u0003446:i1764234,6.51389
u0003446:i1798709,6.45902
u0003446:i1800241,6.59021
u0003446:i1821549,5.85351
u0003446:i1823672,6.86321
u0003446:i1924396,6.37897
u0003446:i2076220,6.20248
u0003446:i2140373,6.42838
u0003446:i2172584,6.42464
u0003446:i2261331,6.43995
u0003446:i2278871,6.30384
u0003446:i2431286,6.84194
u0003446:i3013610,6.18927
u0003446:i3312830,5.47339
u0003446:i3489470,3.84126
u0003446:i3735602,4.01786
u0003483:i1216491,7.11646
u0003483:i2179136,7.11646
u0003483:i2267998,7.11646
u0003521:i0017136,7.60697
u0003521:i0044081,7.60697
u0003521:i0045296,7.60697
u0003521:i0048028,7.60697
u0003521:i0048545,7.60697
u0003521:i0048728,7.60697
u0003521:i0072081,7.60697
u0003521:i0075066,7.60697
u0003521:i0087469,7.60697
u0003521:i0087800,7.60697
u0003521:i0088128,7.60697
u0003521:i0098635,7.60697
u0003521:i0099785,7.60697
u0003521:i0101540,7.60697
u0003521:i0102945,7.60697
u0003521:i0103644,7.60697
u0003521:i0107290,7.60697
u0003521:i0117571,7.60697
u0003521:i0118583,7.60697
u0003521:i0119567,7.60697
u0003521:i0120082,7.60697
u0003521:i0120363,7.60697
u0003521:i0120903,7.60697
u0003521:i0120915,7.60697
u0003521:i0121766,7.60697
u0003521:i0125439,7.60697
u0003521:i0126029,7.60697
u0003521:i0134084,7.60697
u0003521:i0145487,7.60697
u0003521:i0163025,7.60697
u0003521:i0198781,7.60697
u0003521:i0212346,7.60697
u0003521:i0250494,7.60697
u0003521:i0293564,7.60697
u0003521:i0316654,7.60697
u0003521:i0317705,7.60697
u0003521:i0325980,7.60697
u0003521:i0337563,7.60697
u0003521:i0347149,7.60697
u0003521:i0365748,7.60697
u0003521:i0371746,7.60697
u0003521:i0376994,7.60697
u0003521:i0413300,7.60697
u0003521:i0425112,7.60697
u0003521:i0446029,7.60697
u0003521:i0454945,7.60697
u0003521:i0489049,7.60697
u0003521:i0489099,7.60697
u0003521:i0758766,7.60697
u0003521:i0796366,7.60697
u0003521:i0993846,7.60697
u0003521:i1014759,7.60697
u0003521:i1033575,7.60697
u0003521:i1060277,7.60697
u0003521:i1099212,7.60697
u0003521:i1172994,7.60697
u0003521:i1193138,7.60697
u0003521:i1204975,7.60697
u0003521:i1228705,7.60697
u0003521:i1245492,7.60697
u0003521:i1250777,7.60697
u0003521:i1262416,7.60697
u0003521:i1282140,7.60697
u0003521:i1300854,7.60697
u0003521:i1396218,7.60697
u0003521:i1408101,7.60697
u0003521:i1411697,7.60697
u0003521:i1428538,7.60697
u0003521:i1446714,7.60697
u0003521:i1586265,7.60697
u0003521:i1650554,7.60697
u0003521:i1843866,7.60697
u0003521:i1872181,7.60697
u0003521:i1951264,7.60697
u0003521:i2004420,7.60697
u0003521:i2170439,7.60697
u0003521:i2234155,7.60697
u0003521:i2278388,7.60697
u0003521:i2278871,7.60697
u0003521:i2387559,7.60697
u0003521:i2713180,7.60697
u0003521:i2802144,7.60697
u0003521:i2848292,7.60697
u0003521:i2866360,7.60697
u0003524:i0075824,7.01985
u0003524:i0248103,7.01985
u0003524:i0488478,7.01985
u0003524:i1135092,7.01985
u0003524:i1645089,7.01985
u0003524:i1745787,7.01985
u0003524:i1791528,7.01985
u0003524:i2172584,7.01985
u0003524:i2326554,7.01985
u0003524:i2358891,7.01985
u0003524:i2479800,7.01985
u0003524:i2562232,7.01985
u0003524:i2764784,7.01985
u0003524:i2870756,7.01985
u0003524:i2935476,7.01985
u0003524:i2980516,7.01985
u0003524:i3011894,7.01985
u0003524:i3062880,7.01985
u0003524:i3235888,7.01985
u0003524:i3316960,7.01985
u0003524:i3346824,7.01985
u0003524:i3612616,7.01985
u0003524:i3924450,7.01985
u0003524:i3962828,7.01985
u0003543:i0118819,6.97418
u0003543:i0200465,6.97418
u0003543:i0470752,6.97418
u0003543:i1189073,6.97418
u0003543:i1361318,6.97418
u0003543:i1609479,6.97418
u0003543:i1658837,6.97418
u0003543:i1684233,6.97418
u0003543:i1714915,6.97418
u0003543:i1809398,6.97418
u0003543:i2039393,6.97418
u0003543:i2084970,6.97418
u0003543:i2203939,6.97418
u0003543:i2205904,6.97418
u0003543:i2231253,6.97418
u0003543:i2249221,6.97418
u0003543:i2395427,6.97418
u0003543:i2409818,6.97418
u0003543:i2438644,6.97418
u0003543:i2515034,6.97418
u0003543:i2562232,6.97418
u0003543:i2582802,6.97418
u0003543:i2713180,6.97418
u0003543:i2717822,6.97418
u0003543:i2872718,6.97418
u0003543:i2917388,6.97418
u0003543:i3045616,6.97418
u0003543:i3140100,6.97418
u0003547:i0066279,7.67
u0003547:i0069311,7.67
u0003547:i0072233,7.67
u0003547:i0077631,7.67
u0003547:i0078788,7.67
u0003547:i0080455,7.67
u0003547:i0082340,7.67
u0003547:i0087277,7.67
u0003547:i0087332,7.67
u0003547:i0089530,7.67
u0003547:i0090098,7.67
u0003547:i0091129,7.67
u0003547:i0092890,7.67
u0003547:i0093437,7.67
u0003547:i0094332,7.67
u0003547:i0094721,7.67
u0003547:i0097428,7.67
u0003547:i0099052,7.67
u0003547:i0100140,7.67
u0003547:i0100802,7.67
u0003547:i0106611,7.67
u0003547:i0106697,7.67
u0003547:i0113492,7.67
u0003547:i0115744,7.67
u0003547:i0115963,7.67
u0003547:i0116130,7.67
u0003547:i0116225,7.67
u0003547:i0118747,7.67
u0003547:i0120201,7.67
u0003547:i0120422,7.67
u0003547:i0120630,7.67
u0003547:i0120685,7.67
u0003547:i0120738,7.67
u0003547:i0120804,7.67
u0003547:i0121164,7.67
u0003547:i0132347,7.67
u0003547:i0139414,7.67
u0003547:i0162661,7.67
u0003547:i0183790,7.67
u0003547:i0217505,7.67
u0003547:i0227984,7.67
u0003547:i0256524,7.67
u0003547:i0259324,7.67
u0003547:i0295701,7.67
u0003547:i0302886,7.67
u0003547:i0318627,7.67
u0003547:i0319262,7.67
u0003547:i0325980,7.67
u0003547:i0337879,7.67
u0003547:i0364725,7.67
u0003547:i0388795,7.67
u0003547:i0389722,7.67
u0003547:i0408236,7.67
u0003547:i0409459,7.67
u0003547:i0426592,7.67
u0003547:i0427327,7.67
u0003547:i0429493,7.67
u0003547:i0432021,7.67
u0003547:i0457400,7.67
u0003547:i0478154,7.67
u0003547:i0479997,7.67
u0003547:i0480249,7.67
u0003547:i0486655,7.67
u0003547:i0486946,7.67
u0003547:i0499549,7.67
u0003547:i0758758,7.67
u0003547:i0787474,7.67
u0003547:i0790736,7.67
u0003547:i0795421,7.67
u0003547:i0822847,7.67
u0003547:i0963966,7.67
u0003547:i1013860,7.67
u0003547:i1027873,7.67
u0003547:i1037705,7.67
u0003547:i1046173,7.67
u0003547:i1071875,7.67
u0003547:i1092026,7.67
u0003547:i1131729,7.67
u0003547:i1210819,7.67
u0003547:i1259521,7.67
u0003547:i1320239,7.67
u0003547:i1343727,7.67
u0003547:i1386703,7.67
u0003547:i1412386,7.67
u0003547:i1528071,7.67
u0003547:i1559547,7.67
u0003547:i1583421,7.67
u0003547:i1596365,7.67
u0003547:i1659337,7.67
u0003547:i1877832,7.67
u0003547:i2305051,7.67
u0003547:i2310332,7.67
u0003547:i2332579,7.67
u0003547:i2333784,7.67
u0003547:i2339741,7.67
u0003547:i2390237,7.67
u0003547:i2555736,7.67
u0003549:i0790636,7.07972
u0003549:i2084970,6.8312
u0003549:i2179136,6.94491
u0003549:i2267998,6.69217
u0003549:i2713180,6.98841
u0003578:i0038650,7.12273
u0003578:i0073486,7.12273
u0003578:i0088847,7.12273
u0003578:i0347149,7.12273
u0003578:i0357413,7.12273
u0003578:i0359950,7.12273
u0003578:i0405422,7.12273
u0003578:i0458352,7.12273
u0003578:i0467406,7.12273
u0003578:i0468569,7.12273
u0003578:i0889573,7.12273
u0003578:i1065073,7.12273
u0003578:i1282140,7.12273
u0003578:i1371150,7.12273
u0003578:i1587310,7.12273
u0003578:i1698641,7.12273
u0003578:i2024469,7.12273
u0003578:i2245084,7.12273
u0003578:i2267998,7.12273
u0003578:i2278388,7.12273
u0003578:i2463288,7.12273
u0003578:i2562232,7.12273
u0003578:i2788716,7.12273
u0003578:i2883512,7.12273
u0003579:i0050083,7.92782
u0003579:i0070735,7.92782
u0003579:i0072890,7.92782
u0003579:i0095953,7.92782
u0003579:i0101540,7.92782
u0003579:i0113277,7.92782
u0003579:i0132477,7.92782
u0003579:i0144084,7.92782
u0003579:i0162222,7.92782
u0003579:i0278504,7.92782
u0003579:i0358273,7.92782
u0003579:i0361862,7.92782
u0003579:i0362227,7.92782
u0003579:i0452623,7.92782
u0003579:i0470752,7.92782
u0003579:i0478970,7.92782
u0003579:i0816692,7.92782
u0003579:i0848228,7.92782
u0003579:i1126590,7.92782
u0003579:i1219289,7.92782
u0003579:i1258197,7.92782
u0003579:i1392190,7.92782
u0003579:i1462758,7.92782
u0003579:i1542344,7.92782
u0003579:i1570728,7.92782
u0003579:i1638355,7.92782
u0003579:i1798684,7.92782
u0003579:i1823672,7.92782
u0003579:i2179136,7.92782
u0003579:i2199571,7.92782
u0003579:i2381249,7.92782
u0003579:i2381941,7.92782
u0003579:i2395427,7.92782
u0003579:i2446042,7.92782
u0003579:i2562232,7.92782
u0003579:i2582802,7.92782
u0003579:i2802144,7.92782
u0003579:i2820852,7.92782
u0003579:i2980516,7.92782
u0003579:i3045616,7.92782
u0003579:i3168230,7.92782
u0003608:i1906422,0
u0003608:i2380207,3.7634
u0003608:i2652092,6.85661
u0003608:i4374460,0
u0003622:i0470752,7.67159
u0003622:i0816692,7.67159
u0003622:i1065073,7.67159
u0003622:i1117385,7.67159
u0003622:i1320253,7.67159
u0003622:i1454468,7.67159
u0003622:i1631867,7.67159
u0003622:i1764651,7.67159
u0003622:i1850397,7.67159
u0003622:i1872194,7.67159
u0003622:i2024544,7.67159
u0003622:i2179136,7.67159
u0003622:i2245084,7.67159
u0003622:i2333784,7.67159
u0003622:i2582802,7.67159
u0003622:i2713180,7.67159
u0003622:i2980516,7.67159
u0003622:i2980592,7.67159
u0003646:i0032553,6.02826
u0003646:i0050976,6.50464
u0003646:i0086879,4.93398
u0003646:i0167404,5.39913
u0003646:i1655413,4.94742
u0003657:i0077369,0
u0003657:i0088944,6.58496
u0003657:i0472043,5.49169
u0003657:i0829150,7.00246
u0003657:i1100089,6.97852
u0003657:i1121096,6.71834
u0003657:i1274586,6.71941
u0003657:i1528100,6.974
u0003657:i1567437,7.20791
u0003657:i1661199,6.92643
u0003657:i1674771,6.71116
u0003657:i1823672,6.87807
u0003657:i1881002,6.58006
u0003657:i1945084,6.66735
u0003657:i2039393,6.8761
u0003657:i2088003,6.12505
u0003657:i2179136,6.95239
u0003657:i2199571,6.50805
u0003657:i2224026,6.89392
u0003657:i2245084,7.03184
u0003657:i2381941,6.85883
u0003657:i2436386,6.82323
u0003657:i2473602,6.23567
u0003657:i2494280,5.70176
u0003657:i2515034,6.49654
u0003657:i2692250,7.14989
u0003657:i2717822,6.78882
u0003657:i2788710,7.07047
u0003657:i2802144,6.7963
u0003657:i2923316,6.71808
u0003657:i3045616,6.72728
u0003657:i3203616,6.5206
u0003657:i3480796,6.0113
u0003697:i1392190,7.42364
u0003697:i1823672,7.42364
u0003697:i2582802,7.42364
u0003697:i2713180,7.42364
u0003711:i2084970,7.60697
u0003711:i2636522,7.60697
u0003711:i3675568,7.60697
u0003711:i4044364,7.60697
u0003711:i4397346,7.60697
u0003724:i0277296,4.26968
u0003724:i0369610,6.77752
u0003724:i2381249,6.67363
u0003741:i0168786,7.68252
u0003741:i0264464,7.68252
u0003741:i0478970,7.68252
u0003741:i0816692,7.68252
u0003741:i0884732,7.68252
u0003741:i0889573,7.68252
u0003741:i0892767,7.68252
u0003741:i1137470,7.68252
u0003741:i1198156,7.68252
u0003741:i1210819,7.68252
u0003741:i1232829,7.68252
u0003741:i1247690,7.68252
u0003741:i1371150,7.68252
u0003741:i1374992,7.68252
u0003741:i1645916,7.68252
u0003741:i1872194,7.68252
u0003741:i2015381,7.68252
u0003741:i2084970,7.68252
u0003741:i2096673,7.68252
u0003741:i2199571,7.68252
u0003741:i2201251,7.68252
u0003741:i2294449,7.68252
u0003741:i2381249,7.68252
u0003741:i2381941,7.68252
u0003741:i2397535,7.68252
u0003741:i2436386,7.68252
u0003741:i2446042,7.68252
u0003741:i2509850,7.68252
u0003741:i2582802,7.68252
u0003741:i2802144,7.68252
u0003741:i2820852,7.68252
u0003741:i2883434,7.68252
u0003741:i2884206,7.68252
u0003741:i2908446,7.68252
u0003741:i2935476,7.68252
u0003741:i2980516,7.68252
u0003741:i3011894,7.68252
u0003741:i3060492,7.68252
u0003741:i3477064,7.68252
u0003741:i3489470,7.68252
u0003741:i3646462,7.68252
u0003741:i3698408,7.68252
u0003741:i3971732,7.68252
u0003741:i4114744,7.68252
u0003741:i4114762,7.68252
u0003741:i4192740,7.68252
u0003741:i4437212,7.68252
u0003741:i4460786,7.68252
u0003741:i4712818,7.68252
u0003744:i2179116,7.63569
u0003744:i2515034,7.63569
u0003744:i2758880,7.63569
u0003765:i0470752,7.42237
u0003765:i1014763,7.42237
u0003765:i1392190,7.42237
u0003774:i0111161,7.12963
u0003774:i0391304,7.12963
u0003774:i1126590,7.12963
u0003774:i1187043,7.12963
u0003774:i1809398,7.12963
u0003774:i1921149,7.12963
u0003774:i2273657,7.12963
u0003774:i2278388,7.12963
u0003774:i2381941,7.12963
u0003774:i2452200,7.12963
u0003774:i2737050,7.12963
u0003774:i2948790,7.12963
u0003774:i3007512,7.12963
u0003774:i3316960,7.12963
u0003775:i0110413,4.96841
u0003775:i0111161,4.89621
u0003775:i1784332,0
u0003775:i2084970,6.83828
u0003775:i2802144,6.80272
u0003779:i0095327,7.25781
u0003779:i0435761,7.25781
u0003779:i0470752,7.25781
u0003779:i2179136,7.25781
u0003779:i2562232,7.25781
u0003779:i2582802,7.25781
u0003779:i2788710,7.25781
u0003779:i2980516,7.25781
u0003779:i4170394,7.25781
u0003840:i1690953,7.4031
u0003840:i2120120,7.4031
u0003840:i2126355,7.4031
u0003840:i2223990,7.4031
u0003840:i2381941,7.4031
u0003840:i2725962,7.4031
u0003840:i3079380,7.4031
u0003843:i1204975,7.67
u0003843:i1211956,7.67
u0003843:i1454468,7.67
u0003843:i1535109,7.67
u0003843:i1731141,7.67
u0003843:i1951264,7.67
u0003843:i1981115,7.67
u0003843:i1985966,7.67
u0003858:i0824747,5.9128
u0003858:i0964586,0
u0003858:i1024648,5.55919
u0003858:i1375666,5.52828
u0003858:i1702439,5.70525
u0003858:i2096673,6.82176
u0003858:i2209418,7.00954
u0003858:i2305051,7.08383
u0003858:i2884206,6.70549
u0003858:i3125324,7.1859
u0003858:i4178092,6.36371
u0003864:i0048261,7.45607
u0003864:i0053604,7.45607
u0003864:i0074958,7.45607
u0003864:i0096071,7.45607
u0003864:i0096256,7.45607
u0003864:i0132347,7.45607
u0003864:i0207645,7.45607
u0003864:i0328107,7.45607
u0003864:i0359203,7.45607
u0003864:i0368851,7.45607
u0003864:i0455944,7.45607
u0003864:i0469021,7.45607
u0003864:i0494224,7.45607
u0003864:i1063669,7.45607
u0003864:i1109624,7.45607
u0003864:i1126590,7.45607
u0003864:i1212450,7.45607
u0003864:i1262990,7.45607
u0003864:i1392190,7.45607
u0003864:i1418702,7.45607
u0003864:i1531901,7.45607
u0003864:i1567437,7.45607
u0003864:i1724962,7.45607
u0003864:i1780798,7.45607
u0003864:i1791528,7.45607
u0003864:i1823672,7.45607
u0003864:i1911658,7.45607
u0003864:i1931388,7.45607
u0003864:i1948150,7.45607
u0003864:i1989475,7.45607
u0003864:i2017561,7.45607
u0003864:i2064713,7.45607
u0003864:i2140373,7.45607
u0003864:i2165765,7.45607
u0003864:i2170593,7.45607
u0003864:i2245084,7.45607
u0003864:i2273657,7.45607
u0003864:i2275946,7.45607
u0003864:i2279373,7.45607
u0003864:i2345567,7.45607
u0003864:i2364841,7.45607
u0003864:i2366608,7.45607
u0003864:i2381941,7.45607
u0003864:i2401223,7.45607
u0003864:i2406252,7.45607
u0003864:i2515030,7.45607
u0003864:i2554648,7.45607
u0003864:i2561572,7.45607
u0003864:i2637276,7.45607
u0003864:i2637294,7.45607
u0003864:i2714900,7.45607
u0003864:i2788716,7.45607
u0003864:i2802144,7.45607
u0003864:i2820852,7.45607
u0003864:i2938416,7.45607
u0003864:i2967008,7.45607
u0003864:i2980516,7.45607
u0003864:i3045616,7.45607
u0003864:i3253624,7.45607
u0003864:i3280916,7.45607
u0003864:i3416742,7.45607
u0003864:i3472226,7.45607
u0003864:i3504048,7.45607
u0003864:i4229236,7.45607
u0003864:i4257858,7.45607
u0003867:i0086465,7.73341
u0003867:i0107818,7.73341
u0003867:i0993846,7.73341
u0003887:i0012349,7.43514
u0003887:i0094898,7.43514
u0003887:i0103939,7.43514
u0003887:i0359950,7.43514
u0003887:i0405094,7.43514
u0003887:i1392190,7.43514
u0003887:i1396226,7.43514
u0003887:i1568343,7.43514
u0003887:i1872194,7.43514
u0003887:i1894476,7.43514
u0003887:i2338151,7.43514
u0003887:i2784678,7.43514
u0003887:i3042408,7.43514
u0003887:i3365778,7.43514
u0003887:i3469592,7.43514
u0003887:i3863552,7.43514
u0003896:i0159365,6.81023
u0003896:i0470752,6.81023
u0003896:i2179136,6.81023
u0003896:i2278388,6.81023
u0003896:i2395427,6.81023
u0003896:i2397535,6.81023
u0003896:i2637276,6.81023
u0003896:i2820852,6.81023
u0003905:i1170358,7.60469
u0003905:i1210819,7.60469
u0003905:i1234548,7.60469
u0003905:i1441952,7.60469
u0003905:i1731141,7.60469
u0003905:i1781769,7.60469
u0003905:i1980929,7.60469
u0003926:i0191397,7.92598
u0003926:i0398165,7.92598
u0003926:i0421206,7.92598
u0003926:i1355630,7.92598
u0003926:i2223990,7.92598
u0003936:i1392190,6.84668
u0003936:i1915581,6.84668
u0003936:i1972571,6.84668
u0003936:i2097298,6.84668
u0003936:i2179136,6.84668
u0003936:i2515034,6.84668
u0003936:i2802144,6.84668
u0003945:i1243974,7.71655
u0003945:i2345737,7.71655
u0003945:i2911666,7.71655
u0003951:i1661199,7.25781
u0003951:i2084970,7.25781
u0003951:i2562232,7.25781
u0003951:i2980516,7.25781
u0003963:i0391304,5.05836
u0003963:i1392214,5.8998
u0003963:i1840309,7.12061
u0003963:i1980929,6.90859
u0003963:i2245084,7.04684
u0003963:i2562232,6.98062
u0003963:i2582802,6.96331
u0003963:i2652092,6.99654
u0003963:i3316960,6.84483
u0003963:i3442006,7.14565
u0003968:i0369610,6.7849
u0003968:i0478970,6.60004
u0003968:i1340138,6.784
u0003968:i2096673,6.83665
u0003968:i2293640,6.85187
u0003968:i2381249,6.68557
u0003968:i2911666,7.04538
u0003968:i3195644,6.66821
u0003968:i3235888,6.9484
u0003978:i0369610,6.79228
u0003978:i2381249,6.69753
u0003978:i2802144,6.80914
u0003978:i2820852,6.71656
u0003997:i1398426,7.66285
u0003997:i1441953,7.66285
u0003997:i1649444,7.66285
u0003997:i1798684,7.66285
u0003997:i2562232,7.66285
u0003997:i2980516,7.66285
u0004012:i0112625,6.37331
u0004012:i0473360,6.37331
u0004012:i0816692,6.37331
u0004012:i0825236,6.37331
u0004012:i0829150,6.37331
u0004012:i1068646,6.37331
u0004012:i1204977,6.37331
u0004012:i1245112,6.37331
u0004012:i1403241,6.37331
u0004012:i1418754,6.37331
u0004012:i1567437,6.37331
u0004012:i1649443,6.37331
u0004012:i1649444,6.37331
u0004012:i1669268,6.37331
u0004012:i1706593,6.37331
u0004012:i1726592,6.37331
u0004012:i1780798,6.37331
u0004012:i1872194,6.37331
u0004012:i1881002,6.37331
u0004012:i1951265,6.37331
u0004012:i1958043,6.37331
u0004012:i1988621,6.37331
u0004012:i2023587,6.37331
u0004012:i2084970,6.37331
u0004012:i2122424,6.37331
u0004012:i2165765,6.37331
u0004012:i2179136,6.37331
u0004012:i2229377,6.37331
u0004012:i2242176,6.37331
u0004012:i2254109,6.37331
u0004012:i2278388,6.37331
u0004012:i2321409,6.37331
u0004012:i2376218,6.37331
u0004012:i2384022,6.37331
u0004012:i2393845,6.37331
u0004012:i2445680,6.37331
u0004012:i2517658,6.37331
u0004012:i2548208,6.37331
u0004012:i2582802,6.37331
u0004012:i2669336,6.37331
u0004012:i2717822,6.37331
u0004012:i2799166,6.37331
u0004012:i2872718,6.37331
u0004012:i2918436,6.37331
u0004012:i2949338,6.37331
u0004012:i2980516,6.37331
u0004012:i2994948,6.37331
u0004012:i2996684,6.37331
u0004012:i3033948,6.37331
u0004012:i3038142,6.37331
u0004012:i3148348,6.37331
u0004012:i3154340,6.37331
u0004012:i3177316,6.37331
u0004012:i3237154,6.37331
u0004012:i3280916,6.37331
u0004012:i3387648,6.37331
u0004012:i3397556,6.37331
u0004012:i3450134,6.37331
u0004012:i3480796,6.37331
u0004012:i3587658,6.37331
u0004012:i4026562,6.37331
u0004012:i4030442,6.37331
u0004012:i4282882,6.37331
u0004012:i4356884,6.37331
u0004029:i0079116,5.83072
u0004029:i0369610,6.79967
u0004029:i0470752,6.90457
u0004029:i0884732,6.72277
u0004029:i0899106,4.05618
u0004029:i1192628,4.75361
u0004029:i1245492,6.19672
u0004029:i1386932,1.5852
u0004029:i1655441,6.54767
u0004029:i1809398,6.87851
u0004029:i1978532,5.4035
u0004029:i2039393,6.92017
u0004029:i2097298,6.06712
u0004029:i2179136,6.95987
u0004029:i2199571,6.5313
u0004029:i2231253,6.75948
u0004029:i2245084,7.06186
u0004029:i2376218,6.09189
u0004029:i2381249,6.70951
u0004029:i2381941,6.8713
u0004029:i2395427,6.89036
u0004029:i2509850,7.1225
u0004029:i2637294,7.0665
u0004029:i2908446,6.55045
u0004029:i2980472,6.57183
u0004029:i2994190,6.62439
u0004029:i3138558,6.28389
u0004029:i3149038,6.838
u0004029:i3181822,6.71075
u0004029:i3233418,6.50965
u0004029:i3318750,6.02169
u0004029:i3566698,0
u0004029:i4271820,4.94123
u0004029:i4446258,3.96299
u0004029:i4701688,3.96299
u0004050:i0361862,7.385
u0004050:i0414993,7.385
u0004050:i0481369,7.385
u0004050:i0758774,7.385
u0004050:i0790636,7.385
u0004050:i1126590,7.385
u0004050:i1386588,7.385
u0004050:i1392190,7.385
u0004050:i1528100,7.385
u0004050:i1567437,7.385
u0004050:i1617661,7.385
u0004050:i1798709,7.385
u0004050:i1823672,7.385
u0004050:i1872194,7.385
u0004050:i1911644,7.385
u0004050:i2084970,7.385
u0004050:i2381941,7.385
u0004050:i2395427,7.385
u0004050:i2562232,7.385
u0004050:i2692250,7.385
u0004050:i2726560,7.385
u0004050:i2802144,7.385
u0004050:i3007512,7.385
u0004050:i3045616,7.385
u0004050:i3203616,7.385
u0004053:i0478970,6.611
u0004053:i1229238,5.99921
u0004053:i1340138,6.80027
u0004053:i1631867,6.89869
u0004053:i2293640,6.87652
u0004053:i2381249,6.72151
u0004078:i0068699,7.389
u0004078:i0079501,7.389
u0004078:i0082694,7.389
u0004078:i0385726,7.389
u0004078:i1226229,7.389
u0004078:i2039393,7.389
u0004090:i0369610,6.89727
u0004090:i0478970,6.89727
u0004090:i1617661,6.89727
u0004090:i2084970,6.89727
u0004090:i2120120,6.89727
u0004090:i2381249,6.89727
u0004090:i2436386,6.89727
u0004095:i0044079,7.60697
u0004095:i0055928,7.60697
u0004095:i0057076,7.60697
u0004095:i0060196,7.60697
u0004095:i0241527,7.60697
u0004095:i0295297,7.60697
u0004095:i0304141,7.60697
u0004095:i0330373,7.60697
u0004095:i0373889,7.60697
u0004095:i0381681,7.60697
u0004095:i0391304,7.60697
u0004095:i0417741,7.60697
u0004095:i0936501,7.60697
u0004095:i1065073,7.60697
u0004095:i1397280,7.60697
u0004095:i1486834,7.60697
u0004095:i1490017,7.60697
u0004095:i1631867,7.60697
u0004095:i1637725,7.60697
u0004095:i1723121,7.60697
u0004095:i1872194,7.60697
u0004095:i1924435,7.60697
u0004095:i1951265,7.60697
u0004095:i1981115,7.60697
u0004095:i2063745,7.60697
u0004095:i2084970,7.60697
u0004095:i2096672,7.60697
u0004095:i2140465,7.60697
u0004095:i2170439,7.60697
u0004095:i2209764,7.60697
u0004095:i2267998,7.60697
u0004095:i2309764,7.60697
u0004095:i2345737,7.60697
u0004095:i2392447,7.60697
u0004095:i2395427,7.60697
u0004095:i2424988,7.60697
u0004095:i2446042,7.60697
u0004095:i2562232,7.60697
u0004095:i2582802,7.60697
u0004095:i2713180,7.60697
u0004095:i2788710,7.60697
u0004095:i2802144,7.60697
u0004095:i2820852,7.60697
u0004095:i2872718,7.60697
u0004095:i2923316,7.60697
u0004095:i3447364,7.60697
u0004095:i3483712,7.60697
u0004095:i3495000,7.60697
u0004095:i3678782,7.60697
u0004095:i3709344,7.60697
u0004095:i3767372,7.60697
u0004095:i3794302,7.60697
u0004095:i3836958,7.60697
u0004095:i4333674,7.60697
u0004100:i1322269,6.49621
u0004100:i1327773,6.36759
u0004100:i1392190,6.65556
u0004100:i1800241,6.69482
u0004100:i2582802,6.971
u0004107:i0075148,7.69577
u0004107:i0119174,7.69577
u0004107:i0325980,7.69577
u0004107:i0332280,7.69577
u0004107:i0454921,7.69577
u0004107:i1065073,7.69577
u0004107:i1659337,7.69577
u0004107:i2084970,7.69577
u0004107:i2562232,7.69577
u0004107:i2582846,7.69577
u0004107:i2872732,7.69577
u0004113:i0093640,7.60697
u0004113:i0369610,7.60697
u0004113:i0398286,7.60697
u0004113:i0478970,7.60697
u0004113:i1340138,7.60697
u0004113:i1392190,7.60697
u0004113:i1655441,7.60697
u0004113:i2126355,7.60697
u0004113:i2224026,7.60697
u0004113:i2279373,7.60697
u0004113:i2436386,7.60697
u0004113:i2802144,7.60697
u0004113:i2820852,7.60697
u0004113:i2908446,7.60697
u0004113:i3079380,7.60697
u0004113:i3247714,7.60697
u0004113:i3316960,7.60697
u0004119:i2084970,7.92598
u0004119:i2180411,7.92598
u0004119:i2339741,7.92598
u0004119:i2582802,7.92598
u0004119:i2872718,7.92598
u0004119:i2967224,7.92598
u0004121:i0457419,7.76194
u0004121:i0478970,7.76194
u0004121:i1374992,7.76194
u0004121:i1617661,7.76194
u0004121:i2395427,7.76194
u0004134:i0119822,7.09369
u0004134:i1035736,7.09369
u0004134:i1291150,7.09369
u0004134:i1335975,7.09369
u0004134:i1872181,7.09369
u0004134:i2011159,7.09369
u0004134:i2106361,7.09369
u0004202:i0470752,6.91649
u0004202:i1528100,7.01274
u0004202:i1617661,6.92593
u0004202:i1823672,6.89296
u0004202:i1979320,6.79947
u0004202:i2802144,6.81557
u0004202:i3235888,6.97395
u0004207:i0021636,7.60455
u0004207:i0021749,7.60455
u0004207:i0023369,7.60455
u0004207:i0032138,7.60455
u0004207:i0036377,7.60455
u0004207:i0047209,7.60455
u0004207:i0047478,7.60455
u0004207:i0056592,7.60455
u0004207:i0062671,7.60455
u0004207:i0064541,7.60455
u0004207:i0066943,7.60455
u0004207:i0068646,7.60455
u0004207:i0070707,7.60455
u0004207:i0075163,7.60455
u0004207:i0079086,7.60455
u0004207:i0080756,7.60455
u0004207:i0081398,7.60455
u0004207:i0081706,7.60455
u0004207:i0082158,7.60455
u0004207:i0082678,7.60455
u0004207:i0082846,7.60455
u0004207:i0083908,7.60455
u0004207:i0084778,7.60455
u0004207:i0085794,7.60455
u0004207:i0086265,7.60455
u0004207:i0089392,7.60455
u0004207:i0093978,7.60455
u0004207:i0100485,7.60455
u0004207:i0101765,7.60455
u0004207:i0102789,7.60455
u0004207:i0102860,7.60455
u0004207:i0103239,7.60455
u0004207:i0106387,7.60455
u0004207:i0106535,7.60455
u0004207:i0107158,7.60455
u0004207:i0110296,7.60455
u0004207:i0110413,7.60455
u0004207:i0110428,7.60455
u0004207:i0111187,7.60455
u0004207:i0111495,7.60455
u0004207:i0111507,7.60455
u0004207:i0113101,7.60455
u0004207:i0114436,7.60455
u0004207:i0118589,7.60455
u0004207:i0119250,7.60455
u0004207:i0119698,7.60455
u0004207:i0120394,7.60455
u0004207:i0120744,7.60455
u0004207:i0122541,7.60455
u0004207:i0135024,7.60455
u0004207:i0146309,7.60455
u0004207:i0147004,7.60455
u0004207:i0157044,7.60455
u0004207:i0163978,7.60455
u0004207:i0177882,7.60455
u0004207:i0180793,7.60455
u0004207:i0196857,7.60455
u0004207:i0211933,7.60455
u0004207:i0215681,7.60455
u0004207:i0217505,7.60455
u0004207:i0217869,7.60455
u0004207:i0233469,7.60455
u0004207:i0265666,7.60455
u0004207:i0274166,7.60455
u0004207:i0292506,7.60455
u0004207:i0300274,7.60455
u0004207:i0308772,7.60455
u0004207:i0313670,7.60455
u0004207:i0316356,7.60455
u0004207:i0323033,7.60455
u0004207:i0325056,7.60455
u0004207:i0356159,7.60455
u0004207:i0368563,7.60455
u0004207:i0374102,7.60455
u0004207:i0380366,7.60455
u0004207:i0382628,7.60455
u0004207:i0397535,7.60455
u0004207:i0403085,7.60455
u0004207:i0429493,7.60455
u0004207:i0444653,7.60455
u0004207:i0454931,7.60455
u0004207:i0457433,7.60455
u0004207:i0458525,7.60455
u0004207:i0460989,7.60455
u0004207:i0462703,7.60455
u0004207:i0469059,7.60455
u0004207:i0470055,7.60455
u0004207:i0473064,7.60455
u0004207:i0473705,7.60455
u0004207:i0478829,7.60455
u0004207:i0484039,7.60455
u0004207:i0780583,7.60455
u0004207:i0807054,7.60455
u0004207:i0865297,7.60455
u0004207:i0869977,7.60455
u0004207:i0870204,7.60455
u0004207:i0975645,7.60455
u0004207:i0996934,7.60455
u0004207:i0997057,7.60455
u0004207:i1045772,7.60455
u0004207:i1047540,7.60455
u0004207:i1065073,7.60455
u0004207:i1085492,7.60455
u0004207:i1195478,7.60455
u0004207:i1204975,7.60455
u0004207:i1211956,7.60455
u0004207:i1212450,7.60455
u0004207:i1267297,7.60455
u0004207:i1273235,7.60455
u0004207:i1300854,7.60455
u0004207:i1320244,7.60455
u0004207:i1321511,7.60455
u0004207:i1323045,7.60455
u0004207:i1323594,7.60455
u0004207:i1340138,7.60455
u0004207:i1352369,7.60455
u0004207:i1403214,7.60455
u0004207:i1405500,7.60455
u0004207:i1438534,7.60455
u0004207:i1475381,7.60455
u0004207:i1571249,7.60455
u0004207:i1637725,7.60455
u0004207:i1650554,7.60455
u0004207:i1754708,7.60455
u0004207:i1772264,7.60455
u0004207:i1789730,7.60455
u0004207:i1790864,7.60455
u0004207:i1790885,7.60455
u0004207:i1817209,7.60455
u0004207:i1821694,7.60455
u0004207:i1872194,7.60455
u0004207:i1887945,7.60455
u0004207:i1927068,7.60455
u0004207:i1932767,7.60455
u0004207:i1939659,7.60455
u0004207:i2015381,7.60455
u0004207:i2017038,7.60455
u0004207:i2055765,7.60455
u0004207:i2084970,7.60455
u0004207:i2095649,7.60455
u0004207:i2245084,7.60455
u0004207:i2267998,7.60455
u0004207:i2293640,7.60455
u0004207:i2312718,7.60455
u0004207:i2318625,7.60455
u0004207:i2322441,7.60455
u0004207:i2334873,7.60455
u0004207:i2381249,7.60455
u0004207:i2387408,7.60455
u0004207:i2401097,7.60455
u0004207:i2488740,7.60455
u0004207:i2562232,7.60455
u0004207:i2669336,7.60455
u0004207:i2848292,7.60455
u0004207:i2872732,7.60455
u0004207:i2883434,7.60455
u0004207:i2901736,7.60455
u0004207:i2926810,7.60455
u0004207:i2949890,7.60455
u0004207:i2980648,7.60455
u0004207:i3046080,7.60455
u0004207:i3079380,7.60455
u0004207:i3465456,7.60455
u0004207:i4209802,7.60455
u0004220:i0892769,7.60697
u0004220:i1646971,7.60697
u0004220:i1809398,7.60697
u0004220:i1951265,7.60697
u0004220:i2310332,7.60697
u0004222:i1767372,7.2094
u0004222:i2293640,6.90126
u0004222:i2637276,6.34618
u0004222:i2908446,6.56864
u0004254:i2381249,7.60455
u0004254:i2637276,7.60455
u0004254:i2848292,7.60455
u0004259:i0816692,7.50908
u0004259:i0907657,7.50908
u0004259:i1065073,7.50908
u0004259:i2582802,7.50908
u0004259:i3169706,7.50908
u0004274:i0088846,7.67
u0004274:i0091042,7.67
u0004274:i0094625,7.67
u0004274:i0096895,7.67
u0004274:i0113568,7.67
u0004274:i0115751,7.67
u0004274:i0275277,7.67
u0004274:i0964517,7.67
u0004274:i1139797,7.67
u0004274:i1392190,7.67
u0004274:i1625346,7.67
u0004274:i1877832,7.67
u0004274:i2179136,7.67
u0004274:i4229236,7.67
u0004318:i0884732,6.76401
u0004318:i1823672,6.90788
u0004318:i1939659,6.16717
u0004318:i2084970,6.84537
u0004318:i3316960,6.86596
u0004345:i1392190,6.66119
u0004345:i1412386,7.23339
u0004345:i1706620,6.89735
u0004345:i2334649,6.28252
u0004345:i2395427,6.89782
u0004345:i2820852,6.72541
u0004345:i2911666,7.0611
u0004353:i1772264,7.60697
u0004353:i2305051,7.60697
u0004353:i2802144,7.60697
u0004353:i2937898,7.60697
u0004367:i0482571,6.80094
u0004367:i0831387,6.80094
u0004367:i1226273,6.80094
u0004367:i2316411,6.80094
u0004367:i2872718,6.80094
u0004388:i0072890,4.9231
u0004388:i1392190,6.66682
u0004388:i2395427,6.9053
u0004388:i2820852,6.73427
u0004388:i2872718,7.01535
u0004388:i2911666,7.07687
u0004398:i0120812,7.53492
u0004398:i0120917,7.53492
u0004398:i0183649,7.53492
u0004398:i0275847,7.53492
u0004398:i0319262,7.53492
u0004398:i0435651,7.53492
u0004398:i0816692,7.53492
u0004398:i0816711,7.53492
u0004398:i0824747,7.53492
u0004398:i1038919,7.53492
u0004398:i1197624,7.53492
u0004398:i1211956,7.53492
u0004398:i1232829,7.53492
u0004398:i1408253,7.53492
u0004398:i1809398,7.53492
u0004398:i1872194,7.53492
u0004398:i1951265,7.53492
u0004398:i2084970,7.53492
u0004398:i2096672,7.53492
u0004398:i2103254,7.53492
u0004398:i2120120,7.53492
u0004398:i2224026,7.53492
u0004398:i2245084,7.53492
u0004398:i2278388,7.53492
u0004398:i2321549,7.53492
u0004398:i2562232,7.53492
u0004398:i2582802,7.53492
u0004398:i2872732,7.53492
u0004398:i2980516,7.53492
u0004398:i3007512,7.53492
u0004398:i3181822,7.53492
u0004398:i3316960,7.53492
u0004421:i2179136,7.17079
u0004421:i2562232,7.17079
u0004421:i2582802,7.17079
u0004421:i2737050,7.17079
u0004421:i2870756,7.17079
u0004421:i2980516,7.17079
u0004426:i1637725,8.33053
u0004426:i2275946,8.33053
u0004426:i2872718,8.33053
u0004426:i4178092,8.33053
u0004447:i0041959,7.50908
u0004447:i0114329,7.50908
u0004447:i0301357,7.50908
u0004447:i0478970,7.50908
u0004447:i1980929,7.50908
u0004447:i3674140,7.50908
u0004451:i0424136,7.45651
u0004451:i1392190,7.45651
u0004451:i1809398,7.45651
u0004451:i1823672,7.45651
u0004451:i2381941,7.45651
u0004451:i2802144,7.45651
u0004451:i2884206,7.45651
u0004452:i1375666,7.60697
u0004452:i1392190,7.60697
u0004452:i1781922,7.60697
u0004452:i1798684,7.60697
u0004452:i1823672,7.60697
u0004452:i1922777,7.60697
u0004452:i2013293,7.60697
u0004452:i2024469,7.60697
u0004452:i2053463,7.60697
u0004452:i2120120,7.60697
u0004452:i2245084,7.60697
u0004452:i2278388,7.60697
u0004452:i2293640,7.60697
u0004452:i2509850,7.60697
u0004452:i2669336,7.60697
u0004452:i2788710,7.60697
u0004452:i2872718,7.60697
u0004452:i2994190,7.60697
u0004452:i3316960,7.60697
u0004478:i0010323,7.29028
u0004478:i0078966,7.29028
u0004478:i1100089,7.29028
u0004478:i2267998,7.29028
u0004478:i3007512,7.29028
u0004508:i0369610,6.80707
u0004508:i0790724,6.39752
u0004508:i1392190,6.67245
u0004523:i1980929,7.94806
u0004523:i2096673,7.94806
u0004523:i2244901,7.94806
u0004523:i2268016,7.94806
u0004523:i2395427,7.94806
u0004523:i2474024,7.94806
u0004523:i2582802,7.94806
u0004523:i2848292,7.94806
u0004523:i2908446,7.94806
u0004523:i2980648,7.94806
u0004523:i3152624,7.94806
u0004538:i0055614,7.7286
u0004538:i0072431,7.7286
u0004538:i0073629,7.7286
u0004538:i0077588,7.7286
u0004538:i0077631,7.7286
u0004538:i0078721,7.7286
u0004538:i0079367,7.7286
u0004538:i0080062,7.7286
u0004538:i0080339,7.7286
u0004538:i0080365,7.7286
u0004538:i0080516,7.7286
u0004538:i0080661,7.7286
u0004538:i0082334,7.7286
u0004538:i0083131,7.7286
u0004538:i0083530,7.7286
u0004538:i0084412,7.7286
u0004538:i0084516,7.7286
u0004538:i0085276,7.7286
u0004538:i0085407,7.7286
u0004538:i0085811,7.7286
u0004538:i0085894,7.7286
u0004538:i0085970,7.7286
u0004538:i0086541,7.7286
u0004538:i0086873,7.7286
u0004538:i0086984,7.7286
u0004538:i0087231,7.7286
u0004538:i0087507,7.7286
u0004538:i0087597,7.7286
u0004538:i0088001,7.7286
u0004538:i0088286,7.7286
u0004538:i0088930,7.7286
u0004538:i0089092,7.7286
u0004538:i0090329,7.7286
u0004538:i0091428,7.7286
u0004538:i0091431,7.7286
u0004538:i0091557,7.7286
u0004538:i0091778,7.7286
u0004538:i0092086,7.7286
u0004538:i0092099,7.7286
u0004538:i0093260,7.7286
u0004538:i0093748,7.7286
u0004538:i0093886,7.7286
u0004538:i0094008,7.7286
u0004538:i0094721,7.7286
u0004538:i0094964,7.7286
u0004538:i0095174,7.7286
u0004538:i0095705,7.7286
u0004538:i0095889,7.7286
u0004538:i0096061,7.7286
u0004538:i0097235,7.7286
u0004538:i0097368,7.7286
u0004538:i0099558,7.7286
u0004538:i0099850,7.7286
u0004538:i0100318,7.7286
u0004538:i0102059,7.7286
u0004538:i0102510,7.7286
u0004538:i0102603,7.7286
u0004538:i0102798,7.7286
u0004538:i0103759,7.7286
u0004538:i0103772,7.7286
u0004538:i0104756,7.7286
u0004538:i0105477,7.7286
u0004538:i0106453,7.7286
u0004538:i0106856,7.7286
u0004538:i0107144,7.7286
u0004538:i0107211,7.7286
u0004538:i0107659,7.7286
u0004538:i0108162,7.7286
u0004538:i0108185,7.7286
u0004538:i0109635,7.7286
u0004538:i0110146,7.7286
u0004538:i0110622,7.7286
u0004538:i0110638,7.7286
u0004538:i0110771,7.7286
u0004538:i0112431,7.7286
u0004538:i0112740,7.7286
u0004538:i0115964,7.7286
u0004538:i0115986,7.7286
u0004538:i0116277,7.7286
u0004538:i0116704,7.7286
u0004538:i0117108,7.7286
u0004538:i0118604,7.7286
u0004538:i0118887,7.7286
u0004538:i0118966,7.7286
u0004538:i0120595,7.7286
u0004538:i0120749,7.7286
u0004538:i0120780,7.7286
u0004538:i0127357,7.7286
u0004538:i0131325,7.7286
u0004538:i0132910,7.7286
u0004538:i0133952,7.7286
u0004538:i0134983,7.7286
u0004538:i0143145,7.7286
u0004538:i0145660,7.7286
u0004538:i0163025,7.7286
u0004538:i0165854,7.7286
u0004538:i0187738,7.7286
u0004538:i0203009,7.7286
u0004538:i0242998,7.7286
u0004538:i0272207,7.7286
u0004538:i0274812,7.7286
u0004538:i0295701,7.7286
u0004538:i0307987,7.7286
u0004538:i0320691,7.7286
u0004538:i0325703,7.7286
u0004538:i0329774,7.7286
u0004538:i0332452,7.7286
u0004538:i0338526,7.7286
u0004538:i0372588,7.7286
u0004538:i0391198,7.7286
u0004538:i0401855,7.7286
u0004538:i0403508,7.7286
u0004538:i0408236,7.7286
u0004538:i0419946,7.7286
u0004538:i0425112,7.7286
u0004538:i0425413,7.7286
u0004538:i0427327,7.7286
u0004538:i0430912,7.7286
u0004538:i0475394,7.7286
u0004538:i0476964,7.7286
u0004538:i0814022,7.7286
u0004538:i0834001,7.7286
u0004538:i0887883,7.7286
u0004538:i1071875,7.7286
u0004538:i1092026,7.7286
u0004538:i1126591,7.7286
u0004538:i1226273,7.7286
u0004538:i1656186,7.7286
u0004538:i1667353,7.7286
u0004541:i1392190,7.60697
u0004541:i1615147,7.60697
u0004541:i2446042,7.60697
u0004541:i2562232,7.60697
u0004541:i2872718,7.60697
u0004555:i0369610,6.81048
u0004555:i0757157,6.81048
u0004555:i1392190,6.81048
u0004555:i1674771,6.81048
u0004555:i2126355,6.81048
u0004555:i2395427,6.81048
u0004555:i3247714,6.81048
u0004584:i0054310,0
u0004584:i0058576,3.67482
u0004584:i0066769,6.13342
u0004584:i0078966,4.67853
u0004584:i0082351,0
u0004584:i0086567,6.26376
u0004584:i0091474,5.04546
u0004584:i0102138,5.48781
u0004584:i0107206,4.86815
u0004584:i0107798,3.96299
u0004584:i0117060,6.278
u0004584:i0120382,5.09986
u0004584:i0133952,6.20322
u0004584:i0145531,3.79306
u0004584:i0266987,4.05444
u0004584:i0277434,4.56618
u0004584:i0328107,5.35114
u0004584:i0369610,6.81448
u0004584:i0420223,5.96198
u0004584:i0475276,5.09604
u0004584:i0808151,5.69961
u0004584:i0947810,5.45308
u0004584:i1210042,6.2978
u0004584:i1340138,6.81658
u0004584:i1454468,5.92764
u0004584:i1535109,5.39585
u0004584:i1631867,6.94797
u0004584:i1638355,6.70073
u0004584:i1742334,6.85574
u0004584:i2179136,6.96736
u0004584:i2381249,6.73354
u0004584:i2381941,6.88379
u0004584:i2395427,6.91278
u0004584:i3007512,6.75936
u0004587:i0094226,7.38664
u0004587:i0816692,7.38664
u0004587:i1255953,7.38664
u0004587:i1631867,7.38664
u0004587:i1726592,7.38664
u0004587:i2179136,7.38664
u0004587:i2582802,7.38664
u0004587:i2692904,7.38664
u0004587:i2802144,7.38664
u0004587:i3007512,7.38664
u0004587:i4696222,7.38664
u0004601:i0116695,6.94505
u0004601:i0369610,6.94505
u0004601:i1340138,6.94505
u0004601:i1392190,6.94505
u0004601:i1549920,6.94505
u0004601:i1742334,6.94505
u0004601:i1762399,6.94505
u0004601:i2179136,6.94505
u0004601:i2395427,6.94505
u0004601:i3079380,6.94505
u0004616:i0025913,7.60368
u0004616:i0280653,7.60368
u0004616:i0369610,7.60368
u0004616:i0470752,7.60368
u0004616:i0470985,7.60368
u0004616:i0900387,7.60368
u0004616:i1020072,7.60368
u0004616:i1035730,7.60368
u0004616:i1340138,7.60368
u0004616:i1382725,7.60368
u0004616:i1392190,7.60368
u0004616:i1528100,7.60368
u0004616:i1698641,7.60368
u0004616:i2245084,7.60368
u0004616:i2261331,7.60368
u0004616:i2273657,7.60368
u0004616:i2326554,7.60368
u0004616:i2381941,7.60368
u0004616:i2395427,7.60368
u0004616:i2404425,7.60368
u0004616:i2415458,7.60368
u0004616:i2436386,7.60368
u0004616:i2446042,7.60368
u0004616:i2637276,7.60368
u0004616:i2675914,7.60368
u0004616:i2752688,7.60368
u0004616:i2802144,7.60368
u0004616:i2820852,7.60368
u0004616:i2918436,7.60368
u0004616:i3007512,7.60368
u0004616:i3011894,7.60368
u0004616:i3086442,7.60368
u0004616:i3089778,7.60368
u0004616:i3218580,7.60368
u0004616:i3235888,7.60368
u0004616:i3409392,7.60368
u0004616:i3455822,7.60368
u0004616:i3508830,7.60368
u0004616:i3612616,7.60368
u0004616:i3622120,7.60368
u0004616:i3813310,7.60368
u0004616:i4044364,7.60368
u0004616:i4257858,7.60368
u0004618:i0455944,7.02537
u0004618:i0477080,7.02537
u0004618:i1600196,7.02537
u0004618:i4689268,7.02537
u0004641:i0482571,4.69711
u0004641:i0993846,6.53097
u0004641:i1065073,6.93099
u0004641:i3007512,6.80033
u0004654:i0369610,7.68395
u0004654:i0478970,7.68395
u0004654:i0831387,7.68395
u0004654:i2096673,7.68395
u0004658:i0418763,6.31318
u0004658:i0462590,6.31318
u0004658:i0816692,6.31318
u0004658:i0816711,6.31318
u0004658:i0884732,6.31318
u0004658:i1023481,6.31318
u0004658:i1126590,6.31318
u0004658:i1156398,6.31318
u0004658:i1193631,6.31318
u0004658:i1355630,6.31318
u0004658:i1488555,6.31318
u0004658:i1499658,6.31318
u0004658:i1661199,6.31318
u0004658:i1800741,6.31318
u0004658:i1945084,6.31318
u0004658:i1981677,6.31318
u0004658:i2024432,6.31318
u0004658:i2034031,6.31318
u0004658:i2084970,6.31318
u0004658:i2170439,6.31318
u0004658:i2179136,6.31318
u0004658:i2180411,6.31318
u0004658:i2224026,6.31318
u0004658:i2265398,6.31318
u0004658:i2582802,6.31318
u0004658:i2626350,6.31318
u0004658:i2713180,6.31318
u0004658:i2848292,6.31318
u0004658:i2872718,6.31318
u0004658:i2980516,6.31318
u0004658:i2994190,6.31318
u0004658:i3316960,6.31318
u0004662:i0074860,7.92598
u0004662:i0099674,7.92598
u0004662:i0159097,7.92598
u0004662:i1392190,7.92598
u0004662:i1823672,7.92598
u0004662:i2395427,7.92598
u0004662:i2883512,7.92598
u0004662:i3235888,7.92598
u0004682:i0369610,7.14599
u0004682:i1029360,7.14599
u0004682:i1216491,7.14599
u0004682:i1392190,7.14599
u0004682:i1398426,7.14599
u0004682:i2084970,7.14599
u0004682:i2126355,7.14599
u0004682:i2199571,7.14599
u0004682:i2381941,7.14599
u0004682:i2555736,7.14599
u0004682:i2802144,7.14599
u0004682:i2820852,7.14599
u0004693:i0058331,7.67
u0004693:i0107688,7.67
u0004693:i0120910,7.67
u0004693:i0369610,7.67
u0004693:i0435651,7.67
u0004693:i0455944,7.67
u0004693:i1020072,7.67
u0004693:i1065073,7.67
u0004693:i1100089,7.67
u0004693:i1205537,7.67
u0004693:i1206543,7.67
u0004693:i1291584,7.67
u0004693:i1392190,7.67
u0004693:i1617661,7.67
u0004693:i1661199,7.67
u0004693:i1764183,7.67
u0004693:i1790864,7.67
u0004693:i1872194,7.67
u0004693:i2084970,7.67
u0004693:i2096673,7.67
u0004693:i2170299,7.67
u0004693:i2179136,7.67
u0004693:i2217895,7.67
u0004693:i2278388,7.67
u0004693:i2381249,7.67
u0004693:i2395427,7.67
u0004693:i2404425,7.67
u0004693:i2473602,7.67
u0004693:i2562232,7.67
u0004693:i2582802,7.67
u0004693:i2802144,7.67
u0004693:i2820852,7.67
u0004693:i2848292,7.67
u0004693:i2872718,7.67
u0004693:i2872732,7.67
u0004693:i2911666,7.67
u0004693:i2980516,7.67
u0004693:i3152624,7.67
u0004693:i3316960,7.67
u0004693:i3622592,7.67
u0004712:i0414853,0
u0004712:i0816692,6.54315
u0004712:i1675434,5.81412
u0004712:i1924396,6.49933
u0004712:i2106476,6.04658
u0004712:i2267998,6.70865
u0004712:i2381249,6.74558
u0004714:i3074578,7.03976
u0004714:i3672742,7.03976
u0004714:i3986532,7.03976
u0004738:i0376541,7.67
u0004738:i0443465,7.67
u0004738:i1037705,7.67
u0004738:i1072438,7.67
u0004738:i1265990,7.67
u0004738:i1655441,7.67
u0004738:i1715873,7.67
u0004738:i2093977,7.67
u0004738:i2205697,7.67
u0004738:i2267998,7.67
u0004738:i2322441,7.67
u0004738:i2639254,7.67
u0004738:i2726560,7.67
u0004738:i2980516,7.67
u0004738:i3152624,7.67
u0004738:i3177316,7.67
u0004738:i3289712,7.67
u0004738:i3442006,7.67
u0004738:i3799372,7.67
u0004750:i0206634,5.66951
u0004750:i1745787,5.98076
u0004750:i2381941,6.89631
u0004750:i2427502,0
u0004750:i2493486,6.29373
u0004750:i2937898,6.963
u0004750:i3011894,6.9282
u0004750:i3093546,6.3278
u0004750:i3754976,5.07131
u0004760:i0264464,8.02876
u0004760:i0816692,8.02876
u0004760:i0882977,8.02876
u0004760:i0936501,8.02876
u0004760:i1790864,8.02876
u0004763:i0365907,8.05735
u0004763:i0375735,8.05735
u0004763:i0488120,8.05735
u0004763:i0804463,8.05735
u0004763:i1226240,8.05735
u0004763:i1528100,8.05735
u0004763:i1726592,8.05735
u0004763:i1951265,8.05735
u0004763:i2005374,8.05735
u0004763:i2042568,8.05735
u0004763:i2094877,8.05735
u0004763:i2096672,8.05735
u0004763:i2139555,8.05735
u0004763:i2170439,8.05735
u0004763:i2231253,8.05735
u0004763:i2316411,8.05735
u0004763:i2322441,8.05735
u0004763:i2381941,8.05735
u0004763:i2713180,8.05735
u0004763:i2788710,8.05735
u0004763:i2802144,8.05735
u0004763:i2883512,8.05735
u0004763:i2911666,8.05735
u0004763:i3007512,8.05735
u0004763:i3698408,8.05735
u0004763:i4141788,8.05735
u0004803:i1638355,7.60697
u0004803:i1872194,7.60697
u0004803:i2820852,7.60697
u0004825:i0017925,7.60697
u0004825:i0030637,7.60697
u0004825:i0042192,7.60697
u0004825:i0043014,7.60697
u0004825:i0044706,7.60697
u0004825:i0046303,7.60697
u0004825:i0051459,7.60697
u0004825:i0053604,7.60697
u0004825:i0063462,7.60697
u0004825:i0067116,7.60697
u0004825:i0071315,7.60697
u0004825:i0073195,7.60697
u0004825:i0075148,7.60697
u0004825:i0079116,7.60697
u0004825:i0080120,7.60697
u0004825:i0083806,7.60697
u0004825:i0084503,7.60697
u0004825:i0084707,7.60697
u0004825:i0086979,7.60697
u0004825:i0088247,7.60697
u0004825:i0095953,7.60697
u0004825:i0097351,7.60697
u0004825:i0103064,7.60697
u0004825:i0107290,7.60697
u0004825:i0109830,7.60697
u0004825:i0116695,7.60697
u0004825:i0117951,7.60697
u0004825:i0119217,7.60697
u0004825:i0120601,7.60697
u0004825:i0120669,7.60697
u0004825:i0129290,7.60697
u0004825:i0138097,7.60697
u0004825:i0139738,7.60697
u0004825:i0167404,7.60697
u0004825:i0202815,7.60697
u0004825:i0231639,7.60697
u0004825:i0259711,7.60697
u0004825:i0265666,7.60697
u0004825:i0294870,7.60697
u0004825:i0361748,7.60697
u0004825:i0365748,7.60697
u0004825:i0383028,7.60697
u0004825:i0387564,7.60697
u0004825:i0388795,7.60697
u0004825:i0425112,7.60697
u0004825:i0432348,7.60697
u0004825:i0780536,7.60697
u0004825:i1020072,7.60697
u0004825:i1065073,7.60697
u0004825:i1392190,7.60697
u0004825:i1560747,7.60697
u0004825:i1571249,7.60697
u0004825:i1600524,7.60697
u0004825:i1748122,7.60697
u0004825:i1915581,7.60697
u0004825:i2084970,7.60697
u0004825:i2096673,7.60697
u0004825:i2179136,7.60697
u0004825:i2267998,7.60697
u0004825:i2381249,7.60697
u0004825:i2582802,7.60697
u0004825:i2788710,7.60697
u0004825:i2802144,7.60697
u0004825:i2820852,7.60697
u0004825:i2872718,7.60697
u0004825:i2980516,7.60697
u0004861:i0044829,8.33679
u0004861:i0044916,8.33679
u0004861:i0046874,8.33679
u0004861:i0048947,8.33679
u0004861:i0050547,8.33679
u0004861:i0050976,8.33679
u0004861:i0062994,8.33679
u0004861:i0079817,8.33679
u0004861:i0082694,8.33679
u0004861:i0085382,8.33679
u0004861:i0086960,8.33679
u0004861:i0093640,8.33679
u0004861:i0094006,8.33679
u0004861:i0369610,8.33679
u0004861:i0399146,8.33679
u0004861:i0455944,8.33679
u0004861:i0804463,8.33679
u0004861:i1032755,8.33679
u0004861:i1216492,8.33679
u0004861:i1465487,8.33679
u0004861:i1486834,8.33679
u0004861:i1491044,8.33679
u0004861:i1527186,8.33679
u0004861:i1528071,8.33679
u0004861:i1531901,8.33679
u0004861:i1571249,8.33679
u0004861:i1646971,8.33679
u0004861:i1666335,8.33679
u0004861:i1670345,8.33679
u0004861:i1714915,8.33679
u0004861:i1748122,8.33679
u0004861:i1764183,8.33679
u0004861:i1823672,8.33679
u0004861:i1862079,8.33679
u0004861:i1893256,8.33679
u0004861:i1951265,8.33679
u0004861:i1967545,8.33679
u0004861:i2015381,8.33679
u0004861:i2085910,8.33679
u0004861:i2106361,8.33679
u0004861:i2179136,8.33679
u0004861:i2203939,8.33679
u0004861:i2258345,8.33679
u0004861:i2267998,8.33679
u0004861:i2304771,8.33679
u0004861:i2321549,8.33679
u0004861:i2404425,8.33679
u0004861:i2513616,8.33679
u0004861:i2692250,8.33679
u0004861:i2718492,8.33679
u0004861:i2870756,8.33679
u0004861:i2872732,8.33679
u0004861:i2980516,8.33679
u0004861:i3316960,8.33679
u0004861:i3455224,8.33679
u0004861:i3455822,8.33679
u0004867:i2096673,6.85158
u0004867:i2293640,6.92608
u0004867:i2381249,6.75765
u0004867:i2582802,6.97869
u0004882:i0829150,7.06612
u0004882:i0947798,5.04111
u0004882:i1355630,6.56678
u0004882:i1872194,7.03645
u0004882:i2084970,6.85246
u0004882:i2980516,6.97784
u0004919:i0079501,6.50871
u0004919:i0082694,6.50871
u0004919:i0083944,6.50871
u0004919:i0089880,6.50871
u0004919:i0095956,6.50871
u0004919:i0098635,6.50871
u0004919:i0102685,6.50871
u0004919:i0103639,6.50871
u0004919:i0106977,6.50871
u0004919:i0107076,6.50871
u0004919:i0109444,6.50871
u0004919:i0111161,6.50871
u0004919:i0112740,6.50871
u0004919:i0112818,6.50871
u0004919:i0117060,6.50871
u0004919:i0118887,6.50871
u0004919:i0120188,6.50871
u0004919:i0120780,6.50871
u0004919:i0134119,6.50871
u0004919:i0145487,6.50871
u0004919:i0162222,6.50871
u0004919:i0264464,6.50871
u0004919:i0265086,6.50871
u0004919:i0316654,6.50871
u0004919:i0317705,6.50871
u0004919:i0319061,6.50871
u0004919:i0335266,6.50871
u0004919:i0369339,6.50871
u0004919:i0369610,6.50871
u0004919:i0381061,6.50871
u0004919:i0408790,6.50871
u0004919:i0796366,6.50871
u0004919:i0808151,6.50871
u0004919:i1024648,6.50871
u0004919:i1065073,6.50871
u0004919:i1100089,6.50871
u0004919:i1229238,6.50871
u0004919:i1323594,6.50871
u0004919:i1345836,6.50871
u0004919:i1392190,6.50871
u0004919:i1535108,6.50871
u0004919:i1535109,6.50871
u0004919:i1600196,6.50871
u0004919:i1706593,6.50871
u0004919:i1726669,6.50871
u0004919:i1825157,6.50871
u0004919:i1907668,6.50871
u0004919:i1972571,6.50871
u0004919:i2096673,6.50871
u0004919:i2172934,6.50871
u0004919:i2381249,6.50871
u0004919:i2382396,6.50871
u0004919:i2562232,6.50871
u0004919:i2582802,6.50871
u0004919:i2717822,6.50871
u0004924:i0059578,4.28609
u0004924:i0060196,5.86409
u0004924:i0068646,4.78643
u0004924:i0071562,4.93566
u0004924:i0099674,4.44933
u0004924:i0111161,4.95666
u0004924:i0114814,5.33189
u0004924:i0117913,5.88714
u0004924:i0120586,5.63582
u0004924:i0137523,5.7214
u0004924:i0419749,4.79759
u0004924:i0993846,6.59438
u0004924:i3079380,6.65925
u0004940:i0116282,7.86631
u0004940:i0119488,7.86631
u0004940:i0203019,7.86631
u0004940:i0365907,7.86631
u0004940:i1600196,7.86631
u0004940:i1790864,7.86631
u0004940:i1872194,7.86631
u0004940:i2039393,7.86631
u0004940:i2084970,7.86631
u0004940:i2170439,7.86631
u0004940:i2199571,7.86631
u0004940:i2310332,7.86631
u0004940:i2802144,7.86631
u0004940:i2872718,7.86631
u0004996:i0816692,6.55264
u0004996:i1872194,7.05843
u0004996:i2305051,7.11286
u0004996:i2562232,6.98799
u0004996:i2799166,7.25334
u0004996:i2872718,7.02689
u0004996:i2980516,6.98714
u0004996:i3316960,6.88715
u0005001:i0369610,7.52129
u0005001:i0478970,7.52129
u0005001:i1340138,7.52129
u0005033:i0369610,7.41959
u0005033:i0470752,7.41959
u0005033:i1029360,7.41959
u0005033:i1340138,7.41959
u0005033:i1392190,7.41959
u0005033:i1877832,7.41959
u0005033:i1881002,7.41959
u0005033:i2084970,7.41959
u0005033:i2172934,7.41959
u0005033:i2322441,7.41959
u0005033:i2397535,7.41959
u0005033:i2582802,7.41959
u0005033:i3079380,7.41959
u0005033:i3195644,7.41959
u0005033:i3235888,7.41959
u0005033:i4229236,7.41959
u0005037:i0369610,7.72455
u0005037:i0470752,7.72455
u0005037:i1065073,7.72455
u0005037:i1091191,7.72455
u0005037:i1389096,7.72455
u0005037:i1809398,7.72455
u0005037:i2039393,7.72455
u0005037:i2084970,7.72455
u0005037:i2179136,7.72455
u0005037:i2562232,7.72455
u0005037:i2637276,7.72455
u0005037:i2713180,7.72455
u0005037:i2820852,7.72455
u0005037:i2908446,7.72455
u0005037:i2980516,7.72455
u0005037:i3205376,7.72455
u0005040:i0358273,5.95785
u0005040:i0887883,5.99081
u0005040:i1178663,5.56144
u0005040:i1659337,6.29112
u0005040:i1798684,6.57621
u0005040:i2106476,6.17803
u0005040:i2390361,5.90351
u0005040:i2637276,6.37127
u0005047:i0022694,5.68489
u0005047:i0038823,5.68489
u0005047:i0044741,5.68489
u0005047:i0049902,5.68489
u0005047:i0052080,5.68489
u0005047:i0056443,5.68489
u0005047:i0060304,5.68489
u0005047:i0067227,5.68489
u0005047:i0069687,5.68489
u0005047:i0071483,5.68489
u0005047:i0071910,5.68489
u0005047:i0073152,5.68489
u0005047:i0073800,5.68489
u0005047:i0080979,5.68489
u0005047:i0091506,5.68489
u0005047:i0095040,5.68489
u0005047:i0095590,5.68489
u0005047:i0100491,5.68489
u0005047:i0122591,5.68489
u0005047:i0238883,5.68489
u0005047:i0346336,5.68489
u0005047:i0472113,5.68489
u0005047:i0808279,5.68489
u0005047:i0847050,5.68489
u0005047:i1186366,5.68489
u0005047:i2326554,5.68489
u0005047:i2374902,5.68489
u0005047:i4229236,5.68489
u0005072:i0369610,7.22167
u0005072:i1100089,7.22167
u0005072:i1126590,7.22167
u0005072:i1212456,7.22167
u0005072:i1371150,7.22167
u0005072:i1392190,7.22167
u0005072:i1809398,7.22167
u0005072:i2039393,7.22167
u0005072:i2084970,7.22167
u0005072:i2126355,7.22167
u0005072:i2170593,7.22167
u0005072:i2279373,7.22167
u0005072:i2395427,7.22167
u0005072:i2692250,7.22167
u0005072:i2713180,7.22167
u0005072:i2752200,7.22167
u0005072:i2883512,7.22167
u0005079:i0120815,5.99987
u0005079:i0241527,5.13624
u0005079:i0295297,5.38375
u0005079:i0304141,5.37734
u0005079:i0330373,4.7765
u0005079:i0373889,5.09246
u0005079:i0416449,6.21855
u0005079:i0477347,6.88741
u0005079:i0848228,6.14517
u0005079:i0926084,3.77648
u0005079:i1201607,5.5199
u0005079:i1253863,6.74358
u0005079:i1698641,6.82583
u0005079:i2446042,7.00917
u0005085:i1243974,6.1293
u0005085:i1798684,6.60093
u0005085:i2140379,6.04689
u0005085:i2268016,6.77798
u0005085:i2381249,6.76974
u0005085:i3152624,6.61735
u0005115:i0110912,5.49931
u0005115:i0117951,5.67419
u0005115:i0208092,5.9878
u0005115:i0361748,5.82938
u0005115:i0377092,3.43971
u0005115:i0381707,5.82033
u0005115:i0840361,5.77002
u0005115:i1133985,5.41607
u0005115:i1273235,6.1416
u0005115:i1296898,5.35923
u0005115:i1523483,3.98762
u0005115:i1615065,6.49486
u0005115:i2395427,6.92027
u0005115:i2802144,6.82201
u0005115:i2820852,6.74314
u0005115:i3713166,6.45662
u0005127:i0062229,4.56913
u0005127:i0181875,6.43863
u0005127:i0412019,6.31504
u0005127:i0432283,5.03629
u0005127:i0472062,6.32649
u0005127:i0756683,6.06563
u0005127:i1285016,6.60188
u0005127:i1392190,6.67809
u0005127:i1515091,6.09403
u0005127:i1791528,7.0671
u0005127:i1931533,5.98984
u0005127:i3011894,6.97565
u0005127:i3205376,6.30058
u0005142:i1872194,8.11235
u0005142:i2084970,8.11235
u0005142:i2582802,8.11235
u0005142:i3011894,8.11235
u0005158:i0361748,8.36932
u0005158:i0369610,8.36932
u0005158:i1086772,8.36932
u0005158:i1109624,8.36932
u0005158:i1486834,8.36932
u0005158:i1567437,8.36932
u0005158:i1714206,8.36932
u0005158:i1790864,8.36932
u0005158:i2096673,8.36932
u0005158:i2180411,8.36932
u0005158:i2267998,8.36932
u0005158:i2278388,8.36932
u0005158:i2381941,8.36932
u0005158:i2387559,8.36932
u0005158:i2395427,8.36932
u0005158:i2397535,8.36932
u0005158:i2752772,8.36932
u0005158:i2848292,8.36932
u0005158:i2980516,8.36932
u0005158:i3195644,8.36932
u0005158:i3235888,8.36932
u0005158:i4178092,8.36932
u0005165:i0375912,6.42967
u0005165:i0464041,3.62324
u0005165:i0478970,6.62199
u0005165:i1502712,6.62907
u0005165:i1798684,6.62575
u0005165:i2381249,6.78185
u0005193:i0019254,4.95299
u0005193:i0055830,3.835
u0005193:i0079696,0
u0005193:i0085180,2.55667
u0005201:i0470752,7.60697
u0005201:i1826550,7.60697
u0005201:i2084970,7.60697
u0005201:i2784678,7.60697
u0005207:i0081505,7.06092
u0005207:i0369610,7.06092
u0005207:i0478970,7.06092
u0005207:i1091191,7.06092
u0005207:i1392190,7.06092
u0005207:i1783422,7.06092
u0005207:i1790864,7.06092
u0005207:i1810683,7.06092
u0005207:i1964418,7.06092
u0005207:i1980929,7.06092
u0005207:i2042568,7.06092
u0005207:i2096673,7.06092
u0005207:i2199571,7.06092
u0005207:i2293640,7.06092
u0005207:i2395427,7.06092
u0005207:i2726560,7.06092
u0005207:i2820852,7.06092
u0005207:i2870756,7.06092
u0005207:i2908446,7.06092
u0005207:i3045616,7.06092
u0005230:i0470752,6.89159
u0005230:i2562232,6.89159
u0005230:i2991224,6.89159
u0005247:i0308644,8.52381
u0005247:i1015471,8.52381
u0005247:i2528814,8.52381
u0005247:i2848292,8.52381
u0005275:i0460766,7.67
u0005275:i0893356,7.67
u0005275:i1636459,7.67
u0005275:i2071620,7.67
u0005275:i2562232,7.67
u0005275:i2714900,7.67
u0005275:i3455224,7.67
u0005275:i4284010,7.67
u0005281:i0787474,5.76065
u0005281:i1065073,5.76065
u0005281:i1809398,5.76065
u0005281:i2084970,5.76065
u0005281:i2179136,5.76065
u0005281:i2278388,5.76065
u0005281:i2310332,5.76065
u0005281:i2562232,5.76065
u0005281:i2713180,5.76065
u0005281:i3148348,5.76065
u0005281:i3297792,5.76065
u0005281:i3322940,5.76065
u0005319:i0247586,7.33153
u0005319:i1446714,7.33153
u0005319:i1638002,7.33153
u0005319:i2034031,7.33153
u0005319:i2084970,7.33153
u0005319:i2278388,7.33153
u0005319:i2305051,7.33153
u0005319:i2446042,7.33153
u0005319:i2582802,7.33153
u0005319:i2980516,7.33153
u0005319:i3179568,7.33153
u0005373:i0478970,6.63299
u0005373:i1392190,6.68374
u0005373:i1398426,6.9365
u0005373:i1791682,6.99241
u0005373:i2278388,6.66867
u0005373:i2322441,7.00577
u0005373:i2381249,6.79398
u0005373:i2582802,6.98639
u0005373:i2802144,6.82845
u0005373:i2872718,7.03845
u0005374:i1638355,6.73474
u0005374:i2096673,6.86654
u0005374:i2293640,6.951
u0005374:i2395427,6.92776
u0005374:i3622592,6.1236
u0005375:i0816692,6.56213
u0005375:i1631867,6.99759
u0005375:i1800241,6.80108
u0005375:i2084970,6.85957
u0005375:i2872718,7.05002
u0005384:i0286788,7.45
u0005384:i0369610,7.45
u0005384:i1648179,7.45
u0005384:i1661199,7.45
u0005396:i0245429,5.82479
u0005396:i0317705,6.64664
u0005396:i0435651,6.60095
u0005396:i0482571,4.7551
u0005396:i0486655,5.62945
u0005396:i1037850,0
u0005396:i1502712,6.66925
u0005396:i1659337,6.40763
u0005396:i1772341,6.40146
u0005396:i1865505,6.56723
u0005396:i1964418,6.5569
u0005396:i2096673,6.88153
u0005396:i2245084,7.07692
u0005396:i2395427,6.93527
u0005396:i2637276,6.39645
u0005396:i2679042,6.46126
u0005396:i2820852,6.75203
u0005396:i2848292,6.72707
u0005396:i3345472,5.74259
u0005396:i4941734,0
u0005430:i0068646,8.01558
u0005430:i0073486,8.01558
u0005430:i0075314,8.01558
u0005430:i0109830,8.01558
u0005430:i0110413,8.01558
u0005430:i0110912,8.01558
u0005430:i0114814,8.01558
u0005430:i0162222,8.01558
u0005430:i0265086,8.01558
u0005430:i0332280,8.01558
u0005430:i0359950,8.01558
u0005430:i0361748,8.01558
u0005430:i0372784,8.01558
u0005430:i0468569,8.01558
u0005430:i1345836,8.01558
u0005430:i1457767,8.01558
u0005430:i1462758,8.01558
u0005430:i1798709,8.01558
u0005430:i1800241,8.01558
u0005430:i1809398,8.01558
u0005430:i2179136,8.01558
u0005430:i2234003,8.01558
u0005430:i2338151,8.01558
u0005430:i2562232,8.01558
u0005430:i2614684,8.01558
u0005430:i2980516,8.01558
u0005430:i3186318,8.01558
u0005430:i3316960,8.01558
u0005476:i0111161,7.59441
u0005476:i1791528,7.59441
u0005476:i2177771,7.59441
u0005476:i2381941,7.59441
u0005476:i2692250,7.59441
u0005476:i2848292,7.59441
u0005476:i2935476,7.59441
u0005476:i3316960,7.59441
u0005478:i0075148,7.25914
u0005478:i0079817,7.25914
u0005478:i0083944,7.25914
u0005478:i0084602,7.25914
u0005478:i0088247,7.25914
u0005478:i0092099,7.25914
u0005478:i0095705,7.25914
u0005478:i0102510,7.25914
u0005478:i0120148,7.25914
u0005478:i0369610,7.25914
u0005478:i0458413,7.25914
u0005478:i1392190,7.25914
u0005478:i1412386,7.25914
u0005478:i1629757,7.25914
u0005478:i1798684,7.25914
u0005478:i2084970,7.25914
u0005478:i2179136,7.25914
u0005478:i2180411,7.25914
u0005478:i2395427,7.25914
u0005478:i2555736,7.25914
u0005478:i2561572,7.25914
u0005478:i2582496,7.25914
u0005478:i2637276,7.25914
u0005478:i2788710,7.25914
u0005478:i2802144,7.25914
u0005478:i2908446,7.25914
u0005478:i2980516,7.25914
u0005478:i3316960,7.25914
u0005482:i0369610,6.82189
u0005482:i0413099,5.19866
u0005482:i0455944,6.79295
u0005482:i0478970,6.644
u0005482:i2126355,6.94282
u0005482:i2179136,6.97486
u0005482:i2381249,6.80613
u0005482:i2381941,6.90885
u0005482:i2395427,6.94278
u0005482:i2802144,6.8349
u0005482:i2820852,6.76093
u0005482:i2911666,7.09266
u0005495:i0085204,8.22152
u0005495:i0087332,8.22152
u0005495:i0097428,8.22152
u0005495:i0369610,8.22152
u0005495:i0816692,8.22152
u0005495:i1340138,8.22152
u0005495:i1392190,8.22152
u0005495:i1617661,8.22152
u0005495:i1823672,8.22152
u0005495:i1964418,8.22152
u0005495:i2172985,8.22152
u0005495:i2179136,8.22152
u0005495:i2322441,8.22152
u0005495:i2381941,8.22152
u0005495:i2395427,8.22152
u0005495:i2436386,8.22152
u0005495:i2467046,8.22152
u0005495:i2637294,8.22152
u0005495:i2669336,8.22152
u0005495:i2802144,8.22152
u0005495:i2820852,8.22152
u0005495:i2872732,8.22152
u0005495:i3079380,8.22152
u0005501:i0107290,5.99177
u0005501:i0119051,5.06628
u0005501:i0159365,6.17891
u0005501:i0268978,5.30566
u0005501:i0369610,6.82932
u0005501:i0478970,6.65504
u0005501:i2322441,7.0292
u0005507:i0478970,7.60697
u0005507:i0489327,7.60697
u0005507:i1661199,7.60697
u0005507:i1972571,7.60697
u0005507:i2096673,7.60697
u0005507:i2179136,7.60697
u0005507:i2234003,7.60697
u0005507:i2322441,7.60697
u0005507:i2395427,7.60697
u0005507:i2427892,7.60697
u0005507:i2555736,7.60697
u0005507:i2582802,7.60697
u0005507:i2664108,7.60697
u0005507:i2802144,7.60697
u0005507:i2899428,7.60697
u0005507:i3169706,7.60697
u0005507:i3254876,7.60697
u0005507:i3715320,7.60697
u0005571:i0092965,7.60697
u0005571:i0274558,7.60697
u0005571:i0338309,7.60697
u0005571:i0783233,7.60697
u0005571:i1100089,7.60697
u0005571:i1182345,7.60697
u0005571:i1442519,7.60697
u0005571:i2911666,7.60697
u0005584:i0455944,7.80477
u0005584:i1126590,7.80477
u0005584:i2084970,7.80477
u0005584:i2381941,7.80477
u0005584:i2935476,7.80477
u0005591:i0120402,0
u0005591:i0129290,6.75563
u0005591:i0206963,0
u0005591:i0242256,3.96299
u0005591:i1065073,6.9512
u0005591:i1091191,6.20894
u0005591:i1198156,5.65577
u0005591:i1533087,0
u0005591:i1637725,6.25372
u0005591:i2039393,6.96453
u0005591:i2179136,6.98237
u0005591:i2181831,0
u0005591:i2245151,4.87594
u0005591:i2557490,7.0372
u0005591:i3120054,4.93362
u0005591:i3337550,5.03505
u0005591:i3426262,0
u0005591:i3495030,6.71688
u0005591:i3742284,6.29191
u0005591:i4271820,5.76476
u0005604:i1307068,7.60697
u0005604:i1392190,7.60697
u0005604:i1980929,7.60697
u0005604:i2084970,7.60697
u0005604:i2179136,7.60697
u0005604:i2848292,7.60697
u0005604:i2967224,7.60697
u0005658:i0293662,7.41959
u0005658:i0366551,7.41959
u0005658:i1109624,7.41959
u0005658:i1129442,7.41959
u0005658:i1620933,7.41959
u0005658:i1843866,7.41959
u0005658:i1877832,7.41959
u0005658:i2334879,7.41959
u0005658:i2356180,7.41959
u0005658:i2562232,7.41959
u0005658:i2976182,7.41959
u0005697:i0074281,0
u0005697:i0110413,5.04986
u0005697:i0242193,5.11898
u0005697:i0245712,5.56387
u0005697:i0268126,6.62213
u0005697:i0313911,3.92807
u0005697:i0315733,5.58013
u0005697:i0338751,6.34617
u0005697:i0369610,6.83675
u0005697:i0386588,6.55987
u0005697:i0420293,4.3558
u0005697:i0449467,5.11434
u0005697:i0458522,3.96299
u0005697:i0460740,3.10102
u0005697:i0470752,6.92844
u0005697:i0787475,6.29747
u0005697:i0903657,6.55237
u0005697:i0929632,4.66532
u0005697:i1045658,6.57676
u0005697:i1091191,6.32392
u0005697:i1131729,6.30825
u0005697:i1139328,6.01003
u0005697:i1205537,7.28917
u0005697:i1247692,4.56617
u0005697:i1398426,6.99735
u0005697:i1524930,6.3641
u0005697:i1606390,0
u0005697:i1719634,0
u0005697:i1798684,6.65066
u0005697:i1999995,4.62519
u0005697:i2101441,5.3072
u0005697:i2120120,6.58605
u0005697:i2179136,6.98989
u0005697:i2334649,6.58169
u0005697:i2358891,6.90144
u0005697:i2395427,6.95031
u0005697:i2404425,6.79766
u0005697:i2473602,6.4851
u0005697:i2637276,6.42173
u0005697:i2872718,7.06162
u0005697:i3569356,0
u0005697:i3850214,6.83974
u0005697:i3910602,5.352
u0005697:i4178092,6.42549
u0005697:i4189442,5.94167
u0005701:i0034583,5.85764
u0005701:i0050083,5.36135
u0005701:i0060522,2.48818
u0005701:i0097889,3.84036
u0005701:i0100157,6.51526
u0005701:i0106856,6.07708
u0005701:i0816692,6.57164
u0005701:i2103254,6.68097
u0005701:i2788710,7.1003
u0005701:i2975578,5.93915
u0005724:i0369610,7.60697
u0005724:i0477080,7.60697
u0005724:i1340138,7.60697
u0005724:i2381941,7.60697
u0005751:i0102926,5.56857
u0005751:i0211915,6.63271
u0005751:i0878804,5.97121
u0005751:i2637276,6.44711
u0005784:i0099763,7.8018
u0005784:i0147612,7.8018
u0005784:i0379725,7.8018
u0005784:i1126590,7.8018
u0005784:i1385826,7.8018
u0005784:i1600196,7.8018
u0005784:i1605717,7.8018
u0005784:i1790885,7.8018
u0005784:i1813519,7.8018
u0005784:i2177771,7.8018
u0005784:i2179136,7.8018
u0005784:i2316411,7.8018
u0005784:i2326554,7.8018
u0005784:i2396566,7.8018
u0005784:i2446042,7.8018
u0005784:i2556936,7.8018
u0005784:i2562232,7.8018
u0005784:i2731348,7.8018
u0005784:i2872718,7.8018
u0005784:i3090634,7.8018
u0005801:i1951265,6.37331
u0005801:i2267998,6.37331
u0005801:i2381941,6.37331
u0005808:i1528100,7.0517
u0005808:i2180411,6.85956
u0005808:i2935476,6.86857
u0005808:i2980516,6.99646
u0005808:i3316960,6.90841
u0005829:i0070047,7.4309
u0005829:i0816692,7.4309
u0005829:i1334553,7.4309
u0005829:i2180411,7.4309
u0005829:i2802144,7.4309
u0005829:i2866360,7.4309
u0005850:i0033563,7.16279
u0005850:i0079501,7.16279
u0005850:i0091790,7.16279
u0005850:i0097523,7.16279
u0005850:i0118688,7.16279
u0005850:i0120587,7.16279
u0005850:i0120647,7.16279
u0005850:i0130623,7.16279
u0005850:i0307987,7.16279
u0005850:i0319061,7.16279
u0005850:i0472033,7.16279
u0005850:i1216475,7.16279
u0005850:i1219342,7.16279
u0005850:i1229340,7.16279
u0005850:i1243974,7.16279
u0005850:i1302011,7.16279
u0005850:i1340138,7.16279
u0005850:i1392190,7.16279
u0005850:i1502712,7.16279
u0005850:i1524930,7.16279
u0005850:i1674771,7.16279
u0005850:i1706620,7.16279
u0005850:i1823672,7.16279
u0005850:i2126355,7.16279
u0005850:i2281587,7.16279
u0005850:i2309260,7.16279
u0005850:i2381249,7.16279
u0005850:i2387559,7.16279
u0005850:i2395385,7.16279
u0005850:i2395427,7.16279
u0005850:i2582496,7.16279
u0005850:i2637276,7.16279
u0005850:i2908446,7.16279
u0005850:i3152624,7.16279
u0005850:i4178092,7.16279
u0005861:i0453467,7.36756
u0005861:i0472399,7.36756
u0005861:i1314655,7.36756
u0005861:i1320291,7.36756
u0005861:i1458175,7.36756
u0005861:i1951265,7.36756
u0005861:i2180994,7.36756
u0005861:i2268458,7.36756
u0005861:i2325977,7.36756
u0005861:i2345737,7.36756
u0005861:i2517658,7.36756
u0005861:i2908446,7.36756
u0005861:i3496372,7.36756
u0005875:i0079367,8.33679
u0005875:i0085407,8.33679
u0005875:i0085894,8.33679
u0005875:i0085995,8.33679
u0005875:i0086541,8.33679
u0005875:i0087928,8.33679
u0005875:i0089155,8.33679
u0005875:i0089670,8.33679
u0005875:i0089822,8.33679
u0005875:i0091064,8.33679
u0005875:i0091777,8.33679
u0005875:i0091790,8.33679
u0005875:i0093756,8.33679
u0005875:i0093886,8.33679
u0005875:i0094898,8.33679
u0005875:i0095031,8.33679
u0005875:i0095705,8.33679
u0005875:i0095882,8.33679
u0005875:i0096273,8.33679
u0005875:i0097366,8.33679
u0005875:i0100212,8.33679
u0005875:i0100405,8.33679
u0005875:i0102059,8.33679
u0005875:i0102250,8.33679
u0005875:i0104361,8.33679
u0005875:i0106364,8.33679
u0005875:i0107144,8.33679
u0005875:i0108598,8.33679
u0005875:i0109770,8.33679
u0005875:i0112691,8.33679
u0005875:i0112896,8.33679
u0005875:i0112950,8.33679
u0005875:i0117723,8.33679
u0005875:i0118301,8.33679
u0005875:i0119738,8.33679
u0005875:i0120901,8.33679
u0005875:i0157472,8.33679
u0005875:i0248808,8.33679
u0005875:i0283026,8.33679
u0005875:i0317219,8.33679
u0005875:i0332452,8.33679
u0005875:i0356910,8.33679
u0005875:i0357413,8.33679
u0005875:i0364725,8.33679
u0005875:i0409459,8.33679
u0005875:i0416449,8.33679
u0005875:i0481499,8.33679
u0005875:i0758746,8.33679
u0005875:i0770828,8.33679
u0005875:i0816711,8.33679
u0005875:i0864835,8.33679
u0005875:i0884726,8.33679
u0005875:i1118511,8.33679
u0005875:i1205537,8.33679
u0005875:i1234721,8.33679
u0005875:i1300854,8.33679
u0005875:i1402488,8.33679
u0005875:i1418377,8.33679
u0005875:i1587310,8.33679
u0005875:i1663662,8.33679
u0005875:i1666187,8.33679
u0005875:i1690953,8.33679
u0005875:i1821658,8.33679
u0005875:i1821680,8.33679
u0005875:i1843866,8.33679
u0005875:i1877832,8.33679
u0005875:i1911658,8.33679
u0005875:i1929263,8.33679
u0005875:i1939659,8.33679
u0005875:i1981115,8.33679
u0005875:i2103281,8.33679
u0005875:i2109248,8.33679
u0005875:i2226417,8.33679
u0005875:i2230358,8.33679
u0005875:i2294449,8.33679
u0005875:i2294629,8.33679
u0005875:i2387433,8.33679
u0005875:i2388715,8.33679
u0005875:i2395427,8.33679
u0005875:i2692250,8.33679
u0005875:i2784512,8.33679
u0005875:i3044702,8.33679
u0005875:i3090252,8.33679
u0005875:i3171764,8.33679
u0005875:i3438640,8.33679
u0005875:i3674910,8.33679
u0005875:i3689498,8.33679
u0005901:i0043924,6.70975
u0005901:i0050585,6.70975
u0005901:i0059043,6.70975
u0005901:i0069293,6.70975
u0005901:i0070903,6.70975
u0005901:i0080009,6.70975
u0005901:i0087884,6.70975
u0005901:i0089755,6.70975
u0005901:i0092603,6.70975
u0005901:i0107822,6.70975
u0005901:i0119038,6.70975
u0005901:i0162346,6.70975
u0005901:i0245574,6.70975
u0005901:i0283509,6.70975
u0005901:i0369610,6.70975
u0005901:i0464141,6.70975
u0005901:i1020072,6.70975
u0005901:i1100089,6.70975
u0005901:i1311071,6.70975
u0005901:i1315981,6.70975
u0005901:i1392190,6.70975
u0005901:i1424797,6.70975
u0005901:i1433811,6.70975
u0005901:i1490017,6.70975
u0005901:i1605717,6.70975
u0005901:i1650048,6.70975
u0005901:i1661199,6.70975
u0005901:i1823664,6.70975
u0005901:i1840309,6.70975
u0005901:i1951265,6.70975
u0005901:i1954701,6.70975
u0005901:i2058107,6.70975
u0005901:i2071441,6.70975
u0005901:i2084970,6.70975
u0005901:i2096673,6.70975
u0005901:i2103267,6.70975
u0005901:i2179136,6.70975
u0005901:i2181931,6.70975
u0005901:i2229499,6.70975
u0005901:i2261434,6.70975
u0005901:i2305051,6.70975
u0005901:i2316411,6.70975
u0005901:i2321549,6.70975
u0005901:i2322441,6.70975
u0005901:i2343793,6.70975
u0005901:i2388637,6.70975
u0005901:i2390361,6.70975
u0005901:i2395427,6.70975
u0005901:i2479800,6.70975
u0005901:i2562232,6.70975
u0005901:i2582802,6.70975
u0005901:i2737050,6.70975
u0005901:i2820852,6.70975
u0005901:i2872718,6.70975
u0005901:i2872732,6.70975
u0005901:i2980516,6.70975
u0005901:i3316960,6.70975
u0005901:i3612616,6.70975
u0005901:i3630276,6.70975
u0005902:i0247586,5.9741
u0005902:i0425600,0
u0005902:i2872718,7.07324
u0005907:i0048021,7.9433
u0005907:i0048728,7.9433
u0005907:i0050083,7.9433
u0005907:i0053176,7.9433
u0005907:i0055153,7.9433
u0005907:i0064116,7.9433
u0005907:i0071970,7.9433
u0005907:i0082222,7.9433
u0005907:i0084549,7.9433
u0005907:i0091605,7.9433
u0005907:i0102015,7.9433
u0005907:i0116367,7.9433
u0005907:i0470752,7.9433
u0005907:i1020072,7.9433
u0005907:i1235830,7.9433
u0005907:i1392190,7.9433
u0005907:i1702014,7.9433
u0005907:i1935156,7.9433
u0005907:i2234003,7.9433
u0005907:i2321549,7.9433
u0005907:i2358891,7.9433
u0005907:i2387513,7.9433
u0005907:i2576852,7.9433
u0005907:i2582802,7.9433
u0005907:i2737050,7.9433
u0005907:i2870648,7.9433
u0005907:i3155242,7.9433
u0005907:i3235888,7.9433
u0005907:i3284178,7.9433
u0005907:i3409392,7.9433
u0005907:i3455740,7.9433
u0005907:i3655522,7.9433
u0005907:i4062536,7.9433
u0005921:i0364569,5.37072
u0005921:i0455944,6.82397
u0005921:i0829150,7.13036
u0005921:i1065073,6.97146
u0005921:i1556243,0
u0005921:i2084970,6.86667
u0005921:i2179136,6.99741
u0005921:i2446042,7.02843
u0005921:i2562232,6.99538
u0005921:i2582802,6.9941
u0005921:i2872732,6.73579
u0005921:i2980516,7.00579
u0005955:i2788716,7.11067
u0005955:i2866824,7.11067
u0005955:i2910274,7.11067
u0005984:i0054215,5.43976
u0005984:i0111161,5.01785
u0005984:i0385002,6.77681
u0005984:i1588173,6.8097
u0005984:i2414766,5.34596
u0006027:i0099582,6.97
u0006027:i0109045,6.97
u0006027:i0401997,6.97
u0006027:i0458481,6.97
u0006027:i0795368,6.97
u0006027:i1029360,6.97
u0006027:i1340138,6.97
u0006027:i1437358,6.97
u0006027:i1528071,6.97
u0006027:i1570989,6.97
u0006027:i1626146,6.97
u0006027:i1726592,6.97
u0006027:i1763264,6.97
u0006027:i1772264,6.97
u0006027:i1841642,6.97
u0006027:i1945044,6.97
u0006027:i1988621,6.97
u0006027:i2084970,6.97
u0006027:i2126355,6.97
u0006027:i2179116,6.97
u0006027:i2180994,6.97
u0006027:i2230358,6.97
u0006027:i2267998,6.97
u0006027:i2309260,6.97
u0006027:i2309961,6.97
u0006027:i2321549,6.97
u0006027:i2339741,6.97
u0006027:i2345112,6.97
u0006027:i2395427,6.97
u0006027:i2397535,6.97
u0006027:i2409818,6.97
u0006027:i2436386,6.97
u0006027:i2561546,6.97
u0006027:i2713180,6.97
u0006027:i2752772,6.97
u0006027:i2799166,6.97
u0006027:i2802144,6.97
u0006027:i2820852,6.97
u0006027:i2866360,6.97
u0006027:i2872732,6.97
u0006027:i2881698,6.97
u0006027:i2910814,6.97
u0006027:i2960930,6.97
u0006027:i3079380,6.97
u0006027:i3152624,6.97
u0006027:i3195644,6.97
u0006027:i3235888,6.97
u0006027:i3280916,6.97
u0006027:i3321300,6.97
u0006027:i3547900,6.97
u0006027:i3844362,6.97
u0006027:i4044364,6.97
u0006027:i4441422,6.97
u0006039:i0054152,7.36489
u0006039:i0062467,7.36489
u0006039:i0258463,7.36489
u0006039:i0372183,7.36489
u0006039:i0440963,7.36489
u0006039:i0864761,7.36489
u0006039:i1194173,7.36489
u0006041:i0477080,6.61762
u0006041:i1392190,6.68939
u0006041:i2096673,6.89656
u0006043:i0092099,7.54863
u0006043:i0096969,7.54863
u0006043:i0369610,7.54863
u0006043:i1392190,7.54863
u0006043:i2326554,7.54863
u0006043:i2395427,7.54863
u0006043:i2397535,7.54863
u0006043:i2431286,7.54863
u0006043:i2582802,7.54863
u0006043:i2720680,7.54863
u0006043:i2802144,7.54863
u0006043:i2872718,7.54863
u0006043:i3007512,7.54863
u0006052:i0478970,7.60697
u0006052:i1065073,7.60697
u0006052:i2084970,7.60697
u0006052:i2199571,7.60697
u0006052:i2278388,7.60697
u0006052:i2395427,7.60697
u0006052:i2562232,7.60697
u0006058:i0107290,6.08395
u0006058:i1488181,0
u0006058:i2381941,6.92141
u0006058:i2848292,6.76157
u0006058:i2883512,6.90029
u0006062:i1100089,7.70696
u0006062:i1638002,7.70696
u0006062:i1865505,7.70696
u0006062:i2084970,7.70696
u0006062:i2582802,7.70696
u0006062:i3316960,7.70696
u0006083:i1392190,6.69504
u0006083:i1823672,6.92283
u0006083:i2179136,7.00494
u0006083:i2381941,6.934
u0006083:i2395427,6.95784
u0006083:i2802144,6.84135
u0006083:i3203616,6.5827
u0006083:i3316960,6.92973
u0006093:i0831387,6.74904
u0006093:i0864835,6.74904
u0006093:i1587310,6.74904
u0006093:i1843866,6.74904
u0006093:i1872181,6.74904
u0006093:i1956620,6.74904
u0006093:i1959490,6.74904
u0006093:i2004420,6.74904
u0006093:i2015381,6.74904
u0006093:i2179136,6.74904
u0006093:i2357291,6.74904
u0006093:i2446600,6.74904
u0006093:i2557490,6.74904
u0006161:i0088128,5.38274
u0006161:i0088763,4.82099
u0006161:i0090685,0
u0006161:i0096874,3.75897
u0006161:i0099088,5.19108
u0006161:i0165710,3.68485
u0006161:i0432402,4.94167
u0006161:i1092026,6.00574
u0006161:i1524930,6.45128
u0006161:i2120120,6.64433
u0006161:i2279373,6.86423
u0006171:i0185371,7.27876
u0006171:i0289879,7.27876
u0006171:i1823672,7.27876
u0006171:i2126355,7.27876
u0006171:i2561572,7.27876
u0006171:i2911666,7.27876
u0006176:i0194768,8.02333
u0006176:i0365907,8.02333
u0006176:i1206543,8.02333
u0006176:i1441395,8.02333
u0006176:i1800241,8.02333
u0006176:i2267998,8.02333
u0006176:i2872732,8.02333
u0006176:i3630276,8.02333
u0006182:i1065073,7.41959
u0006182:i2479800,7.41959
u0006182:i2582802,7.41959
u0006201:i1527788,7.55248
u0006201:i2326554,7.55248
u0006201:i2366608,7.55248
u0006201:i3011894,7.55248
u0006214:i0134983,7.25747
u0006214:i0829150,7.25747
u0006214:i1114740,7.25747
u0006214:i1392214,7.25747
u0006214:i1430615,7.25747
u0006214:i1528100,7.25747
u0006214:i1617661,7.25747
u0006214:i1637688,7.25747
u0006214:i1742334,7.25747
u0006214:i1823672,7.25747
u0006214:i1951265,7.25747
u0006214:i2096672,7.25747
u0006214:i2209764,7.25747
u0006214:i2322441,7.25747
u0006214:i2355495,7.25747
u0006214:i2358925,7.25747
u0006214:i2397535,7.25747
u0006214:i2474972,7.25747
u0006214:i2561572,7.25747
u0006214:i2669336,7.25747
u0006214:i2788710,7.25747
u0006214:i2960930,7.25747
u0006214:i2980516,7.25747
u0006214:i3181822,7.25747
u0006214:i3203616,7.25747
u0006214:i3233418,7.25747
u0006220:i0478970,8.10228
u0006220:i1029360,8.10228
u0006220:i1340138,8.10228
u0006220:i1392190,8.10228
u0006220:i1502712,8.10228
u0006220:i1631867,8.10228
u0006220:i1661199,8.10228
u0006220:i1663662,8.10228
u0006220:i1754656,8.10228
u0006220:i1823672,8.10228
u0006220:i1981677,8.10228
u0006220:i2126355,8.10228
u0006220:i2293640,8.10228
u0006220:i2333784,8.10228
u0006220:i2369135,8.10228
u0006220:i2381249,8.10228
u0006220:i2395427,8.10228
u0006220:i2802144,8.10228
u0006220:i2820852,8.10228
u0006220:i2848292,8.10228
u0006220:i2910814,8.10228
u0006220:i3622592,8.10228
u0006220:i3742378,8.10228
u0006220:i4007502,8.10228
u0006263:i0369610,6.89727
u0006263:i1964418,6.89727
u0006263:i2245084,6.89727
u0006263:i3045616,6.89727
u0006264:i0369610,7.16683
u0006264:i0478970,7.16683
u0006264:i2966760,7.16683
u0006276:i0070047,7.67
u0006276:i0305224,7.67
u0006276:i0338013,7.67
u0006276:i0376541,7.67
u0006276:i0486822,7.67
u0006276:i0758752,7.67
u0006276:i0758766,7.67
u0006276:i0762105,7.67
u0006276:i0879870,7.67
u0006276:i0881891,7.67
u0006276:i1041829,7.67
u0006276:i1086772,7.67
u0006276:i1135500,7.67
u0006276:i1142988,7.67
u0006276:i1185416,7.67
u0006276:i1334102,7.67
u0006276:i1345836,7.67
u0006276:i1355630,7.67
u0006276:i1430615,7.67
u0006276:i1435513,7.67
u0006276:i1504320,7.67
u0006276:i1507563,7.67
u0006276:i1596346,7.67
u0006276:i1605783,7.67
u0006276:i1723121,7.67
u0006276:i1723811,7.67
u0006276:i1927172,7.67
u0006276:i2053463,7.67
u0006276:i2096673,7.67
u0006276:i2105044,7.67
u0006276:i2140373,7.67
u0006276:i2140619,7.67
u0006276:i2318092,7.67
u0006276:i2414822,7.67
u0006276:i2431286,7.67
u0006276:i2562232,7.67
u0006276:i2582846,7.67
u0006276:i2870756,7.67
u0006276:i2980516,7.67
u0006301:i0086879,5.13956
u0006301:i1392190,6.7007
u0006301:i1674771,6.77003
u0006320:i1392190,7.75889
u0006320:i1674771,7.75889
u0006320:i2562232,7.75889
u0006320:i2713180,7.75889
u0006346:i0073195,7.72192
u0006346:i0075860,7.72192
u0006346:i0076578,7.72192
u0006346:i0185125,7.72192
u0006346:i0443465,7.72192
u0006346:i1078188,7.72192
u0006346:i1100089,7.72192
u0006346:i1109624,7.72192
u0006346:i1126590,7.72192
u0006346:i1567437,7.72192
u0006346:i1598642,7.72192
u0006346:i1642665,7.72192
u0006346:i1655441,7.72192
u0006346:i1661199,7.72192
u0006346:i1706598,7.72192
u0006346:i1921149,7.72192
u0006346:i2034031,7.72192
u0006346:i2084970,7.72192
u0006346:i2113659,7.72192
u0006346:i2170593,7.72192
u0006346:i2180411,7.72192
u0006346:i2305051,7.72192
u0006346:i2402101,7.72192
u0006346:i2473794,7.72192
u0006346:i2481512,7.72192
u0006346:i2548738,7.72192
u0006346:i2593392,7.72192
u0006346:i2624412,7.72192
u0006346:i2725962,7.72192
u0006346:i2758880,7.72192
u0006346:i2788716,7.72192
u0006346:i2872718,7.72192
u0006346:i2872724,7.72192
u0006346:i2933544,7.72192
u0006346:i2944198,7.72192
u0006346:i2980516,7.72192
u0006346:i2980592,7.72192
u0006346:i3074780,7.72192
u0006346:i3086442,7.72192
u0006346:i3139538,7.72192
u0006346:i3164198,7.72192
u0006346:i3219678,7.72192
u0006346:i3235888,7.72192
u0006346:i3294200,7.72192
u0006346:i3455822,7.72192
u0006346:i3520418,7.72192
u0006346:i4008652,7.72192
u0006348:i0113189,6.82807
u0006348:i0443706,6.82807
u0006348:i0455944,6.82807
u0006348:i2096673,6.82807
u0006348:i2209764,6.82807
u0006348:i2224026,6.82807
u0006348:i2726560,6.82807
u0006348:i2920808,6.82807
u0006348:i2935476,6.82807
u0006354:i1340138,7.34963
u0006354:i1398426,7.34963
u0006354:i1600196,7.34963
u0006354:i1798684,7.34963
u0006354:i2024432,7.34963
u0006354:i2199571,7.34963
u0006354:i2395427,7.34963
u0006354:i2802144,7.34963
u0006363:i0816692,6.58117
u0006363:i1392190,6.70637
u0006363:i1457767,5.61297
u0006363:i2004420,6.98355
u0006363:i2245084,7.09201
u0006363:i2381249,6.81831
u0006363:i2582802,7.00182
u0006363:i2637276,6.4726
u0006363:i2872718,7.08487
u0006363:i2908446,6.58689
u0006363:i3079380,6.67526
u0006389:i0095953,7.50908
u0006389:i0096283,7.50908
u0006389:i0165832,7.50908
u0006389:i0259324,7.50908
u0006389:i0322259,7.50908
u0006389:i0347149,7.50908
u0006389:i0410369,7.50908
u0006389:i0443489,7.50908
u0006389:i0461770,7.50908
u0006389:i0486655,7.50908
u0006389:i0494238,7.50908
u0006389:i0756683,7.50908
u0006389:i0997152,7.50908
u0006389:i1013752,7.50908
u0006389:i1258197,7.50908
u0006389:i1340138,7.50908
u0006389:i1392190,7.50908
u0006389:i1436562,7.50908
u0006389:i1646971,7.50908
u0006389:i1670345,7.50908
u0006389:i1690953,7.50908
u0006389:i1843866,7.50908
u0006389:i1872181,7.50908
u0006389:i1877832,7.50908
u0006389:i2084970,7.50908
u0006389:i2106361,7.50908
u0006389:i2245084,7.50908
u0006389:i2395427,7.50908
u0006389:i2397535,7.50908
u0006389:i2562232,7.50908
u0006389:i2872732,7.50908
u0006389:i2884206,7.50908
u0006389:i3079380,7.50908
u0006389:i4007502,7.50908
u0006395:i0369610,6.84419
u0006395:i0478970,6.6661
u0006395:i1340138,6.83292
u0006395:i1392190,6.71204
u0006395:i2381249,6.83051
u0006440:i0478970,6.78778
u0006440:i1340138,6.78778
u0006440:i1638355,6.78778
u0006440:i2096672,6.78778
u0006440:i2268016,6.78778
u0006440:i2293640,6.78778
u0006440:i2322441,6.78778
u0006440:i2381249,6.78778
u0006440:i2381941,6.78778
u0006440:i2395427,6.78778
u0006440:i2802144,6.78778
u0006440:i2802154,6.78778
u0006440:i2820852,6.78778
u0006440:i3079380,6.78778
u0006440:i3136646,6.78778
u0006440:i3181822,6.78778
u0006440:i3713166,6.78778
u0006440:i3787590,6.78778
u0006440:i4625752,6.78778
u0006455:i0070735,7.67
u0006455:i0113277,7.67
u0006455:i0180073,7.67
u0006455:i0278504,7.67
u0006455:i0356618,7.67
u0006455:i0358273,7.67
u0006455:i0421715,7.67
u0006455:i0478970,7.67
u0006455:i0970179,7.67
u0006455:i1024648,7.67
u0006455:i1126590,7.67
u0006455:i1130884,7.67
u0006455:i1189340,7.67
u0006455:i1276419,7.67
u0006455:i1392190,7.67
u0006455:i1707386,7.67
u0006455:i1798684,7.67
u0006455:i1921149,7.67
u0006455:i1951181,7.67
u0006455:i2053463,7.67
u0006455:i2084970,7.67
u0006455:i2338151,7.67
u0006455:i2639254,7.67
u0006455:i2785032,7.67
u0006455:i2872718,7.67
u0006455:i2884206,7.67
u0006455:i3045616,7.67
u0006455:i3089778,7.67
u0006455:i3168230,7.67
u0006455:i3305316,7.67
u0006455:i3541262,7.67
u0006455:i3660770,7.67
u0006473:i0816692,7.8605
u0006473:i1109624,7.8605
u0006473:i1392190,7.8605
u0006473:i2395427,7.8605
u0006480:i0816692,6.5907
u0006480:i2179136,7.01248
u0006480:i2713180,7.0058
u0006507:i1255953,7.04181
u0006507:i1979320,7.04181
u0006507:i2096673,7.04181
u0006507:i3011894,7.04181
u0006512:i1399683,7.17533
u0006512:i1412386,7.17533
u0006512:i2191701,7.17533
u0006512:i2967224,7.17533
u0006518:i1065073,6.97
u0006518:i1646971,6.97
u0006518:i1872194,6.97
u0006518:i2179136,6.97
u0006518:i2180411,6.97
u0006518:i2278388,6.97
u0006518:i2310332,6.97
u0006518:i2980516,6.97
u0006535:i0133093,6.65597
u0006535:i0377752,6.65597
u0006535:i0427944,6.65597
u0006535:i0816692,6.65597
u0006535:i0884732,6.65597
u0006535:i1454468,6.65597
u0006535:i1911644,6.65597
u0006535:i2084970,6.65597
u0006535:i2179136,6.65597
u0006535:i2261331,6.65597
u0006535:i2267998,6.65597
u0006535:i2294449,6.65597
u0006535:i2381941,6.65597
u0006535:i2713180,6.65597
u0006535:i2820852,6.65597
u0006535:i2872732,6.65597
u0006535:i2980516,6.65597
u0006540:i0470752,7.92598
u0006540:i1109624,7.92598
u0006540:i1235522,7.92598
u0006540:i1764234,7.92598
u0006540:i1780798,7.92598
u0006540:i1976000,7.92598
u0006540:i2084970,7.92598
u0006540:i2245084,7.92598
u0006540:i2382298,7.92598
u0006540:i2614684,7.92598
u0006540:i2802144,7.92598
u0006540:i3235888,7.92598
u0006540:i3504048,7.92598
u0006558:i0470752,7.07423
u0006558:i0829150,7.07423
u0006558:i1823672,7.07423
u0006558:i2096673,7.07423
u0006558:i2395427,7.07423
u0006558:i2436386,7.07423
u0006558:i3422094,7.07423
u0006558:i3538766,7.07423
u0006558:i3547740,7.07423
u0006567:i0026029,7.04624
u0006567:i0050105,7.04624
u0006567:i0787474,7.04624
u0006567:i1887776,7.04624
u0006585:i0017075,6.94109
u0006585:i0018328,6.94109
u0006585:i0029583,6.94109
u0006585:i0029811,6.94109
u0006585:i0032910,6.94109
u0006585:i0070047,6.94109
u0006585:i0076759,6.94109
u0006585:i0080684,6.94109
u0006585:i0086190,6.94109
u0006585:i0089218,6.94109
u0006585:i0093779,6.94109
u0006585:i0096463,6.94109
u0006585:i0098258,6.94109
u0006585:i0101414,6.94109
u0006585:i0103776,6.94109
u0006585:i0109555,6.94109
u0006585:i0116882,6.94109
u0006585:i0119217,6.94109
u0006585:i0120032,6.94109
u0006585:i0120915,6.94109
u0006585:i0121765,6.94109
u0006585:i0121766,6.94109
u0006585:i0258463,6.94109
u0006585:i0290334,6.94109
u0006585:i0327850,6.94109
u0006585:i0335438,6.94109
u0006585:i0369610,6.94109
u0006585:i0376994,6.94109
u0006585:i0412019,6.94109
u0006585:i0424136,6.94109
u0006585:i0427229,6.94109
u0006585:i0481499,6.94109
u0006585:i0816692,6.94109
u0006585:i0816711,6.94109
u0006585:i0993846,6.94109
u0006585:i1020072,6.94109
u0006585:i1041829,6.94109
u0006585:i1065073,6.94109
u0006585:i1137470,6.94109
u0006585:i1320253,6.94109
u0006585:i1343727,6.94109
u0006585:i1371111,6.94109
u0006585:i1392190,6.94109
u0006585:i1532503,6.94109
u0006585:i1726669,6.94109
u0006585:i1790864,6.94109
u0006585:i1821549,6.94109
u0006585:i1935896,6.94109
u0006585:i1951261,6.94109
u0006585:i1951265,6.94109
u0006585:i2024432,6.94109
u0006585:i2042568,6.94109
u0006585:i2053463,6.94109
u0006585:i2096673,6.94109
u0006585:i2109248,6.94109
u0006585:i2179136,6.94109
u0006585:i2203939,6.94109
u0006585:i2267998,6.94109
u0006585:i2268016,6.94109
u0006585:i2278388,6.94109
u0006585:i2305051,6.94109
u0006585:i2321549,6.94109
u0006585:i2381249,6.94109
u0006585:i2395427,6.94109
u0006585:i2474024,6.94109
u0006585:i2562232,6.94109
u0006585:i2582802,6.94109
u0006585:i2582846,6.94109
u0006585:i2802144,6.94109
u0006585:i2820852,6.94109
u0006585:i2911666,6.94109
u0006585:i2926810,6.94109
u0006585:i2980516,6.94109
u0006585:i3079380,6.94109
u0006585:i3152624,6.94109
u0006585:i3173910,6.94109
u0006585:i3235888,6.94109
u0006585:i3316960,6.94109
u0006585:i3322940,6.94109
u0006585:i4044364,6.94109
u0006606:i1100089,7.54896
u0006606:i1216491,7.54896
u0006606:i1528100,7.54896
u0006606:i2097298,7.54896
u0006606:i2126355,7.54896
u0006606:i2235108,7.54896
u0006606:i2562232,7.54896
u0006606:i2802144,7.54896
u0006606:i2872718,7.54896
u0006606:i2980516,7.54896
u0006606:i3203616,7.54896
u0006609:i1809398,7.21012
u0006609:i2084970,7.21012
u0006609:i2096673,7.21012
u0006609:i2179136,7.21012
u0006627:i0361862,8.06982
u0006627:i0816692,8.06982
u0006627:i1100089,8.06982
u0006627:i1216491,8.06982
u0006627:i1392190,8.06982
u0006627:i1528100,8.06982
u0006627:i1809398,8.06982
u0006627:i1823672,8.06982
u0006627:i1951265,8.06982
u0006627:i2084970,8.06982
u0006627:i2179136,8.06982
u0006627:i2245084,8.06982
u0006627:i2278388,8.06982
u0006627:i2305051,8.06982
u0006627:i2381941,8.06982
u0006627:i2561572,8.06982
u0006627:i2562232,8.06982
u0006627:i2582802,8.06982
u0006627:i2692904,8.06982
u0006627:i2717860,8.06982
u0006627:i2802144,8.06982
u0006627:i2820852,8.06982
u0006627:i2980516,8.06982
u0006627:i3416742,8.06982
u0006627:i3622120,8.06982
u0006638:i0455944,7.49242
u0006638:i1322269,7.49242
u0006638:i1571222,7.49242
u0006638:i1583420,7.49242
u0006638:i1631867,7.49242
u0006638:i1716777,7.49242
u0006638:i1840309,7.49242
u0006638:i1872181,7.49242
u0006638:i1951265,7.49242
u0006638:i2015381,7.49242
u0006638:i2172934,7.49242
u0006638:i2381249,7.49242
u0006638:i2404463,7.49242
u0006638:i2713180,7.49242
u0006638:i2717822,7.49242
u0006641:i1506999,7.92333
u0006641:i2582802,7.92333
u0006641:i2980516,7.92333
u0006641:i3090634,7.92333
u0006641:i3416742,7.92333
u0006700:i0369610,7.92357
u0006700:i2096673,7.92357
u0006700:i2267998,7.92357
u0006700:i2802144,7.92357
u0006719:i0349903,7.60697
u0006719:i0362225,7.60697
u0006719:i0405094,7.60697
u0006719:i1065073,7.60697
u0006719:i1100089,7.60697
u0006719:i1392190,7.60697
u0006719:i2179136,7.60697
u0006719:i2310332,7.60697
u0006719:i2562232,7.60697
u0006719:i2582802,7.60697
u0006768:i1392190,7.58
u0006768:i1502712,7.58
u0006768:i1638002,7.58
u0006768:i1655441,7.58
u0006768:i1981677,7.58
u0006768:i2126355,7.58
u0006768:i2381249,7.58
u0006768:i2381941,7.58
u0006768:i2679042,7.58
u0006768:i2820852,7.58
u0006768:i2848292,7.58
u0006768:i2908446,7.58
u0006768:i3079380,7.58
u0006768:i3195644,7.58
u0006768:i4222718,7.58
u0006786:i0455944,6.85512
u0006786:i1020072,7.23213
u0006786:i1327194,5.02465
u0006786:i2179136,7.02003
u0006786:i2267998,6.72518
u0006786:i2562232,7.00278
u0006786:i2713180,7.02322
u0006786:i2872732,6.76833
u0006786:i3316960,6.95112
u0006809:i0119472,7.24929
u0006809:i0369610,7.24929
u0006809:i0443680,7.24929
u0006809:i0825232,7.24929
u0006809:i1340138,7.24929
u0006809:i1392190,7.24929
u0006809:i1823672,7.24929
u0006809:i2096673,7.24929
u0006809:i2140379,7.24929
u0006809:i2381941,7.24929
u0006809:i2395427,7.24929
u0006809:i2802144,7.24929
u0006809:i2820852,7.24929
u0006821:i0034583,6.42625
u0006821:i0055031,6.42625
u0006821:i0363163,6.42625
u0006821:i0816692,6.42625
u0006821:i1305806,6.42625
u0006821:i1528100,6.42625
u0006849:i0093191,7.60697
u0006849:i0177858,7.60697
u0006849:i0460989,7.60697
u0006849:i0989000,7.60697
u0006849:i2820852,7.60697
u0006860:i2084970,6.87379
u0006860:i2172985,6.79223
u0006860:i2515034,6.58202
u0006860:i2717822,6.8574
u0006860:i2908446,6.60519
u0006864:i0063285,6.83384
u0006864:i0063350,6.83384
u0006864:i0064665,6.83384
u0006864:i0065398,6.83384
u0006864:i0067454,6.83384
u0006864:i0067489,6.83384
u0006864:i0068833,6.83384
u0006864:i0069089,6.83384
u0006864:i0069464,6.83384
u0006864:i0069995,6.83384
u0006864:i0070917,6.83384
u0006864:i0071650,6.83384
u0006864:i0072960,6.83384
u0006864:i0072979,6.83384
u0006864:i0073836,6.83384
u0006864:i0074670,6.83384
u0006864:i0075376,6.83384
u0006864:i0075936,6.83384
u0006864:i0076023,6.83384
u0006864:i0076112,6.83384
u0006864:i0076295,6.83384
u0006864:i0076759,6.83384
u0006864:i0077188,6.83384
u0006864:i0077247,6.83384
u0006864:i0077402,6.83384
u0006864:i0077651,6.83384
u0006864:i0077681,6.83384
u0006864:i0078398,6.83384
u0006864:i0078405,6.83384
u0006864:i0079501,6.83384
u0006864:i0080339,6.83384
u0006864:i0080464,6.83384
u0006864:i0080684,6.83384
u0006864:i0080853,6.83384
u0006864:i0081114,6.83384
u0006864:i0081184,6.83384
u0006864:i0081186,6.83384
u0006864:i0081617,6.83384
u0006864:i0082010,6.83384
u0006864:i0082346,6.83384
u0006864:i0082427,6.83384
u0006864:i0082495,6.83384
u0006864:i0082498,6.83384
u0006864:i0082511,6.83384
u0006864:i0082694,6.83384
u0006864:i0082806,6.83384
u0006864:i0083530,6.83384
u0006864:i0083976,6.83384
u0006864:i0084522,6.83384
u0006864:i0084695,6.83384
u0006864:i0084719,6.83384
u0006864:i0086129,6.83384
u0006864:i0086143,6.83384
u0006864:i0086190,6.83384
u0006864:i0086262,6.83384
u0006864:i0086320,6.83384
u0006864:i0086465,6.83384
u0006864:i0087425,6.83384
u0006864:i0087795,6.83384
u0006864:i0087799,6.83384
u0006864:i0087800,6.83384
u0006864:i0087981,6.83384
u0006864:i0088000,6.83384
u0006864:i0088116,6.83384
u0006864:i0088286,6.83384
u0006864:i0088827,6.83384
u0006864:i0089155,6.83384
u0006864:i0089167,6.83384
u0006864:i0089200,6.83384
u0006864:i0089274,6.83384
u0006864:i0089530,6.83384
u0006864:i0089686,6.83384
u0006864:i0089826,6.83384
u0006864:i0090098,6.83384
u0006864:i0090655,6.83384
u0006864:i0091462,6.83384
u0006864:i0091560,6.83384
u0006864:i0091969,6.83384
u0006864:i0091990,6.83384
u0006864:i0092074,6.83384
u0006864:i0092086,6.83384
u0006864:i0092610,6.83384
u0006864:i0092842,6.83384
u0006864:i0093091,6.83384
u0006864:i0093437,6.83384
u0006864:i0093560,6.83384
u0006864:i0093629,6.83384
u0006864:i0093857,6.83384
u0006864:i0093990,6.83384
u0006864:i0094124,6.83384
u0006864:i0095271,6.83384
u0006864:i0095312,6.83384
u0006864:i0095742,6.83384
u0006864:i0096118,6.83384
u0006864:i0096119,6.83384
u0006864:i0096380,6.83384
u0006864:i0097366,6.83384
u0006864:i0097474,6.83384
u0006864:i0097858,6.83384
u0006864:i0097981,6.83384
u0006864:i0098627,6.83384
u0006864:i0100449,6.83384
u0006864:i0100663,6.83384
u0006864:i0100814,6.83384
u0006864:i0101917,6.83384
u0006864:i0103873,6.83384
u0006864:i0105435,6.83384
u0006864:i0105466,6.83384
u0006864:i0107290,6.83384
u0006864:i0107302,6.83384
u0006864:i0108399,6.83384
u0006864:i0108539,6.83384
u0006864:i0109838,6.83384
u0006864:i0112950,6.83384
u0006864:i0113253,6.83384
u0006864:i0114369,6.83384
u0006864:i0115744,6.83384
u0006864:i0116629,6.83384
u0006864:i0118064,6.83384
u0006864:i0119567,6.83384
u0006864:i0120915,6.83384
u0006864:i0121765,6.83384
u0006864:i0121766,6.83384
u0006864:i0127723,6.83384
u0006864:i0149151,6.83384
u0006864:i0163025,6.83384
u0006864:i0169299,6.83384
u0006864:i0191996,6.83384
u0006864:i0206314,6.83384
u0006864:i0215129,6.83384
u0006864:i0255702,6.83384
u0006864:i0264323,6.83384
u0006864:i0273896,6.83384
u0006864:i0283027,6.83384
u0006864:i0311231,6.83384
u0006864:i0311361,6.83384
u0006864:i0324216,6.83384
u0006864:i0356150,6.83384
u0006864:i0369610,6.83384
u0006864:i0384806,6.83384
u0006864:i0446029,6.83384
u0006864:i0462485,6.83384
u0006864:i0473267,6.83384
u0006864:i0485774,6.83384
u0006864:i0490076,6.83384
u0006864:i0758746,6.83384
u0006864:i0760187,6.83384
u0006864:i0779982,6.83384
u0006864:i0780645,6.83384
u0006864:i0787470,6.83384
u0006864:i0790736,6.83384
u0006864:i0804443,6.83384
u0006864:i0858411,6.83384
u0006864:i0876294,6.83384
u0006864:i0884732,6.83384
u0006864:i0960066,6.83384
u0006864:i0964529,6.83384
u0006864:i0981227,6.83384
u0006864:i1031280,6.83384
u0006864:i1063056,6.83384
u0006864:i1134674,6.83384
u0006864:i1151911,6.83384
u0006864:i1179891,6.83384
u0006864:i1188990,6.83384
u0006864:i1205071,6.83384
u0006864:i1242618,6.83384
u0006864:i1268208,6.83384
u0006864:i1268809,6.83384
u0006864:i1268987,6.83384
u0006864:i1297943,6.83384
u0006864:i1303902,6.83384
u0006864:i1316536,6.83384
u0006864:i1320253,6.83384
u0006864:i1321511,6.83384
u0006864:i1362058,6.83384
u0006864:i1369706,6.83384
u0006864:i1380281,6.83384
u0006864:i1407049,6.83384
u0006864:i1409798,6.83384
u0006864:i1434435,6.83384
u0006864:i1438534,6.83384
u0006864:i1446714,6.83384
u0006864:i1456635,6.83384
u0006864:i1465522,6.83384
u0006864:i1515199,6.83384
u0006864:i1522846,6.83384
u0006864:i1528071,6.83384
u0006864:i1545660,6.83384
u0006864:i1549584,6.83384
u0006864:i1581336,6.83384
u0006864:i1649443,6.83384
u0006864:i1650042,6.83384
u0006864:i1664664,6.83384
u0006864:i1687889,6.83384
u0006864:i1691452,6.83384
u0006864:i1717229,6.83384
u0006864:i1733578,6.83384
u0006864:i1763256,6.83384
u0006864:i1763264,6.83384
u0006864:i1764651,6.83384
u0006864:i1767354,6.83384
u0006864:i1780798,6.83384
u0006864:i1783732,6.83384
u0006864:i1790864,6.83384
u0006864:i1827579,6.83384
u0006864:i1836944,6.83384
u0006864:i1853739,6.83384
u0006864:i1884318,6.83384
u0006864:i1945044,6.83384
u0006864:i1951216,6.83384
u0006864:i1956620,6.83384
u0006864:i1975159,6.83384
u0006864:i1977919,6.83384
u0006864:i1988621,6.83384
u0006864:i1991031,6.83384
u0006864:i2004420,6.83384
u0006864:i2051831,6.83384
u0006864:i2072933,6.83384
u0006864:i2090629,6.83384
u0006864:i2141875,6.83384
u0006864:i2165765,6.83384
u0006864:i2184339,6.83384
u0006864:i2193191,6.83384
u0006864:i2193265,6.83384
u0006864:i2234299,6.83384
u0006864:i2265453,6.83384
u0006864:i2301276,6.83384
u0006864:i2317412,6.83384
u0006864:i2321549,6.83384
u0006864:i2333784,6.83384
u0006864:i2350086,6.83384
u0006864:i2350852,6.83384
u0006864:i2356500,6.83384
u0006864:i2357866,6.83384
u0006864:i2388715,6.83384
u0006864:i2403415,6.83384
u0006864:i2420756,6.83384
u0006864:i2535470,6.83384
u0006864:i2577172,6.83384
u0006864:i2579836,6.83384
u0006864:i2629374,6.83384
u0006864:i2771800,6.83384
u0006864:i2784512,6.83384
u0006864:i2793490,6.83384
u0006864:i2836370,6.83384
u0006864:i2872718,6.83384
u0006864:i2872732,6.83384
u0006864:i2960930,6.83384
u0006864:i2975578,6.83384
u0006864:i2980592,6.83384
u0006864:i3144022,6.83384
u0006864:i3242756,6.83384
u0006864:i3317874,6.83384
u0006864:i3504048,6.83384
u0006864:i3624446,6.83384
u0006864:i3717324,6.83384
u0006879:i0884732,7.41959
u0006879:i1645089,7.41959
u0006879:i1674771,7.41959
u0006879:i1810683,7.41959
u0006879:i1823672,7.41959
u0006879:i2381941,7.41959
u0006879:i2562232,7.41959
u0006879:i2802144,7.41959
u0006879:i3007512,7.41959
u0006882:i1065073,7.67
u0006882:i2262227,7.67
u0006882:i2713180,7.67
u0006967:i0011508,6.83384
u0006967:i0015163,6.83384
u0006967:i0016332,6.83384
u0006967:i0018742,6.83384
u0006967:i0019421,6.83384
u0006967:i0048021,6.83384
u0006967:i0067893,6.83384
u0006967:i0077402,6.83384
u0006967:i0219822,6.83384
u0006967:i0268126,6.83384
u0006967:i0338013,6.83384
u0006967:i0878804,6.83384
u0006967:i1014762,6.83384
u0006967:i1187043,6.83384
u0006967:i1661820,6.83384
u0006967:i1666801,6.83384
u0006967:i2125608,6.83384
u0006977:i0454848,8.15242
u0006977:i0816692,8.15242
u0006977:i1809398,8.15242
u0006977:i2015381,8.15242
u0006977:i2234003,8.15242
u0006977:i2267998,8.15242
u0006977:i2713180,8.15242
u0006977:i2911666,8.15242
u0006977:i2980516,8.15242
u0006977:i3007512,8.15242
u0007029:i0478970,7.92598
u0007029:i1020072,7.92598
u0007029:i1291150,7.92598
u0007029:i1340138,7.92598
u0007029:i1398426,7.92598
u0007029:i1638355,7.92598
u0007029:i1798684,7.92598
u0007029:i2096673,7.92598
u0007029:i2120120,7.92598
u0007029:i2293640,7.92598
u0007029:i2381249,7.92598
u0007029:i2562232,7.92598
u0007029:i2582802,7.92598
u0007029:i2637276,7.92598
u0007029:i3622592,7.92598
u0007029:i4178092,7.92598
u0007050:i0087332,7.34963
u0007050:i0470752,7.34963
u0007050:i0838221,7.34963
u0007050:i1020072,7.34963
u0007050:i1791528,7.34963
u0007050:i2179136,7.34963
u0007050:i2582802,7.34963
u0007053:i0077631,7.60697
u0007053:i0111161,7.60697
u0007053:i0408790,7.60697
u0007053:i0816692,7.60697
u0007053:i0882977,7.60697
u0007053:i1045658,7.60697
u0007053:i1065073,7.60697
u0007053:i1120985,7.60697
u0007053:i1193138,7.60697
u0007053:i1204977,7.60697
u0007053:i1291584,7.60697
u0007053:i1531924,7.60697
u0007053:i1615065,7.60697
u0007053:i1666287,7.60697
u0007053:i1790864,7.60697
u0007053:i1854582,7.60697
u0007053:i1872194,7.60697
u0007053:i1924435,7.60697
u0007053:i1972779,7.60697
u0007053:i2039393,7.60697
u0007053:i2101341,7.60697
u0007053:i2170439,7.60697
u0007053:i2179136,7.60697
u0007053:i2267998,7.60697
u0007053:i2273657,7.60697
u0007053:i2294449,7.60697
u0007053:i2355495,7.60697
u0007053:i2381941,7.60697
u0007053:i2401097,7.60697
u0007053:i2402157,7.60697
u0007053:i2561572,7.60697
u0007053:i2637276,7.60697
u0007053:i2692250,7.60697
u0007053:i2726560,7.60697
u0007053:i2788710,7.60697
u0007053:i2820852,7.60697
u0007053:i2872718,7.60697
u0007053:i2967224,7.60697
u0007053:i2980592,7.60697
u0007053:i3079380,7.60697
u0007053:i3181822,7.60697
u0007053:i3235888,7.60697
u0007053:i3450650,7.60697
u0007053:i3532608,7.60697
u0007053:i4008652,7.60697
u0007053:i4229236,7.60697
u0007057:i0080761,7.61124
u0007057:i0085333,7.61124
u0007057:i0109045,7.61124
u0007057:i0329101,7.61124
u0007057:i0363547,7.61124
u0007057:i0443453,7.61124
u0007057:i0449059,7.61124
u0007057:i1587310,7.61124
u0007057:i1925435,7.61124
u0007057:i1959332,7.61124
u0007057:i2245084,7.61124
u0007063:i0113247,5.24327
u0007063:i0180093,5.9705
u0007063:i0206634,5.8045
u0007063:i0816692,6.60026
u0007063:i0947798,5.15568
u0007063:i1182345,5.71601
u0007063:i1392190,6.71771
u0007063:i1655441,6.57507
u0007063:i1659337,6.52629
u0007063:i1798709,6.53413
u0007063:i2908446,6.62353
u0007081:i1126590,8.17836
u0007081:i2338151,8.17836
u0007081:i2872718,8.17836
u0007097:i0230600,6.89727
u0007097:i1032755,6.89727
u0007097:i1798684,6.89727
u0007097:i2015381,6.89727
u0007097:i3042408,6.89727
u0007121:i0095690,7.89073
u0007121:i0119822,7.89073
u0007121:i0182000,7.89073
u0007121:i0338188,7.89073
u0007121:i0449487,7.89073
u0007121:i0455590,7.89073
u0007121:i0476964,7.89073
u0007121:i0479997,7.89073
u0007121:i0808151,7.89073
u0007121:i0825232,7.89073
u0007121:i1029235,7.89073
u0007121:i1059786,7.89073
u0007121:i1132620,7.89073
u0007121:i1216487,7.89073
u0007121:i1343097,7.89073
u0007121:i1446072,7.89073
u0007121:i1583420,7.89073
u0007121:i1703148,7.89073
u0007121:i2015381,7.89073
u0007121:i2103264,7.89073
u0007121:i2446042,7.89073
u0007134:i1109624,7.57759
u0007134:i1376213,7.57759
u0007134:i2015381,7.57759
u0007142:i2096672,7.02751
u0007142:i2446042,7.04773
u0007142:i2452200,6.19993
u0007142:i2872732,6.80103
u0007146:i0110413,5.13265
u0007146:i0802948,5.83901
u0007146:i2820852,6.76983
u0007158:i0371257,6.83384
u0007158:i0816692,6.83384
u0007158:i2562232,6.83384
u0007158:i2872718,6.83384
u0007158:i2884206,6.83384
u0007180:i0091790,7.30194
u0007180:i0443465,7.30194
u0007180:i0816692,7.30194
u0007180:i1166100,7.30194
u0007180:i1355630,7.30194
u0007180:i1486834,7.30194
u0007180:i1638002,7.30194
u0007180:i1655441,7.30194
u0007180:i1872194,7.30194
u0007180:i2126355,7.30194
u0007180:i2338151,7.30194
u0007180:i2381941,7.30194
u0007180:i2404425,7.30194
u0007180:i2562232,7.30194
u0007180:i2582802,7.30194
u0007180:i2713180,7.30194
u0007180:i2726560,7.30194
u0007180:i2802144,7.30194
u0007180:i2820852,7.30194
u0007180:i2908446,7.30194
u0007180:i2967224,7.30194
u0007180:i2980516,7.30194
u0007180:i3079380,7.30194
u0007180:i3149038,7.30194
u0007180:i3442006,7.30194
u0007180:i3495030,7.30194
u0007180:i3767372,7.30194
u0007180:i3836958,7.30194
u0007180:i4110568,7.30194
u0007241:i0047396,6.85026
u0007241:i0057427,6.85026
u0007241:i0060827,6.85026
u0007241:i0063759,6.85026
u0007241:i0071396,6.85026
u0007241:i0076786,6.85026
u0007241:i0080040,6.85026
u0007241:i0089530,6.85026
u0007241:i0089881,6.85026
u0007241:i0094057,6.85026
u0007241:i0102522,6.85026
u0007241:i0156887,6.85026
u0007241:i0165603,6.85026
u0007241:i0185481,6.85026
u0007241:i0369610,6.85026
u0007241:i1023114,6.85026
u0007241:i1337366,6.85026
u0007241:i1457767,6.85026
u0007241:i1674771,6.85026
u0007241:i1881002,6.85026
u0007241:i1912398,6.85026
u0007241:i2072230,6.85026
u0007241:i2199571,6.85026
u0007241:i2243361,6.85026
u0007241:i2940482,6.85026
u0007241:i3045616,6.85026
u0007241:i3625152,6.85026
u0007241:i3646944,6.85026
u0007248:i1392190,8.39214
u0007248:i2039393,8.39214
u0007248:i2395427,8.39214
u0007255:i0023642,7.81558
u0007255:i0028988,7.81558
u0007255:i0032829,7.81558
u0007255:i0037256,7.81558
u0007255:i0037343,7.81558
u0007255:i0037366,7.81558
u0007255:i0037800,7.81558
u0007255:i0038243,7.81558
u0007255:i0040369,7.81558
u0007255:i0044105,7.81558
u0007255:i0051435,7.81558
u0007255:i0059037,7.81558
u0007255:i0071824,7.81558
u0007255:i0114746,7.81558
u0007255:i1204975,7.81558
u0007255:i1259574,7.81558
u0007255:i2562232,7.81558
u0007255:i2713180,7.81558
u0007255:i2872732,7.81558
u0007259:i0369610,8.07071
u0007259:i0499549,8.07071
u0007259:i0770828,8.07071
u0007259:i0816711,8.07071
u0007259:i0848228,8.07071
u0007259:i1300854,8.07071
u0007259:i1307057,8.07071
u0007259:i1318514,8.07071
u0007259:i1340138,8.07071
u0007259:i1392190,8.07071
u0007259:i1521846,8.07071
u0007259:i1637725,8.07071
u0007259:i1638355,8.07071
u0007259:i1655441,8.07071
u0007259:i1661199,8.07071
u0007259:i1690953,8.07071
u0007259:i1790864,8.07071
u0007259:i1939659,8.07071
u0007259:i1951264,8.07071
u0007259:i1951265,8.07071
u0007259:i2084970,8.07071
u0007259:i2096673,8.07071
u0007259:i2126355,8.07071
u0007259:i2278388,8.07071
u0007259:i2293640,8.07071
u0007259:i2381249,8.07071
u0007259:i2395427,8.07071
u0007259:i2404463,8.07071
u0007259:i2562232,8.07071
u0007259:i2637276,8.07071
u0007259:i2820852,8.07071
u0007259:i2848292,8.07071
u0007259:i2872732,8.07071
u0007259:i3079380,8.07071
u0007259:i3195644,8.07071
u0007259:i3713166,8.07071
u0007259:i3824386,8.07071
u0007264:i0112573,7.01876
u0007264:i1065073,7.01876
u0007264:i2084970,7.01876
u0007264:i2713180,7.01876
u0007264:i2802144,7.01876
u0007297:i2136747,7.23167
u0007297:i2576852,7.23167
u0007297:i2872718,7.23167
u0007297:i4044364,7.23167
u0007297:i4178092,7.23167
u0007351:i1392190,7.34789
u0007351:i2096673,7.34789
u0007351:i2562232,7.34789
u0007351:i2582802,7.34789
u0007351:i2929690,7.34789
u0007354:i0369610,6.92997
u0007354:i1340138,6.92997
u0007354:i1392190,6.92997
u0007354:i1617661,6.92997
u0007354:i2179136,6.92997
u0007354:i2199571,6.92997
u0007354:i2267998,6.92997
u0007354:i2381249,6.92997
u0007354:i2395427,6.92997
u0007354:i2820852,6.92997
u0007366:i0033467,7.03129
u0007366:i0034583,7.03129
u0007366:i0046250,7.03129
u0007366:i0230600,7.03129
u0007366:i0369610,7.03129
u0007366:i0455944,7.03129
u0007366:i0457430,7.03129
u0007366:i0477347,7.03129
u0007366:i0829150,7.03129
u0007366:i0884732,7.03129
u0007366:i1340138,7.03129
u0007366:i1483013,7.03129
u0007366:i1587310,7.03129
u0007366:i1661199,7.03129
u0007366:i1972571,7.03129
u0007366:i2084970,7.03129
u0007366:i2170439,7.03129
u0007366:i2245084,7.03129
u0007366:i2273657,7.03129
u0007366:i2326612,7.03129
u0007366:i2561572,7.03129
u0007366:i2872718,7.03129
u0007366:i2908446,7.03129
u0007366:i2911666,7.03129
u0007366:i2980516,7.03129
u0007366:i3079380,7.03129
u0007366:i3421514,7.03129
u0007366:i4178092,7.03129
u0007374:i0025316,7.73751
u0007374:i0036868,7.73751
u0007374:i0042192,7.73751
u0007374:i0044079,7.73751
u0007374:i0046250,7.73751
u0007374:i0051201,7.73751
u0007374:i0056592,7.73751
u0007374:i0070735,7.73751
u0007374:i0071315,7.73751
u0007374:i0074958,7.73751
u0007374:i0079522,7.73751
u0007374:i0114746,7.73751
u0007374:i0120737,7.73751
u0007374:i0167260,7.73751
u0007374:i0167261,7.73751
u0007374:i0457430,7.73751
u0007374:i0470752,7.73751
u0007374:i0816692,7.73751
u0007374:i0884732,7.73751
u0007374:i0900387,7.73751
u0007374:i1109624,7.73751
u0007374:i1126590,7.73751
u0007374:i1198156,7.73751
u0007374:i1216491,7.73751
u0007374:i1305806,7.73751
u0007374:i1392190,7.73751
u0007374:i1531924,7.73751
u0007374:i1655441,7.73751
u0007374:i1772288,7.73751
u0007374:i1791682,7.73751
u0007374:i1809398,7.73751
u0007374:i1823672,7.73751
u0007374:i1937149,7.73751
u0007374:i2084970,7.73751
u0007374:i2179136,7.73751
u0007374:i2180411,7.73751
u0007374:i2199571,7.73751
u0007374:i2245084,7.73751
u0007374:i2305051,7.73751
u0007374:i2381941,7.73751
u0007374:i2404425,7.73751
u0007374:i2562232,7.73751
u0007374:i2614684,7.73751
u0007374:i2802144,7.73751
u0007374:i2820852,7.73751
u0007374:i2872750,7.73751
u0007374:i2937898,7.73751
u0007374:i2980516,7.73751
u0007374:i3007512,7.73751
u0007374:i3011894,7.73751
u0007374:i3042408,7.73751
u0007374:i3169706,7.73751
u0007374:i3205376,7.73751
u0007374:i3316960,7.73751
u0007374:i3442006,7.73751
u0007374:i3612616,7.73751
u0007374:i3720788,7.73751
u0007379:i0369610,6.85163
u0007379:i1392190,6.72339
u0007379:i2637276,6.49818
u0007379:i2820852,6.77875
u0007380:i0079501,7.60697
u0007380:i0082694,7.60697
u0007380:i0369610,7.60697
u0007380:i0993846,7.60697
u0007380:i1318025,7.60697
u0007380:i1392190,7.60697
u0007380:i1617661,7.60697
u0007380:i1716777,7.60697
u0007418:i0095188,6.87236
u0007418:i0097390,6.87236
u0007418:i0116282,6.87236
u0007418:i0365907,6.87236
u0007418:i0369610,6.87236
u0007418:i0388139,6.87236
u0007418:i0396184,6.87236
u0007418:i0425379,6.87236
u0007418:i0816692,6.87236
u0007418:i1014763,6.87236
u0007418:i1029360,6.87236
u0007418:i1340138,6.87236
u0007418:i1392190,6.87236
u0007418:i1528100,6.87236
u0007418:i1600196,6.87236
u0007418:i1617661,6.87236
u0007418:i1646971,6.87236
u0007418:i1740762,6.87236
u0007418:i1780798,6.87236
u0007418:i1798684,6.87236
u0007418:i1823672,6.87236
u0007418:i1877832,6.87236
u0007418:i1881002,6.87236
u0007418:i1935302,6.87236
u0007418:i2084970,6.87236
u0007418:i2091478,6.87236
u0007418:i2179136,6.87236
u0007418:i2231253,6.87236
u0007418:i2245084,6.87236
u0007418:i2278388,6.87236
u0007418:i2293640,6.87236
u0007418:i2310332,6.87236
u0007418:i2316411,6.87236
u0007418:i2334879,6.87236
u0007418:i2358925,6.87236
u0007418:i2369317,6.87236
u0007418:i2395427,6.87236
u0007418:i2402101,6.87236
u0007418:i2436386,6.87236
u0007418:i2438644,6.87236
u0007418:i2446042,6.87236
u0007418:i2481496,6.87236
u0007418:i2494280,6.87236
u0007418:i2535470,6.87236
u0007418:i2582802,6.87236
u0007418:i2693664,6.87236
u0007418:i2713180,6.87236
u0007418:i2788710,6.87236
u0007418:i2802144,6.87236
u0007418:i2820852,6.87236
u0007418:i2872718,6.87236
u0007418:i2960930,6.87236
u0007418:i2980516,6.87236
u0007418:i3253624,6.87236
u0007418:i3304756,6.87236
u0007418:i3467412,6.87236
u0007418:i3472226,6.87236
u0007418:i3672742,6.87236
u0007418:i3813310,6.87236
u0007418:i4171544,6.87236
u0007418:i4191054,6.87236
u0007437:i1860277,7.25675
u0007437:i2063781,7.25675
u0007437:i2326094,7.25675
u0007437:i3674140,7.25675
u0007444:i0113855,6.09075
u0007444:i1798684,6.67566
u0007444:i1853728,4.99061
u0007444:i2582802,7.00955
u0007450:i0094737,7.60833
u0007450:i0107211,7.60833
u0007450:i0107614,7.60833
u0007450:i0110737,7.60833
u0007450:i0119822,7.60833
u0007450:i0250797,7.60833
u0007450:i0253798,7.60833
u0007450:i0446755,7.60833
u0007450:i0478970,7.60833
u0007450:i0491152,7.60833
u0007450:i1042877,7.60833
u0007450:i1216491,7.60833
u0007450:i1454029,7.60833
u0007450:i1457767,7.60833
u0007450:i1488555,7.60833
u0007450:i2004420,7.60833
u0007450:i2126355,7.60833
u0007450:i2179136,7.60833
u0007450:i2395427,7.60833
u0007450:i2404311,7.60833
u0007450:i2404463,7.60833
u0007450:i2431286,7.60833
u0007450:i2717822,7.60833
u0007450:i2788710,7.60833
u0007450:i3322940,7.60833
u0007460:i2179136,6.68364
u0007460:i2180411,6.68364
u0007460:i2582846,6.68364
u0007460:i2802144,6.68364
u0007482:i1392190,7.92598
u0007482:i1659337,7.92598
u0007482:i1798243,7.92598
u0007482:i2245084,7.92598
u0007482:i2562232,7.92598
u0007482:i2582802,7.92598
u0007482:i2872718,7.92598
u0007502:i1216491,6.72592
u0007502:i1980929,6.97909
u0007502:i2231253,6.83458
u0007520:i0054997,7.48946
u0007520:i0097351,7.48946
u0007520:i0319262,7.48946
u0007520:i0478970,7.48946
u0007520:i0816692,7.48946
u0007520:i0831387,7.48946
u0007520:i0872224,7.48946
u0007520:i1321870,7.48946
u0007520:i1723121,7.48946
u0007520:i1790864,7.48946
u0007520:i1798709,7.48946
u0007520:i1800241,7.48946
u0007520:i1823672,7.48946
u0007520:i2004420,7.48946
u0007520:i2294449,7.48946
u0007520:i2310332,7.48946
u0007520:i2334879,7.48946
u0007520:i2380564,7.48946
u0007520:i2582802,7.48946
u0007520:i2802144,7.48946
u0007520:i3271220,7.48946
u0007529:i0099685,7.14927
u0007529:i0770802,7.14927
u0007529:i1392190,7.14927
u0007529:i1528100,7.14927
u0007529:i1850397,7.14927
u0007529:i2084970,7.14927
u0007529:i2245084,7.14927
u0007529:i2316411,7.14927
u0007529:i2582802,7.14927
u0007529:i2758880,7.14927
u0007545:i1675434,7.92598
u0007545:i2402101,7.92598
u0007545:i3713166,7.92598
u0007556:i0816692,7.63478
u0007556:i1398426,7.63478
u0007556:i1502712,7.63478
u0007556:i2179136,7.63478
u0007556:i2436386,7.63478
u0007556:i2802144,7.63478
u0007606:i0062622,6.4521
u0007606:i0063522,6.4521
u0007606:i0066921,6.4521
u0007606:i0077416,6.4521
u0007606:i0077651,6.4521
u0007606:i0079501,6.4521
u0007606:i0080684,6.4521
u0007606:i0083929,6.4521
u0007606:i0084805,6.4521
u0007606:i0085995,6.4521
u0007606:i0086190,6.4521
u0007606:i0087538,6.4521
u0007606:i0088247,6.4521
u0007606:i0088763,6.4521
u0007606:i0091042,6.4521
u0007606:i0093894,6.4521
u0007606:i0096874,6.4521
u0007606:i0097647,6.4521
u0007606:i0099088,6.4521
u0007606:i0100802,6.4521
u0007606:i0103064,6.4521
u0007606:i0106856,6.4521
u0007606:i0107818,6.4521
u0007606:i0112384,6.4521
u0007606:i0114436,6.4521
u0007606:i0116705,6.4521
u0007606:i0116830,6.4521
u0007606:i0118688,6.4521
u0007606:i0120735,6.4521
u0007606:i0120915,6.4521
u0007606:i0121765,6.4521
u0007606:i0121766,6.4521
u0007606:i0137523,6.4521
u0007606:i0163978,6.4521
u0007606:i0206314,6.4521
u0007606:i0208092,6.4521
u0007606:i0216216,6.4521
u0007606:i0251160,6.4521
u0007606:i0265666,6.4521
u0007606:i0269347,6.4521
u0007606:i0272338,6.4521
u0007606:i0307901,6.4521
u0007606:i0317248,6.4521
u0007606:i0337978,6.4521
u0007606:i0365686,6.4521
u0007606:i0365907,6.4521
u0007606:i0369610,6.4521
u0007606:i0372784,6.4521
u0007606:i0375912,6.4521
u0007606:i0380268,6.4521
u0007606:i0381681,6.4521
u0007606:i0408839,6.4521
u0007606:i0443706,6.4521
u0007606:i0444682,6.4521
u0007606:i0455944,6.4521
u0007606:i0468569,6.4521
u0007606:i0486822,6.4521
u0007606:i0498399,6.4521
u0007606:i0758774,6.4521
u0007606:i0790636,6.4521
u0007606:i0822854,6.4521
u0007606:i0829482,6.4521
u0007606:i0831387,6.4521
u0007606:i0845046,6.4521
u0007606:i0857265,6.4521
u0007606:i0882977,6.4521
u0007606:i0910936,6.4521
u0007606:i0993846,6.4521
u0007606:i1065073,6.4521
u0007606:i1074638,6.4521
u0007606:i1091191,6.4521
u0007606:i1120985,6.4521
u0007606:i1205537,6.4521
u0007606:i1212450,6.4521
u0007606:i1213648,6.4521
u0007606:i1242422,6.4521
u0007606:i1253863,6.4521
u0007606:i1272886,6.4521
u0007606:i1321861,6.4521
u0007606:i1322269,6.4521
u0007606:i1327773,6.4521
u0007606:i1335975,6.4521
u0007606:i1403865,6.4521
u0007606:i1408253,6.4521
u0007606:i1413495,6.4521
u0007606:i1418377,6.4521
u0007606:i1423995,6.4521
u0007606:i1441395,6.4521
u0007606:i1490017,6.4521
u0007606:i1509842,6.4521
u0007606:i1559036,6.4521
u0007606:i1587310,6.4521
u0007606:i1592281,6.4521
u0007606:i1609479,6.4521
u0007606:i1613750,6.4521
u0007606:i1616195,6.4521
u0007606:i1631867,6.4521
u0007606:i1638364,6.4521
u0007606:i1661382,6.4521
u0007606:i1666335,6.4521
u0007606:i1702439,6.4521
u0007606:i1714833,6.4521
u0007606:i1723121,6.4521
u0007606:i1727388,6.4521
u0007606:i1731141,6.4521
u0007606:i1741243,6.4521
u0007606:i1742334,6.4521
u0007606:i1748122,6.4521
u0007606:i1797348,6.4521
u0007606:i1798709,6.4521
u0007606:i1800246,6.4521
u0007606:i1817273,6.4521
u0007606:i1821549,6.4521
u0007606:i1826590,6.4521
u0007606:i1840309,6.4521
u0007606:i1843866,6.4521
u0007606:i1850374,6.4521
u0007606:i1854513,6.4521
u0007606:i1859650,6.4521
u0007606:i1872181,6.4521
u0007606:i1877832,6.4521
u0007606:i1893256,6.4521
u0007606:i1904996,6.4521
u0007606:i1935156,6.4521
u0007606:i1954315,6.4521
u0007606:i1956620,6.4521
u0007606:i1959490,6.4521
u0007606:i1967545,6.4521
u0007606:i1979320,6.4521
u0007606:i1980929,6.4521
u0007606:i1981115,6.4521
u0007606:i2004419,6.4521
u0007606:i2004420,6.4521
u0007606:i2007385,6.4521
u0007606:i2012011,6.4521
u0007606:i2024469,6.4521
u0007606:i2024544,6.4521
u0007606:i2034031,6.4521
u0007606:i2046090,6.4521
u0007606:i2103281,6.4521
u0007606:i2105044,6.4521
u0007606:i2109248,6.4521
u0007606:i2167202,6.4521
u0007606:i2170593,6.4521
u0007606:i2177771,6.4521
u0007606:i2187115,6.4521
u0007606:i2191701,6.4521
u0007606:i2194499,6.4521
u0007606:i2203939,6.4521
u0007606:i2209418,6.4521
u0007606:i2218003,6.4521
u0007606:i2243389,6.4521
u0007606:i2248944,6.4521
u0007606:i2265534,6.4521
u0007606:i2267998,6.4521
u0007606:i2278388,6.4521
u0007606:i2294629,6.4521
u0007606:i2318092,6.4521
u0007606:i2350892,6.4521
u0007606:i2357291,6.4521
u0007606:i2358891,6.4521
u0007606:i2369135,6.4521
u0007606:i2370140,6.4521
u0007606:i2377322,6.4521
u0007606:i2387433,6.4521
u0007606:i2387559,6.4521
u0007606:i2388715,6.4521
u0007606:i2390361,6.4521
u0007606:i2402105,6.4521
u0007606:i2404311,6.4521
u0007606:i2418440,6.4521
u0007606:i2431286,6.4521
u0007606:i2473682,6.4521
u0007606:i2481480,6.4521
u0007606:i2557490,6.4521
u0007606:i2752758,6.4521
u0007606:i2820852,6.4521
u0007606:i2872732,6.4521
u0007606:i2872810,6.4521
u0007606:i2975578,6.4521
u0007606:i2980516,6.4521
u0007606:i3253740,6.4521
u0007606:i3547740,6.4521
u0007606:i3973502,6.4521
u0007636:i0884732,7.47554
u0007636:i1840309,7.47554
u0007636:i2561572,7.47554
u0007636:i3042408,7.47554
u0007654:i0802948,8.4498
u0007654:i0808417,8.4498
u0007654:i1045658,8.4498
u0007654:i1187043,8.4498
u0007654:i1219289,8.4498
u0007654:i1837709,8.4498
u0007654:i2267998,8.4498
u0007654:i2788710,8.4498
u0007660:i0369610,6.85909
u0007660:i0478970,6.67717
u0007660:i1911658,7.13175
u0007660:i2293640,6.976
u0007660:i2552394,5.48823
u0007671:i0377107,7.53844
u0007671:i1065073,7.53844
u0007671:i1600196,7.53844
u0007671:i1872194,7.53844
u0007671:i2345737,7.53844
u0007671:i2562232,7.53844
u0007671:i2788710,7.53844
u0007677:i0369610,7.53048
u0007677:i0478970,7.53048
u0007677:i1121096,7.53048
u0007677:i1340138,7.53048
u0007677:i1392190,7.53048
u0007677:i1502712,7.53048
u0007677:i1638355,7.53048
u0007677:i1661199,7.53048
u0007677:i1837562,7.53048
u0007677:i2088003,7.53048
u0007677:i2179136,7.53048
u0007677:i2199571,7.53048
u0007677:i2322441,7.53048
u0007677:i2381249,7.53048
u0007677:i2395427,7.53048
u0007677:i2446042,7.53048
u0007677:i2637276,7.53048
u0007677:i2802144,7.53048
u0007677:i2820852,7.53048
u0007677:i2848292,7.53048
u0007677:i2870648,7.53048
u0007677:i2911666,7.53048
u0007677:i3079380,7.53048
u0007677:i3168230,7.53048
u0007677:i3321300,7.53048
u0007729:i0265459,7.32378
u0007729:i0309698,7.32378
u0007729:i0424136,7.32378
u0007729:i0470752,7.32378
u0007729:i1078188,7.32378
u0007729:i1314655,7.32378
u0007729:i1398426,7.32378
u0007729:i1777034,7.32378
u0007729:i1798684,7.32378
u0007729:i1817273,7.32378
u0007729:i1924435,7.32378
u0007729:i2370248,7.32378
u0007763:i0458481,6.84368
u0007763:i1939659,6.42414
u0007763:i2177771,7.07491
u0007763:i2557490,7.15853
u0007776:i2024519,7.92598
u0007776:i2305051,7.92598
u0007776:i2692904,7.92598
u0007776:i2883512,7.92598
u0007776:i2980516,7.92598
u0007776:i3729920,7.92598
u0007776:i4229236,7.92598
u0007786:i0062708,6.84343
u0007786:i0350261,6.84343
u0007786:i2097298,6.84343
u0007791:i1600196,7.33567
u0007791:i1617661,7.33567
u0007791:i1911658,7.33567
u0007791:i1981115,7.33567
u0007791:i2088003,7.33567
u0007791:i2199571,7.33567
u0007791:i2245084,7.33567
u0007791:i2369135,7.33567
u0007791:i2395427,7.33567
u0007791:i2446042,7.33567
u0007791:i2820852,7.33567
u0007803:i0083929,7.60697
u0007803:i0098258,7.60697
u0007803:i0105415,7.60697
u0007803:i0120789,7.60697
u0007803:i0129167,7.60697
u0007803:i0181875,7.60697
u0007803:i0259711,7.60697
u0007803:i0368709,7.60697
u0007803:i0369610,7.60697
u0007803:i0427944,7.60697
u0007803:i0470752,7.60697
u0007803:i0478970,7.60697
u0007803:i0884732,7.60697
u0007803:i0903657,7.60697
u0007803:i1020072,7.60697
u0007803:i1028532,7.60697
u0007803:i1029360,7.60697
u0007803:i1243974,7.60697
u0007803:i1340138,7.60697
u0007803:i1371150,7.60697
u0007803:i1389137,7.60697
u0007803:i1392190,7.60697
u0007803:i1398426,7.60697
u0007803:i1502712,7.60697
u0007803:i1638355,7.60697
u0007803:i1655441,7.60697
u0007803:i1661199,7.60697
u0007803:i1674771,7.60697
u0007803:i1781922,7.60697
u0007803:i1798684,7.60697
u0007803:i1823672,7.60697
u0007803:i1964418,7.60697
u0007803:i2096673,7.60697
u0007803:i2172584,7.60697
u0007803:i2179136,7.60697
u0007803:i2235108,7.60697
u0007803:i2293640,7.60697
u0007803:i2322441,7.60697
u0007803:i2395427,7.60697
u0007803:i2428170,7.60697
u0007803:i2474024,7.60697
u0007803:i2509850,7.60697
u0007803:i2561572,7.60697
u0007803:i2637276,7.60697
u0007803:i2652092,7.60697
u0007803:i2679042,7.60697
u0007803:i2718492,7.60697
u0007803:i2788716,7.60697
u0007803:i2802144,7.60697
u0007803:i2820852,7.60697
u0007803:i2848292,7.60697
u0007803:i2908446,7.60697
u0007803:i2911666,7.60697
u0007803:i3071532,7.60697
u0007803:i3079380,7.60697
u0007803:i3152624,7.60697
u0007803:i3195644,7.60697
u0007803:i3235888,7.60697
u0007803:i3316948,7.60697
u0007803:i3316960,7.60697
u0007803:i3622592,7.60697
u0007803:i3713166,7.60697
u0007803:i3787590,7.60697
u0007803:i3850214,7.60697
u0007803:i4007502,7.60697
u0007803:i4044364,7.60697
u0007803:i4178092,7.60697
u0007810:i0087800,6.10028
u0007810:i0088763,5.0306
u0007810:i0092005,6.09641
u0007810:i0099487,3.86973
u0007810:i0103064,5.98742
u0007810:i0241527,5.40657
u0007810:i0264464,5.54572
u0007810:i0295297,5.6671
u0007810:i0373883,5.2352
u0007810:i0993846,6.6584
u0007810:i1077368,4.39958
u0007810:i1130884,5.1295
u0007810:i1340138,6.84931
u0007810:i1343092,5.32935
u0007810:i1375666,5.59738
u0007810:i1454029,5.45019
u0007810:i1659337,6.64714
u0007824:i0070034,7.23804
u0007824:i0087332,7.23804
u0007824:i0100157,7.23804
u0007824:i0129290,7.23804
u0007824:i0286716,7.23804
u0007824:i0369610,7.23804
u0007824:i0486576,7.23804
u0007824:i0800369,7.23804
u0007824:i1313113,7.23804
u0007824:i1401152,7.23804
u0007824:i1587310,7.23804
u0007824:i1661382,7.23804
u0007824:i1691453,7.23804
u0007824:i2004420,7.23804
u0007824:i2015381,7.23804
u0007824:i2103281,7.23804
u0007824:i2239832,7.23804
u0007824:i2557490,7.23804
u0007824:i2567712,7.23804
u0007824:i2820852,7.23804
u0007824:i2975578,7.23804
u0007824:i2980706,7.23804
u0007825:i1392190,6.78449
u0007825:i2084970,6.78449
u0007825:i2245084,6.78449
u0007825:i2562232,6.78449
u0007825:i2582802,6.78449
u0007825:i2872718,6.78449
u0007825:i2980516,6.78449
u0007870:i0040522,7.72229
u0007870:i0041959,7.72229
u0007870:i0050083,7.72229
u0007870:i0052357,7.72229
u0007870:i0052618,7.72229
u0007870:i0058777,7.72229
u0007870:i0062765,7.72229
u0007870:i0066206,7.72229
u0007870:i0067116,7.72229
u0007870:i0073486,7.72229
u0007870:i0074958,7.72229
u0007870:i0075860,7.72229
u0007870:i0077402,7.72229
u0007870:i0079116,7.72229
u0007870:i0080339,7.72229
u0007870:i0080684,7.72229
u0007870:i0086190,7.72229
u0007870:i0086200,7.72229
u0007870:i0086927,7.72229
u0007870:i0098724,7.72229
u0007870:i0101393,7.72229
u0007870:i0101540,7.72229
u0007870:i0106489,7.72229
u0007870:i0106856,7.72229
u0007870:i0110322,7.72229
u0007870:i0110478,7.72229
u0007870:i0117438,7.72229
u0007870:i0117665,7.72229
u0007870:i0117666,7.72229
u0007870:i0118607,7.72229
u0007870:i0118884,7.72229
u0007870:i0120601,7.72229
u0007870:i0122933,7.72229
u0007870:i0128442,7.72229
u0007870:i0162650,7.72229
u0007870:i0174856,7.72229
u0007870:i0181865,7.72229
u0007870:i0187393,7.72229
u0007870:i0207201,7.72229
u0007870:i0209475,7.72229
u0007870:i0238112,7.72229
u0007870:i0274558,7.72229
u0007870:i0287978,7.72229
u0007870:i0289848,7.72229
u0007870:i0313443,7.72229
u0007870:i0350261,7.72229
u0007870:i0368709,7.72229
u0007870:i0369735,7.72229
u0007870:i0382077,7.72229
u0007870:i0432402,7.72229
u0007870:i0435651,7.72229
u0007870:i0449089,7.72229
u0007870:i0455323,7.72229
u0007870:i0462504,7.72229
u0007870:i0470752,7.72229
u0007870:i0498380,7.72229
u0007870:i0804522,7.72229
u0007870:i1014763,7.72229
u0007870:i1034303,7.72229
u0007870:i1065073,7.72229
u0007870:i1212436,7.72229
u0007870:i1247690,7.72229
u0007870:i1274586,7.72229
u0007870:i1291150,7.72229
u0007870:i1392190,7.72229
u0007870:i1480295,7.72229
u0007870:i1528100,7.72229
u0007870:i1552224,7.72229
u0007870:i1586265,7.72229
u0007870:i1600196,7.72229
u0007870:i1634136,7.72229
u0007870:i1692486,7.72229
u0007870:i1776086,7.72229
u0007870:i1798684,7.72229
u0007870:i1815708,7.72229
u0007870:i1872194,7.72229
u0007870:i1951265,7.72229
u0007870:i1964418,7.72229
u0007870:i1980929,7.72229
u0007870:i2170439,7.72229
u0007870:i2179136,7.72229
u0007870:i2199571,7.72229
u0007870:i2212008,7.72229
u0007870:i2223990,7.72229
u0007870:i2231253,7.72229
u0007870:i2322441,7.72229
u0007870:i2343793,7.72229
u0007870:i2381941,7.72229
u0007870:i2382396,7.72229
u0007870:i2390361,7.72229
u0007870:i2395427,7.72229
u0007870:i2397535,7.72229
u0007870:i2446042,7.72229
u0007870:i2799166,7.72229
u0007870:i2872718,7.72229
u0007870:i2893490,7.72229
u0007870:i2911666,7.72229
u0007870:i3079380,7.72229
u0007870:i3374966,7.72229
u0007870:i3541262,7.72229
u0007870:i3674140,7.72229
u0007870:i4008652,7.72229
u0007874:i0291832,7.65242
u0007874:i0359950,7.65242
u0007874:i0365907,7.65242
u0007874:i0401383,7.65242
u0007874:i0404203,7.65242
u0007874:i0472062,7.65242
u0007874:i0490204,7.65242
u0007874:i0816692,7.65242
u0007874:i0870111,7.65242
u0007874:i0944835,7.65242
u0007874:i0993842,7.65242
u0007874:i1027718,7.65242
u0007874:i1045658,7.65242
u0007874:i1109624,7.65242
u0007874:i1185836,7.65242
u0007874:i1285246,7.65242
u0007874:i1336608,7.65242
u0007874:i1371111,7.65242
u0007874:i1392170,7.65242
u0007874:i1413495,7.65242
u0007874:i1462758,7.65242
u0007874:i1486834,7.65242
u0007874:i1541160,7.65242
u0007874:i1542344,7.65242
u0007874:i1655442,7.65242
u0007874:i1667307,7.65242
u0007874:i1854236,7.65242
u0007874:i1950184,7.65242
u0007874:i1951264,7.65242
u0007874:i1951265,7.65242
u0007874:i1980929,7.65242
u0007874:i2084970,7.65242
u0007874:i2101341,7.65242
u0007874:i2106420,7.65242
u0007874:i2170439,7.65242
u0007874:i2287675,7.65242
u0007874:i2363178,7.65242
u0007874:i2562232,7.65242
u0007874:i2800240,7.65242
u0007874:i2802144,7.65242
u0007874:i2872718,7.65242
u0007874:i2908856,7.65242
u0007874:i2967006,7.65242
u0007874:i2980648,7.65242
u0007874:i3169706,7.65242
u0007874:i3455822,7.65242
u0007874:i3469910,7.65242
u0007874:i3485880,7.65242
u0007876:i0425210,7.73679
u0007876:i1020072,7.73679
u0007876:i1100089,7.73679
u0007876:i1528100,7.73679
u0007876:i1675434,7.73679
u0007876:i2084970,7.73679
u0007876:i2170439,7.73679
u0007876:i2179136,7.73679
u0007876:i2338151,7.73679
u0007876:i2582802,7.73679
u0007876:i2872718,7.73679
u0007876:i2980516,7.73679
u0007890:i0118884,7.92598
u0007890:i0162222,7.92598
u0007890:i0211915,7.92598
u0007890:i0317248,7.92598
u0007890:i0470752,7.92598
u0007890:i0478970,7.92598
u0007890:i0816692,7.92598
u0007890:i1100089,7.92598
u0007890:i1392190,7.92598
u0007890:i1638355,7.92598
u0007890:i1798684,7.92598
u0007890:i1872194,7.92598
u0007890:i1951265,7.92598
u0007890:i1980929,7.92598
u0007890:i2170593,7.92598
u0007890:i2267998,7.92598
u0007890:i2293640,7.92598
u0007890:i2305051,7.92598
u0007890:i2381249,7.92598
u0007890:i2562232,7.92598
u0007890:i2582802,7.92598
u0007890:i2713180,7.92598
u0007890:i2872718,7.92598
u0007890:i2937898,7.92598
u0007890:i3079380,7.92598
u0007890:i3316960,7.92598
u0007890:i4178092,7.92598
u0007901:i0162222,6.11164
u0007901:i0183790,5.93632
u0007901:i3472226,6.68217
u0007914:i1010048,5.68489
u0007914:i1014759,5.68489
u0007914:i1065073,5.68489
u0007914:i1659337,5.68489
u0007914:i1790864,5.68489
u0007914:i1964418,5.68489
u0007914:i2267998,5.68489
u0007914:i2294629,5.68489
u0007914:i2562232,5.68489
u0007914:i2582802,5.68489
u0007914:i2820852,5.68489
u0007914:i2848292,5.68489
u0007914:i2872718,5.68489
u0007914:i2980516,5.68489
u0007931:i1126590,7.71768
u0007931:i1392190,7.71768
u0007931:i1661199,7.71768
u0007931:i1826590,7.71768
u0007931:i2084970,7.71768
u0007931:i2245084,7.71768
u0007931:i2381941,7.71768
u0007931:i2395427,7.71768
u0007933:i0033870,7.50908
u0007933:i0047396,7.50908
u0007933:i0057012,7.50908
u0007933:i0114814,7.50908
u0007933:i0120755,7.50908
u0007933:i0137523,7.50908
u0007933:i0144084,7.50908
u0007933:i0154506,7.50908
u0007933:i0317705,7.50908
u0007933:i0369610,7.50908
u0007933:i1340138,7.50908
u0007933:i1638355,7.50908
u0007933:i1924435,7.50908
u0007933:i2084970,7.50908
u0007933:i2126355,7.50908
u0007933:i2567712,7.50908
u0007933:i2802144,7.50908
u0007933:i2872732,7.50908
u0007938:i0948470,6.94061
u0007938:i1308729,6.94061
u0007938:i1392190,6.94061
u0007938:i2015381,6.94061
u0007938:i3322940,6.94061
u0007961:i0790636,7.25626
u0007961:i2084970,7.25626
u0007961:i2167266,7.25626
u0007961:i2479800,7.25626
u0007989:i0083658,7.41959
u0007989:i0212720,7.41959
u0007989:i1014763,7.41959
u0007989:i1204975,7.41959
u0007989:i1568343,7.41959
u0007989:i1872194,7.41959
u0007989:i1929263,7.41959
u0007989:i2582802,7.41959
u0007989:i2820852,7.41959
u0007989:i2870756,7.41959
u0007989:i3455822,7.41959
u0007989:i4044364,7.41959
u0008010:i0088258,7.69718
u0008010:i0093779,7.69718
u0008010:i0096928,7.69718
u0008010:i0103776,7.69718
u0008010:i0106697,7.69718
u0008010:i0243655,7.69718
u0008010:i0253556,7.69718
u0008010:i0371724,7.69718
u0008010:i0478970,7.69718
u0008010:i0790724,7.69718
u0008010:i0831387,7.69718
u0008010:i1121096,7.69718
u0008010:i1170358,7.69718
u0008010:i1229340,7.69718
u0008010:i1243974,7.69718
u0008010:i1291150,7.69718
u0008010:i1340138,7.69718
u0008010:i1450321,7.69718
u0008010:i1502712,7.69718
u0008010:i1587310,7.69718
u0008010:i1596343,7.69718
u0008010:i1638355,7.69718
u0008010:i1661199,7.69718
u0008010:i1667310,7.69718
u0008010:i1708135,7.69718
u0008010:i1723121,7.69718
u0008010:i1809398,7.69718
u0008010:i1823672,7.69718
u0008010:i1939659,7.69718
u0008010:i1956620,7.69718
u0008010:i1964418,7.69718
u0008010:i2011159,7.69718
u0008010:i2096673,7.69718
u0008010:i2126355,7.69718
u0008010:i2229499,7.69718
u0008010:i2244901,7.69718
u0008010:i2267998,7.69718
u0008010:i2268016,7.69718
u0008010:i2278388,7.69718
u0008010:i2316411,7.69718
u0008010:i2322441,7.69718
u0008010:i2381249,7.69718
u0008010:i2387433,7.69718
u0008010:i2390237,7.69718
u0008010:i2395427,7.69718
u0008010:i2515034,7.69718
u0008010:i2713180,7.69718
u0008010:i2832470,7.69718
u0008010:i2848292,7.69718
u0008010:i2872750,7.69718
u0008010:i2980516,7.69718
u0008010:i3064298,7.69718
u0008010:i3138558,7.69718
u0008010:i3152624,7.69718
u0008010:i3253930,7.69718
u0008034:i0816692,6.65571
u0008034:i2909116,6.65571
u0008034:i2980516,6.65571
u0008034:i3236120,6.65571
u0008052:i1065073,6.89439
u0008052:i1100089,6.89439
u0008052:i1843866,6.89439
u0008052:i2084970,6.89439
u0008052:i2179136,6.89439
u0008052:i2267998,6.89439
u0008052:i2278388,6.89439
u0008052:i2294449,6.89439
u0008052:i2562232,6.89439
u0008052:i2820852,6.89439
u0008052:i2872718,6.89439
u0008052:i2980516,6.89439
u0008052:i4229236,6.89439
u0008067:i0119217,7.58099
u0008067:i2582802,7.58099
u0008067:i2637276,7.58099
u0008067:i2872718,7.58099
u0008067:i3168230,7.58099
u0008073:i0111161,6.70622
u0008073:i0137523,6.70622
u0008073:i0209144,6.70622
u0008073:i0361748,6.70622
u0008073:i0369610,6.70622
u0008073:i0454921,6.70622
u0008073:i0816692,6.70622
u0008073:i0945513,6.70622
u0008073:i0964517,6.70622
u0008073:i1152836,6.70622
u0008073:i1524137,6.70622
u0008073:i1600196,6.70622
u0008073:i1809398,6.70622
u0008073:i1810683,6.70622
u0008073:i1823672,6.70622
u0008073:i1872194,6.70622
u0008073:i2039393,6.70622
u0008073:i2120120,6.70622
u0008073:i2179136,6.70622
u0008073:i2381941,6.70622
u0008073:i2446042,6.70622
u0008073:i2562232,6.70622
u0008073:i2713180,6.70622
u0008073:i2726560,6.70622
u0008073:i2788710,6.70622
u0008073:i2802144,6.70622
u0008073:i2872718,6.70622
u0008073:i3235888,6.70622
u0008086:i0060196,8.10228
u0008086:i0087843,8.10228
u0008086:i0088247,8.10228
u0008086:i0103064,8.10228
u0008086:i0181852,8.10228
u0008086:i0209144,8.10228
u0008086:i0335245,8.10228
u0008086:i0369610,8.10228
u0008086:i0438488,8.10228
u0008086:i0929632,8.10228
u0008086:i1182345,8.10228
u0008086:i1340138,8.10228
u0008086:i1392190,8.10228
u0008086:i1591095,8.10228
u0008086:i1823672,8.10228
u0008086:i2278388,8.10228
u0008086:i2397535,8.10228
u0008086:i2820852,8.10228
u0008114:i0047396,7.92598
u0008114:i0052357,7.92598
u0008114:i0062622,7.92598
u0008114:i0076759,7.92598
u0008114:i0079116,7.92598
u0008114:i0080684,7.92598
u0008114:i0080801,7.92598
u0008114:i0092991,7.92598
u0008114:i0105695,7.92598
u0008114:i0106677,7.92598
u0008114:i0112573,7.92598
u0008114:i0114369,7.92598
u0008114:i0114852,7.92598
u0008114:i0118715,7.92598
u0008114:i0120804,7.92598
u0008114:i0172495,7.92598
u0008114:i0209958,7.92598
u0008114:i0219699,7.92598
u0008114:i0264616,7.92598
u0008114:i0369610,7.92598
u0008114:i0401383,7.92598
u0008114:i0443543,7.92598
u0008114:i0455760,7.92598
u0008114:i0816692,7.92598
u0008114:i0870204,7.92598
u0008114:i1028532,7.92598
u0008114:i1392190,7.92598
u0008114:i1598778,7.92598
u0008114:i1638002,7.92598
u0008114:i1666801,7.92598
u0008114:i1674771,7.92598
u0008114:i1692486,7.92598
u0008114:i1698641,7.92598
u0008114:i1714206,7.92598
u0008114:i1922777,7.92598
u0008114:i1972779,7.92598
u0008114:i2180411,7.92598
u0008114:i2205401,7.92598
u0008114:i2209418,7.92598
u0008114:i2322441,7.92598
u0008114:i2446042,7.92598
u0008114:i2562232,7.92598
u0008114:i2582802,7.92598
u0008114:i2582846,7.92598
u0008114:i2785032,7.92598
u0008114:i2820852,7.92598
u0008114:i2872718,7.92598
u0008114:i2980516,7.92598
u0008114:i3214248,7.92598
u0008114:i3409640,7.92598
u0008151:i0470752,6.94041
u0008151:i0478970,6.68826
u0008151:i0884732,6.80551
u0008151:i1216491,6.79672
u0008151:i1291150,7.18276
u0008151:i1398426,7.05873
u0008151:i1528100,7.09088
u0008151:i1666801,6.10229
u0008151:i1821549,6.03089
u0008151:i2034031,6.82441
u0008151:i2039393,7.00918
u0008151:i2125608,5.66789
u0008151:i2199571,6.55462
u0008151:i2321549,7.08105
u0008151:i2376218,6.33557
u0008151:i2381941,6.9466
u0008151:i2395427,6.96537
u0008151:i2751310,4.85148
u0008151:i2788716,6.60717
u0008151:i2802144,6.84781
u0008151:i2870708,6.77827
u0008151:i2980592,6.6926
u0008151:i3203616,6.6454
u0008151:i3318750,6.4849
u0008153:i0045920,7.54403
u0008153:i0049366,7.54403
u0008153:i0051418,7.54403
u0008153:i0054215,7.54403
u0008153:i0055894,7.54403
u0008153:i0063442,7.54403
u0008153:i0063465,7.54403
u0008153:i0063522,7.54403
u0008153:i0065702,7.54403
u0008153:i0066154,7.54403
u0008153:i0066380,7.54403
u0008153:i0067810,7.54403
u0008153:i0067824,7.54403
u0008153:i0067846,7.54403
u0008153:i0067991,7.54403
u0008153:i0068264,7.54403
u0008153:i0068271,7.54403
u0008153:i0068281,7.54403
u0008153:i0068458,7.54403
u0008153:i0068863,7.54403
u0008153:i0069792,7.54403
u0008153:i0070222,7.54403
u0008153:i0070531,7.54403
u0008153:i0070578,7.54403
u0008153:i0070787,7.54403
u0008153:i0071517,7.54403
u0008153:i0072725,7.54403
u0008153:i0072820,7.54403
u0008153:i0073594,7.54403
u0008153:i0074475,7.54403
u0008153:i0075809,7.54403
u0008153:i0076584,7.54403
u0008153:i0077681,7.54403
u0008153:i0077745,7.54403
u0008153:i0077944,7.54403
u0008153:i0078916,7.54403
u0008153:i0079501,7.54403
u0008153:i0080527,7.54403
u0008153:i0081617,7.54403
u0008153:i0082198,7.54403
u0008153:i0082346,7.54403
u0008153:i0082694,7.54403
u0008153:i0085995,7.54403
u0008153:i0087050,7.54403
u0008153:i0087078,7.54403
u0008153:i0087229,7.54403
u0008153:i0087800,7.54403
u0008153:i0087995,7.54403
u0008153:i0088179,7.54403
u0008153:i0088781,7.54403
u0008153:i0092576,7.54403
u0008153:i0093072,7.54403
u0008153:i0093693,7.54403
u0008153:i0093793,7.54403
u0008153:i0093870,7.54403
u0008153:i0094033,7.54403
u0008153:i0094761,7.54403
u0008153:i0094889,7.54403
u0008153:i0095348,7.54403
u0008153:i0095683,7.54403
u0008153:i0096426,7.54403
u0008153:i0097138,7.54403
u0008153:i0098692,7.54403
u0008153:i0099187,7.54403
u0008153:i0099611,7.54403
u0008153:i0099697,7.54403
u0008153:i0100502,7.54403
u0008153:i0101368,7.54403
u0008153:i0101497,7.54403
u0008153:i0101502,7.54403
u0008153:i0105459,7.54403
u0008153:i0105719,7.54403
u0008153:i0105869,7.54403
u0008153:i0110322,7.54403
u0008153:i0110357,7.54403
u0008153:i0111127,7.54403
u0008153:i0111161,7.54403
u0008153:i0114004,7.54403
u0008153:i0118749,7.54403
u0008153:i0119643,7.54403
u0008153:i0120184,7.54403
u0008153:i0138403,7.54403
u0008153:i0180093,7.54403
u0008153:i0245844,7.54403
u0008153:i0276816,7.54403
u0008153:i0310357,7.54403
u0008153:i0320691,7.54403
u0008153:i0350258,7.54403
u0008153:i0361748,7.54403
u0008153:i0386741,7.54403
u0008153:i0395584,7.54403
u0008153:i0411272,7.54403
u0008153:i0418753,7.54403
u0008153:i0432283,7.54403
u0008153:i0450336,7.54403
u0008153:i0454841,7.54403
u0008153:i0456554,7.54403
u0008153:i0758746,7.54403
u0008153:i1038686,7.54403
u0008153:i1077258,7.54403
u0008153:i1100089,7.54403
u0008153:i1119646,7.54403
u0008153:i1149361,7.54403
u0008153:i1160996,7.54403
u0008153:i1210355,7.54403
u0008153:i1234721,7.54403
u0008153:i1259014,7.54403
u0008153:i1375666,7.54403
u0008153:i1392190,7.54403
u0008153:i1491044,7.54403
u0008153:i1502712,7.54403
u0008153:i1525366,7.54403
u0008153:i1529558,7.54403
u0008153:i1591095,7.54403
u0008153:i1640459,7.54403
u0008153:i1661862,7.54403
u0008153:i1783732,7.54403
u0008153:i2072220,7.54403
u0008153:i2268458,7.54403
u0008153:i2345613,7.54403
u0008153:i2375605,7.54403
u0008153:i2378453,7.54403
u0008153:i2883224,7.54403
u0008153:i2933474,7.54403
u0008153:i3214286,7.54403
u0008153:i3235888,7.54403
u0008153:i3986532,7.54403
u0008153:i4137324,7.54403
u0008167:i0369610,7.67
u0008167:i0455944,7.67
u0008167:i0800369,7.67
u0008167:i0983193,7.67
u0008167:i0986264,7.67
u0008167:i1674771,7.67
u0008167:i1823672,7.67
u0008167:i2338151,7.67
u0008167:i2381249,7.67
u0008167:i2395427,7.67
u0008167:i2713180,7.67
u0008168:i1392190,6.58228
u0008168:i1817273,6.58228
u0008168:i2177771,6.58228
u0008168:i2199571,6.58228
u0008168:i2267998,6.58228
u0008168:i2381249,6.58228
u0008168:i2713180,6.58228
u0008168:i2802154,6.58228
u0008168:i2980516,6.58228
u0008181:i2096673,7.50908
u0008181:i2395427,7.50908
u0008181:i2802144,7.50908
u0008181:i2980516,7.50908
u0008187:i1661199,7.50908
u0008187:i2179136,7.50908
u0008187:i2224026,7.50908
u0008187:i2820852,7.50908
u0008187:i3622592,7.50908
u0008206:i0050976,7.51949
u0008206:i0157503,7.51949
u0008206:i0361748,7.51949
u0008206:i0364930,7.51949
u0008206:i0470752,7.51949
u0008206:i1091722,7.51949
u0008206:i1109624,7.51949
u0008206:i1245492,7.51949
u0008206:i1356864,7.51949
u0008206:i1580427,7.51949
u0008206:i1819513,7.51949
u0008206:i2096673,7.51949
u0008206:i2125666,7.51949
u0008206:i2334733,7.51949
u0008206:i2582802,7.51949
u0008206:i2788716,7.51949
u0008206:i2866660,7.51949
u0008206:i2935476,7.51949
u0008206:i3152624,7.51949
u0008206:i3205376,7.51949
u0008206:i3242418,7.51949
u0008206:i3850214,7.51949
u0008206:i3986532,7.51949
u0008238:i0470752,7.2163
u0008238:i1392190,7.2163
u0008238:i1798684,7.2163
u0008238:i1823672,7.2163
u0008238:i1972571,7.2163
u0008238:i2381249,7.2163
u0008238:i3417756,7.2163
u0008238:i3830598,7.2163
u0008239:i0319262,7.92598
u0008239:i0369610,7.92598
u0008239:i0455944,7.92598
u0008239:i0470752,7.92598
u0008239:i0478970,7.92598
u0008239:i0914863,7.92598
u0008239:i1272878,7.92598
u0008239:i1401152,7.92598
u0008239:i1426329,7.92598
u0008239:i1598873,7.92598
u0008239:i1631867,7.92598
u0008239:i1684233,7.92598
u0008239:i1726592,7.92598
u0008239:i1821694,7.92598
u0008239:i1985966,7.92598
u0008239:i2015381,7.92598
u0008239:i2024469,7.92598
u0008239:i2084970,7.92598
u0008239:i2179136,7.92598
u0008239:i2193215,7.92598
u0008239:i2209764,7.92598
u0008239:i2245084,7.92598
u0008239:i2316411,7.92598
u0008239:i2395427,7.92598
u0008239:i2582846,7.92598
u0008239:i2802144,7.92598
u0008239:i2872718,7.92598
u0008253:i0049223,7.21041
u0008253:i0091474,7.21041
u0008253:i0108052,7.21041
u0008253:i0120623,7.21041
u0008253:i0327056,7.21041
u0008253:i0369610,7.21041
u0008253:i0408306,7.21041
u0008253:i0470752,7.21041
u0008253:i1784538,7.21041
u0008253:i2321549,7.21041
u0008253:i2752772,7.21041
u0008320:i0325980,6.77823
u0008320:i1392190,6.77823
u0008320:i1524930,6.77823
u0008320:i1781922,6.77823
u0008320:i2039393,6.77823
u0008320:i2084970,6.77823
u0008320:i2126355,6.77823
u0008320:i2179136,6.77823
u0008320:i2199571,6.77823
u0008320:i2395427,6.77823
u0008320:i2446042,6.77823
u0008320:i2802144,6.77823
u0008320:i2820852,6.77823
u0008320:i2908446,6.77823
u0008320:i2917388,6.77823
u0008320:i3247714,6.77823
u0008320:i3863552,6.77823
u0008340:i0816692,6.86126
u0008340:i2582802,6.86126
u0008340:i2872718,6.86126
u0008350:i2084970,7.80234
u0008350:i2267998,7.80234
u0008350:i2350496,7.80234
u0008350:i2562232,7.80234
u0008350:i2872718,7.80234
u0008382:i0884732,7.89127
u0008382:i1398426,7.89127
u0008382:i2039393,7.89127
u0008382:i2230358,7.89127
u0008382:i2515034,7.89127
u0008382:i2561572,7.89127
u0008382:i2637276,7.89127
u0008382:i2820852,7.89127
u0008382:i3746298,7.89127
u0008389:i1877832,6.38333
u0008389:i2084970,6.38333
u0008389:i2381249,6.38333
u0008389:i2582802,6.38333
u0008389:i3316960,6.38333
u0008390:i0435651,7.93666
u0008390:i2395427,7.93666
u0008390:i2908446,7.93666
u0008424:i1014763,7.67
u0008424:i2338151,7.67
u0008424:i2872718,7.67
u0008451:i0470752,6.401
u0008451:i0816692,6.401
u0008451:i1519461,6.401
u0008451:i1617661,6.401
u0008451:i2965412,6.401
u0008451:i3099498,6.401
u0008451:i3612616,6.401
u0008467:i0017925,7.78172
u0008467:i0062711,7.78172
u0008467:i0074285,7.78172
u0008467:i0074812,7.78172
u0008467:i0074958,7.78172
u0008467:i0084787,7.78172
u0008467:i0086250,7.78172
u0008467:i0245429,7.78172
u0008467:i0369610,7.78172
u0008467:i1055369,7.78172
u0008467:i1234719,7.78172
u0008467:i1262981,7.78172
u0008467:i1349451,7.78172
u0008467:i1392190,7.78172
u0008467:i1596365,7.78172
u0008467:i1617661,7.78172
u0008467:i1911658,7.78172
u0008467:i1951265,7.78172
u0008467:i1964418,7.78172
u0008467:i1990314,7.78172
u0008467:i2096672,7.78172
u0008467:i2096673,7.78172
u0008467:i2179116,7.78172
u0008467:i2179136,7.78172
u0008467:i2245084,7.78172
u0008467:i2294677,7.78172
u0008467:i2322441,7.78172
u0008467:i2358891,7.78172
u0008467:i2395427,7.78172
u0008467:i2872718,7.78172
u0008467:i3169706,7.78172
u0008476:i1065073,6.99179
u0008476:i1809398,6.90517
u0008476:i2084970,6.88091
u0008476:i2179136,7.02759
u0008476:i2310332,6.85386
u0008476:i2562232,7.01018
u0008510:i1065073,7.77676
u0008510:i2278388,7.77676
u0008510:i2562232,7.77676
u0008514:i0107614,7.50908
u0008514:i1065073,7.50908
u0008514:i1100089,7.50908
u0008514:i1392190,7.50908
u0008514:i2322441,7.50908
u0008514:i2562232,7.50908
u0008514:i2872718,7.50908
u0008558:i0076752,8.08333
u0008558:i0369610,8.08333
u0008558:i0816692,8.08333
u0008558:i2096673,8.08333
u0008558:i2279373,8.08333
u0008558:i2395427,8.08333
u0008561:i0100507,7.92598
u0008561:i0109830,7.92598
u0008561:i0117500,7.92598
u0008561:i0120667,7.92598
u0008561:i0163651,7.92598
u0008561:i0198781,7.92598
u0008561:i0283534,7.92598
u0008561:i0298148,7.92598
u0008561:i0328828,7.92598
u0008561:i0351283,7.92598
u0008561:i0362227,7.92598
u0008561:i0438097,7.92598
u0008561:i0441773,7.92598
u0008561:i0458339,7.92598
u0008561:i0472399,7.92598
u0008561:i0479952,7.92598
u0008561:i0486576,7.92598
u0008561:i0811138,7.92598
u0008561:i1086772,7.92598
u0008561:i1232829,7.92598
u0008561:i1285016,7.92598
u0008561:i1345836,7.92598
u0008561:i1483013,7.92598
u0008561:i1715873,7.92598
u0008561:i1800241,7.92598
u0008561:i1826590,7.92598
u0008561:i1872181,7.92598
u0008561:i1893256,7.92598
u0008561:i1905041,7.92598
u0008561:i1925431,7.92598
u0008561:i1956620,7.92598
u0008561:i2024469,7.92598
u0008561:i2446042,7.92598
u0008561:i2463288,7.92598
u0008561:i2883512,7.92598
u0008561:i2911666,7.92598
u0008562:i1243974,6.2428
u0008562:i1821549,6.21365
u0008562:i1921149,6.50471
u0008562:i2624412,5.86482
u0008562:i2948790,5.4633
u0008562:i3534602,5.71755
u0008562:i3813310,5.74734
u0008564:i1336608,7.50908
u0008564:i1790886,7.50908
u0008564:i2194499,7.50908
u0008564:i2215151,7.50908
u0008564:i2234003,7.50908
u0008564:i2562232,7.50908
u0008564:i2911666,7.50908
u0008564:i2937898,7.50908
u0008568:i0112471,7.31486
u0008568:i0365907,7.31486
u0008568:i0402910,7.31486
u0008568:i0455944,7.31486
u0008568:i0465538,7.31486
u0008568:i1013743,7.31486
u0008568:i1086772,7.31486
u0008568:i1135084,7.31486
u0008568:i1198138,7.31486
u0008568:i1198156,7.31486
u0008568:i1440732,7.31486
u0008568:i1674784,7.31486
u0008568:i1790885,7.31486
u0008568:i2011159,7.31486
u0008568:i2039345,7.31486
u0008568:i2084970,7.31486
u0008568:i2199571,7.31486
u0008568:i2244901,7.31486
u0008568:i2267998,7.31486
u0008568:i2304953,7.31486
u0008568:i2397535,7.31486
u0008568:i2404181,7.31486
u0008568:i2446042,7.31486
u0008568:i2556874,7.31486
u0008568:i2582846,7.31486
u0008568:i2802144,7.31486
u0008568:i2870756,7.31486
u0008568:i2980516,7.31486
u0008568:i3321300,7.31486
u0008593:i0898367,8.52381
u0008593:i1984153,8.52381
u0008593:i2366608,8.52381
u0008593:i2388715,8.52381
u0008593:i2570858,8.52381
u0008593:i2793490,8.52381
u0008597:i0421715,5.67224
u0008597:i1259521,4.47988
u0008597:i1272878,6.44267
u0008597:i1306980,5.77797
u0008597:i2096673,6.91162
u0008597:i2820852,6.78768
u0008597:i2848292,6.79624
u0008613:i0309698,6.28372
u0008613:i1401152,6.6371
u0008613:i2126355,6.96459
u0008625:i0102536,6.61541
u0008625:i0118849,4.85918
u0008625:i0363303,0
u0008625:i0405094,6.29192
u0008625:i0424227,1.76156
u0008625:i1186830,5.83668
u0008625:i1568346,5.7685
u0008625:i1764183,6.77372
u0008625:i2562232,7.01759
u0008625:i2884206,6.76184
u0008625:i2991224,6.27467
u0008628:i0041959,7.68723
u0008628:i0066473,7.68723
u0008628:i0310793,7.68723
u0008628:i2170593,7.68723
u0008628:i2395427,7.68723
u0008628:i2582802,7.68723
u0008638:i0421715,7.61124
u0008638:i1216491,7.61124
u0008638:i1772250,7.61124
u0008638:i1850397,7.61124
u0008638:i1872194,7.61124
u0008638:i2273657,7.61124
u0008665:i1282140,6.69091
u0008665:i2446042,6.69091
u0008665:i2717822,6.69091
u0008675:i1392190,7.42981
u0008675:i2235108,7.42981
u0008675:i2630916,7.42981
u0008675:i3125324,7.42981
u0008688:i1809398,6.89727
u0008688:i2084970,6.89727
u0008688:i2446042,6.89727
u0008688:i4557014,6.89727
u0008700:i0369610,6.65571
u0008700:i0470752,6.65571
u0008700:i0780511,6.65571
u0008700:i0816692,6.65571
u0008700:i1100089,6.65571
u0008700:i1198156,6.65571
u0008700:i1335975,6.65571
u0008700:i1528100,6.65571
u0008700:i1626146,6.65571
u0008700:i1823672,6.65571
u0008700:i2096672,6.65571
u0008700:i2097298,6.65571
u0008700:i2170593,6.65571
u0008700:i2245084,6.65571
u0008700:i2247476,6.65571
u0008700:i2261331,6.65571
u0008700:i2381249,6.65571
u0008700:i2381941,6.65571
u0008700:i2404425,6.65571
u0008700:i2446042,6.65571
u0008700:i2493486,6.65571
u0008700:i2561572,6.65571
u0008700:i2562232,6.65571
u0008700:i2582802,6.65571
u0008700:i2872718,6.65571
u0008700:i2911666,6.65571
u0008700:i2937898,6.65571
u0008700:i2980516,6.65571
u0008700:i3007512,6.65571
u0008700:i3203616,6.65571
u0008700:i3233418,6.65571
u0008700:i3235888,6.65571
u0008700:i3442006,6.65571
u0008711:i0352248,5.54188
u0008711:i0482571,4.81381
u0008711:i1392190,6.72907
u0008711:i1872194,7.08049
u0008711:i2084970,6.88804
u0008711:i2820852,6.79663
u0008711:i3079380,6.69131
u0008731:i1638355,6.89727
u0008731:i2084970,6.89727
u0008731:i2322441,6.89727
u0008731:i2820852,6.89727
u0008755:i0272020,7.18646
u0008755:i0450259,7.18646
u0008755:i0840361,7.18646
u0008755:i0947798,7.18646
u0008755:i2446042,7.18646
u0008755:i2562232,7.18646
u0008763:i1205489,5.93265
u0008763:i1219289,6.555
u0008763:i1242422,3.5514
u0008763:i1392190,6.73476
u0008763:i3042408,5.77878
u0008763:i3079380,6.70739
u0008766:i0359950,7.60697
u0008766:i0369610,7.60697
u0008766:i0469021,7.60697
u0008766:i0478970,7.60697
u0008766:i0780548,7.60697
u0008766:i0903624,7.60697
u0008766:i1086772,7.60697
u0008766:i1235522,7.60697
u0008766:i1288558,7.60697
u0008766:i1321511,7.60697
u0008766:i1408253,7.60697
u0008766:i1491044,7.60697
u0008766:i1496422,7.60697
u0008766:i1531901,7.60697
u0008766:i1549920,7.60697
u0008766:i1587310,7.60697
u0008766:i1588173,7.60697
u0008766:i1647668,7.60697
u0008766:i1649419,7.60697
u0008766:i1659337,7.60697
u0008766:i1661382,7.60697
u0008766:i1673434,7.60697
u0008766:i1684233,7.60697
u0008766:i1798684,7.60697
u0008766:i1800241,7.60697
u0008766:i1821549,7.60697
u0008766:i1826590,7.60697
u0008766:i1872818,7.60697
u0008766:i1893256,7.60697
u0008766:i1921070,7.60697
u0008766:i1931533,7.60697
u0008766:i1967545,7.60697
u0008766:i1979320,7.60697
u0008766:i1981115,7.60697
u0008766:i1981140,7.60697
u0008766:i1989475,7.60697
u0008766:i2040560,7.60697
u0008766:i2053463,7.60697
u0008766:i2126355,7.60697
u0008766:i2203939,7.60697
u0008766:i2244901,7.60697
u0008766:i2387433,7.60697
u0008766:i2389182,7.60697
u0008766:i2446600,7.60697
u0008766:i2557490,7.60697
u0008788:i0088847,5.34406
u0008788:i0816692,6.60982
u0008788:i1020072,7.26357
u0008788:i2084970,6.89518
u0008788:i2179136,7.03515
u0008815:i0961097,7.64052
u0008815:i1709143,7.64052
u0008815:i2321549,7.64052
u0008815:i3235888,7.64052
u0008830:i0309698,6.50814
u0008830:i0758774,5.69564
u0008830:i0926084,4.19609
u0008830:i1020530,4.73997
u0008830:i1024648,5.68847
u0008830:i1201607,5.7959
u0008830:i1243974,6.35841
u0008830:i1258197,4.13358
u0008830:i1392190,6.74045
u0008830:i1486834,6.9296
u0008830:i1563738,5.26288
u0008830:i1655441,6.60258
u0008830:i1666801,6.17408
u0008830:i1683526,5.10729
u0008830:i2101569,7.1756
u0008830:i2325977,5.74525
u0008830:i2493486,6.38237
u0008830:i3236120,5.46741
u0008847:i0105323,4.43271
u0008847:i0111161,5.0798
u0008847:i0407887,5.32996
u0008847:i0482571,4.87324
u0008847:i1345836,4.70382
u0008847:i1375666,5.66735
u0008847:i2199571,6.57803
u0008847:i2713180,7.0407
u0008847:i2820852,6.80558
u0008874:i0110413,7.60697
u0008874:i0110912,7.60697
u0008874:i0208092,7.60697
u0008874:i0264464,7.60697
u0008874:i0359950,7.60697
u0008874:i0361748,7.60697
u0008874:i0448134,7.60697
u0008874:i0449467,7.60697
u0008874:i0453467,7.60697
u0008874:i0454876,7.60697
u0008874:i0478304,7.60697
u0008874:i0816692,7.60697
u0008874:i0840361,7.60697
u0008874:i0864835,7.60697
u0008874:i0914863,7.60697
u0008874:i0970179,7.60697
u0008874:i1010048,7.60697
u0008874:i1100089,7.60697
u0008874:i1130884,7.60697
u0008874:i1187043,7.60697
u0008874:i1188996,7.60697
u0008874:i1212450,7.60697
u0008874:i1276104,7.60697
u0008874:i1323045,7.60697
u0008874:i1398426,7.60697
u0008874:i1617661,7.60697
u0008874:i1646971,7.60697
u0008874:i1698641,7.60697
u0008874:i1735898,7.60697
u0008874:i1781922,7.60697
u0008874:i1798684,7.60697
u0008874:i1809398,7.60697
u0008874:i1823672,7.60697
u0008874:i1872194,7.60697
u0008874:i1924396,7.60697
u0008874:i1966566,7.60697
u0008874:i1979320,7.60697
u0008874:i2245084,7.60697
u0008874:i2338151,7.60697
u0008874:i2395427,7.60697
u0008874:i2562232,7.60697
u0008874:i2582802,7.60697
u0008874:i2872718,7.60697
u0008874:i2884206,7.60697
u0008874:i2980516,7.60697
u0008874:i2980592,7.60697
u0008874:i3042408,7.60697
u0008874:i3316948,7.60697
u0008890:i0477348,6.41765
u0008890:i0499549,6.3405
u0008890:i1872194,7.10262
u0008890:i1951265,6.91147
u0008890:i2199571,6.60152
u0008890:i2381941,6.95923
u0008890:i2562232,7.02501
u0008890:i2802144,6.85428
u0008890:i2908446,6.64193
u0008900:i1661199,7.72229
u0008900:i1840309,7.72229
u0008900:i2096673,7.72229
u0008908:i0455944,6.79502
u0008908:i0470752,6.79502
u0008908:i1392190,6.79502
u0008908:i1587310,6.79502
u0008908:i1823672,6.79502
u0008908:i1951265,6.79502
u0008908:i2084970,6.79502
u0008908:i2179136,6.79502
u0008908:i2278388,6.79502
u0008908:i2310332,6.79502
u0008908:i2820852,6.79502
u0008908:i2980516,6.79502
u0008930:i0083987,5.43617
u0008930:i0369610,6.86655
u0008930:i2084970,6.90233
u0008930:i2381249,6.84273
u0008930:i2908446,6.66038
u0008937:i0369610,7.60697
u0008937:i0478970,7.60697
u0008937:i1029360,7.60697
u0008937:i1340138,7.60697
u0008937:i1392190,7.60697
u0008937:i1881002,7.60697
u0008937:i2179136,7.60697
u0008937:i2267998,7.60697
u0008937:i2293640,7.60697
u0008937:i2637276,7.60697
u0008937:i3195644,7.60697
u0008942:i1631867,7.41959
u0008942:i1877832,7.41959
u0008942:i2015381,7.41959
u0008942:i2582802,7.41959
u0008942:i2713180,7.41959
u0008942:i2820852,7.41959
u0008942:i2872718,7.41959
u0008942:i2911666,7.41959
u0008955:i0079501,8.33679
u0008955:i0082694,8.33679
u0008955:i0093779,8.33679
u0008955:i0095953,8.33679
u0008955:i0108473,8.33679
u0008955:i0114681,8.33679
u0008955:i0118884,8.33679
u0008955:i0369610,8.33679
u0008955:i0470752,8.33679
u0008955:i1019452,8.33679
u0008955:i1065073,8.33679
u0008955:i1179034,8.33679
u0008955:i1187064,8.33679
u0008955:i1216491,8.33679
u0008955:i1340138,8.33679
u0008955:i1392190,8.33679
u0008955:i1457767,8.33679
u0008955:i1528100,8.33679
u0008955:i1592292,8.33679
u0008955:i1617661,8.33679
u0008955:i1638355,8.33679
u0008955:i1655441,8.33679
u0008955:i1714915,8.33679
u0008955:i1726592,8.33679
u0008955:i1772264,8.33679
u0008955:i1791682,8.33679
u0008955:i1809398,8.33679
u0008955:i1823672,8.33679
u0008955:i1850397,8.33679
u0008955:i1865505,8.33679
u0008955:i1872194,8.33679
u0008955:i1881002,8.33679
u0008955:i1911658,8.33679
u0008955:i1921149,8.33679
u0008955:i1922777,8.33679
u0008955:i1925421,8.33679
u0008955:i1972571,8.33679
u0008955:i1979320,8.33679
u0008955:i2039393,8.33679
u0008955:i2084970,8.33679
u0008955:i2096672,8.33679
u0008955:i2120120,8.33679
u0008955:i2179136,8.33679
u0008955:i2180411,8.33679
u0008955:i2190483,8.33679
u0008955:i2265171,8.33679
u0008955:i2275946,8.33679
u0008955:i2293640,8.33679
u0008955:i2322441,8.33679
u0008955:i2326554,8.33679
u0008955:i2345737,8.33679
u0008955:i2381249,8.33679
u0008955:i2381941,8.33679
u0008955:i2395427,8.33679
u0008955:i2402101,8.33679
u0008955:i2414766,8.33679
u0008955:i2436386,8.33679
u0008955:i2446042,8.33679
u0008955:i2515034,8.33679
u0008955:i2562232,8.33679
u0008955:i2582802,8.33679
u0008955:i2582846,8.33679
u0008955:i2637276,8.33679
u0008955:i2669336,8.33679
u0008955:i2692250,8.33679
u0008955:i2785032,8.33679
u0008955:i2802154,8.33679
u0008955:i2820852,8.33679
u0008955:i2872718,8.33679
u0008955:i2872750,8.33679
u0008955:i2884206,8.33679
u0008955:i2908446,8.33679
u0008955:i2911666,8.33679
u0008955:i2937898,8.33679
u0008955:i2967224,8.33679
u0008955:i3007512,8.33679
u0008955:i3045616,8.33679
u0008955:i3079380,8.33679
u0008955:i3086442,8.33679
u0008955:i3136646,8.33679
u0008955:i3235888,8.33679
u0008955:i3472226,8.33679
u0008955:i3560686,8.33679
u0008955:i3713166,8.33679
u0008955:i4044364,8.33679
u0008972:i0109830,5.66382
u0008972:i0298203,4.82441
u0008972:i0478087,4.87807
u0008972:i0848228,6.27319
u0008972:i1156398,6.55432
u0008972:i1187043,5.23077
u0008972:i1232829,6.3609
u0008972:i1250777,6.20765
u0008972:i1345836,4.79982
u0008972:i1375666,5.73819
u0008972:i1591095,5.68147
u0008972:i1596365,5.37229
u0008972:i1646987,5.15925
u0008972:i1711425,5.3012
u0008972:i1790864,6.74864
u0008972:i1843866,6.5173
u0008972:i1951264,5.73047
u0008972:i2015381,6.64279
u0008972:i2229499,6.59157
u0008972:i2245084,7.10713
u0008972:i2267998,6.74174
u0008972:i2278388,6.693
u0008972:i2294449,6.90382
u0008972:i2562232,7.03243
u0008972:i2788710,7.13026
u0008972:i2980516,7.01513
u0008996:i1840309,7.52882
u0008996:i1877832,7.52882
u0008996:i2562232,7.52882
u0008996:i3013610,7.52882
u0008996:i3312830,7.52882
u0008996:i3705388,7.52882
u0008999:i1340138,7.33567
u0008999:i1392190,7.33567
u0008999:i2199571,7.33567
u0008999:i2395427,7.33567
u0008999:i2398231,7.33567
u0008999:i2820852,7.33567
u0009004:i1666801,6.24672
u0009004:i1809398,6.93194
u0009004:i1823672,6.93781
u0009004:i1837703,6.53969
u0009004:i2179136,7.04273
u0009004:i2278388,6.71743
u0009004:i2395427,6.97292
u0009004:i2436386,6.87232
u0009004:i2717822,6.92666
u0009004:i3164198,6.10025
u0009034:i0369610,6.87402
u0009034:i0470752,6.95239
u0009034:i2096673,6.92671
u0009034:i2381249,6.85497
u0009034:i3079380,6.72352
u0009067:i1334260,3.89321
u0009067:i1972779,7.01367
u0009067:i2234003,7.42459
u0009075:i2278388,7.60697
u0009075:i2582802,7.60697
u0009075:i2980516,7.60697
u0009093:i1109624,6.65357
u0009093:i2302966,6.65357
u0009093:i3848892,6.65357
u0009111:i0458413,6.68241
u0009111:i0470752,6.68241
u0009111:i1490017,6.68241
u0009111:i1964418,6.68241
u0009111:i2179136,6.68241
u0009132:i1323594,7.67
u0009132:i1981677,7.67
u0009132:i2084970,7.67
u0009132:i2872718,7.67
u0009132:i3235888,7.67
u0009136:i0369610,6.68224
u0009136:i2582802,6.68224
u0009136:i4382552,6.68224
u0009136:i4668758,6.68224
u0009153:i0134618,7.10143
u0009153:i0329028,7.10143
u0009153:i0359950,7.10143
u0009153:i0369610,7.10143
u0009153:i0377818,7.10143
u0009153:i0864835,7.10143
u0009153:i1210819,7.10143
u0009153:i1288558,7.10143
u0009153:i1392190,7.10143
u0009153:i1408253,7.10143
u0009153:i1454468,7.10143
u0009153:i1509788,7.10143
u0009153:i1645155,7.10143
u0009153:i1858481,7.10143
u0009153:i2084970,7.10143
u0009153:i2193215,7.10143
u0009153:i2199571,7.10143
u0009153:i2224026,7.10143
u0009153:i2325518,7.10143
u0009153:i2381941,7.10143
u0009153:i2387559,7.10143
u0009153:i2395427,7.10143
u0009153:i2561572,7.10143
u0009153:i2802144,7.10143
u0009153:i2820852,7.10143
u0009153:i2872732,7.10143
u0009153:i3045616,7.10143
u0009153:i3247714,7.10143
u0009162:i2170593,6.70622
u0009162:i2199571,6.70622
u0009162:i3079380,6.70622
u0009166:i1065073,7.38615
u0009166:i2293640,7.38615
u0009166:i2345737,7.38615
u0009166:i2582802,7.38615
u0009168:i0313542,7.43514
u0009168:i0369610,7.43514
u0009168:i0478970,7.43514
u0009168:i1029360,7.43514
u0009168:i1340138,7.43514
u0009168:i1502712,7.43514
u0009168:i1567437,7.43514
u0009168:i1638355,7.43514
u0009168:i1655441,7.43514
u0009168:i1661199,7.43514
u0009168:i1791682,7.43514
u0009168:i1837562,7.43514
u0009168:i2273657,7.43514
u0009168:i2322441,7.43514
u0009168:i2358925,7.43514
u0009168:i2381249,7.43514
u0009168:i2395427,7.43514
u0009168:i2404425,7.43514
u0009168:i2452200,7.43514
u0009168:i2561572,7.43514
u0009168:i2637276,7.43514
u0009168:i2726560,7.43514
u0009168:i2752772,7.43514
u0009168:i2788710,7.43514
u0009168:i2802144,7.43514
u0009168:i2848292,7.43514
u0009168:i2908446,7.43514
u0009168:i2967224,7.43514
u0009168:i3079380,7.43514
u0009168:i3168230,7.43514
u0009168:i3181822,7.43514
u0009168:i3235888,7.43514
u0009168:i3321300,7.43514
u0009168:i4660980,7.43514
u0009171:i0088847,7.67
u0009171:i0970179,7.67
u0009171:i1065073,7.67
u0009188:i0031381,7.64712
u0009188:i0117705,7.64712
u0009188:i1020072,7.64712
u0009188:i1659337,7.64712
u0009188:i2004420,7.64712
u0009188:i2267998,7.64712
u0009188:i2358891,7.64712
u0009188:i2802144,7.64712
u0009188:i2883512,7.64712
u0009188:i2980516,7.64712
u0009188:i3547740,7.64712
u0009198:i0120735,4.09855
u0009198:i2203939,6.70366
u0009198:i2562232,7.03987
u0009221:i1242422,3.77337
u0009221:i1877832,6.5874
u0009221:i2802144,6.86075
u0009222:i0042332,3.63756
u0009222:i0050083,5.45883
u0009222:i0053291,3.66822
u0009222:i0056172,6.03398
u0009222:i0059113,5.16988
u0009222:i0066921,5.94766
u0009222:i0073486,5.59647
u0009222:i0087803,4.96487
u0009222:i0094737,5.56145
u0009222:i0099487,4.11159
u0009222:i0103767,3.76051
u0009222:i0105323,4.59102
u0009222:i0107818,6.2654
u0009222:i0108052,6.35791
u0009222:i0109707,6.70806
u0009222:i0109830,5.75096
u0009222:i0110357,6.04549
u0009222:i0111161,5.14252
u0009222:i0112573,5.86807
u0009222:i0114369,5.12355
u0009222:i0114709,5.41522
u0009222:i0118715,6.48272
u0009222:i0118971,5.60666
u0009222:i0119217,6.11417
u0009222:i0120338,4.7567
u0009222:i0120382,5.26985
u0009222:i0120586,5.74853
u0009222:i0120689,4.78868
u0009222:i0120789,5.4972
u0009222:i0120815,6.19342
u0009222:i0137523,5.79872
u0009222:i0142342,3.86488
u0009222:i0144084,5.50195
u0009222:i0162222,6.34671
u0009222:i0180093,6.09489
u0009222:i0190590,5.23878
u0009222:i0196229,6.61504
u0009222:i0198781,5.9267
u0009222:i0209144,5.7458
u0009222:i0238936,0
u0009222:i0246578,6.11568
u0009222:i0264464,5.66371
u0009222:i0266697,5.52861
u0009222:i0268978,5.38856
u0009222:i0298203,5.09243
u0009222:i0338013,5.59396
u0009222:i0338751,6.63463
u0009222:i0356910,5.6003
u0009222:i0358273,6.19617
u0009222:i0359950,7.26232
u0009222:i0360717,4.87229
u0009222:i0361748,5.91907
u0009222:i0362227,6.30387
u0009222:i0364569,5.57729
u0009222:i0367594,6.03608
u0009222:i0407887,5.41593
u0009222:i0408236,5.34792
u0009222:i0414993,5.40805
u0009222:i0421715,5.82981
u0009222:i0424136,6.29031
u0009222:i0434409,6.40314
u0009222:i0435761,5.85178
u0009222:i0443706,6.65755
u0009222:i0449994,0
u0009222:i0450259,5.49178
u0009222:i0454921,4.82596
u0009222:i0458352,5.90236
u0009222:i0468569,5.25942
u0009222:i0471042,2.33848
u0009222:i0482571,4.9334
u0009222:i0485947,5.12898
u0009222:i0493464,5.05265
u0009222:i0758774,6.07535
u0009222:i0770802,4.79162
u0009222:i0790636,7.17805
u0009222:i0795421,6.07623
u0009222:i0796366,6.96004
u0009222:i0800080,5.955
u0009222:i0808151,6.10673
u0009222:i0816692,6.6194
u0009222:i0816711,6.16007
u0009222:i0821642,0
u0009222:i0825232,5.77456
u0009222:i0829482,5.01864
u0009222:i0838221,6.41123
u0009222:i0841046,0
u0009222:i0848228,6.40388
u0009222:i0887912,6.57545
u0009222:i0910936,6.55969
u0009222:i0910970,6.04137
u0009222:i0929632,4.99855
u0009222:i0942385,6.76673
u0009222:i0947798,5.27285
u0009222:i0960144,3.80348
u0009222:i0964517,5.60975
u0009222:i1010048,5.05986
u0009222:i1014759,4.36944
u0009222:i1045658,6.72971
u0009222:i1077368,4.76621
u0009222:i1078940,0
u0009222:i1086772,6.56739
u0009222:i1111422,6.44064
u0009222:i1130884,5.20722
u0009222:i1148204,5.84164
u0009222:i1152836,5.33329
u0009222:i1166100,4.89124
u0009222:i1182345,5.87479
u0009222:i1187043,5.41758
u0009222:i1191111,5.81241
u0009222:i1201607,6.08569
u0009222:i1210819,6.85254
u0009222:i1220719,3.02098
u0009222:i1226229,6.43007
u0009222:i1231583,4.59465
u0009222:i1232200,3.49658
u0009222:i1234548,5.82848
u0009222:i1240982,4.56537
u0009222:i1243957,5.64548
u0009222:i1245492,6.42623
u0009222:i1276104,5.79286
u0009222:i1298649,6.46721
u0009222:i1318514,6.83092
u0009222:i1333125,6.09965
u0009222:i1343092,5.50126
u0009222:i1345836,4.89777
u0009222:i1371111,7.11387
u0009222:i1375670,6.03793
u0009222:i1392190,6.74615
u0009222:i1454029,5.7227
u0009222:i1454468,6.04163
u0009222:i1483013,6.22249
u0009222:i1486185,6.34926
u0009222:i1504320,6.34367
u0009222:i1515091,6.5003
u0009222:i1528100,7.13027
u0009222:i1588170,6.13991
u0009222:i1615147,5.31751
u0009222:i1616195,4.24297
u0009222:i1631867,7.04758
u0009222:i1661199,6.95208
u0009222:i1670345,6.60708
u0009222:i1675434,5.91612
u0009222:i1707386,6.64075
u0009222:i1758830,6.66525
u0009222:i1787988,0
u0009222:i1791528,7.12275
u0009222:i1800241,6.90904
u0009222:i1810683,6.55863
u0009222:i1823672,6.95283
u0009222:i1853728,5.05627
u0009222:i1865505,6.71996
u0009222:i1872194,7.12481
u0009222:i1877832,6.67079
u0009222:i2015381,6.68354
u0009222:i2084970,6.90948
u0009222:i2101441,5.66101
u0009222:i2140373,6.67563
u0009222:i2179136,7.0503
u0009222:i2180411,6.8951
u0009222:i2191701,6.71106
u0009222:i2199571,6.6251
u0009222:i2245084,7.12228
u0009222:i2267998,6.75835
u0009222:i2279373,6.95004
u0009222:i2334879,5.73708
u0009222:i2338151,6.73305
u0009222:i2381941,6.97189
u0009222:i2558318,4.05262
u0009222:i2582802,7.01729
u0009222:i2713180,7.05821
u0009222:i2802144,6.86723
u0009222:i2872732,6.83389
u0009222:i2883512,6.94923
u0009222:i3203616,6.70868
u0009222:i3316960,6.97257
u0009222:i3438640,4.1684
u0009222:i3461252,5.91906
u0009235:i0015864,7.50908
u0009235:i0046438,7.50908
u0009235:i0051201,7.50908
u0009235:i0062622,7.50908
u0009235:i0073195,7.50908
u0009235:i0103882,7.50908
u0009235:i0112384,7.50908
u0009235:i0157016,7.50908
u0009235:i0451094,7.50908
u0009235:i0470752,7.50908
u0009235:i0787474,7.50908
u0009235:i0790724,7.50908
u0009235:i1020072,7.50908
u0009235:i1065073,7.50908
u0009235:i1109624,7.50908
u0009235:i1114740,7.50908
u0009235:i1234721,7.50908
u0009235:i1321870,7.50908
u0009235:i1392190,7.50908
u0009235:i1531924,7.50908
u0009235:i1661199,7.50908
u0009235:i1723121,7.50908
u0009235:i1872194,7.50908
u0009235:i1911658,7.50908
u0009235:i1925421,7.50908
u0009235:i1951265,7.50908
u0009235:i1964418,7.50908
u0009235:i2011971,7.50908
u0009235:i2084970,7.50908
u0009235:i2096673,7.50908
u0009235:i2109248,7.50908
u0009235:i2179136,7.50908
u0009235:i2180411,7.50908
u0009235:i2279373,7.50908
u0009235:i2294449,7.50908
u0009235:i2310332,7.50908
u0009235:i2321549,7.50908
u0009235:i2381941,7.50908
u0009235:i2395427,7.50908
u0009235:i2397535,7.50908
u0009235:i2446042,7.50908
u0009235:i2562232,7.50908
u0009235:i2582802,7.50908
u0009235:i2692250,7.50908
u0009235:i2692904,7.50908
u0009235:i2713180,7.50908
u0009235:i2718492,7.50908
u0009235:i2737050,7.50908
u0009235:i2788710,7.50908
u0009235:i2802144,7.50908
u0009235:i2872718,7.50908
u0009235:i2911666,7.50908
u0009235:i2980516,7.50908
u0009235:i2980648,7.50908
u0009235:i3316960,7.50908
u0009235:i3547740,7.50908
u0009235:i3720788,7.50908
u0009238:i1109624,6.79276
u0009238:i1247690,6.79276
u0009238:i1626146,6.79276
u0009238:i2034031,6.79276
u0009238:i2245084,6.79276
u0009238:i2322441,6.79276
u0009238:i2381941,6.79276
u0009238:i2820852,6.79276
u0009238:i3128900,6.79276
u0009247:i0112641,7.16499
u0009247:i0369702,7.16499
u0009247:i0457430,7.16499
u0009247:i0780536,7.16499
u0009275:i0369610,6.71067
u0009275:i0458481,6.71067
u0009275:i0470752,6.71067
u0009275:i0478970,6.71067
u0009275:i1121096,6.71067
u0009275:i1340138,6.71067
u0009275:i1392190,6.71067
u0009275:i1462758,6.71067
u0009275:i1502712,6.71067
u0009275:i1617661,6.71067
u0009275:i2015381,6.71067
u0009275:i2120120,6.71067
u0009275:i2179136,6.71067
u0009275:i2245084,6.71067
u0009275:i2582802,6.71067
u0009275:i2820852,6.71067
u0009275:i2908446,6.71067
u0009307:i2436386,6.92176
u0009307:i2637294,7.17866
u0009307:i2802144,6.87372
u0009406:i0038650,6.03341
u0009406:i0050083,5.55808
u0009406:i0051201,5.97303
u0009406:i0059578,4.82185
u0009406:i0060196,6.03656
u0009406:i0064116,6.22413
u0009406:i0068646,4.87346
u0009406:i0071562,5.06906
u0009406:i0073486,5.74374
u0009406:i0075148,5.51406
u0009406:i0075314,6.07797
u0009406:i0086250,4.89787
u0009406:i0087843,5.26925
u0009406:i0088247,6.01392
u0009406:i0099685,6.32176
u0009406:i0101414,6.40426
u0009406:i0102926,5.65986
u0009406:i0103939,6.42661
u0009406:i0105323,4.75499
u0009406:i0105695,5.3141
u0009406:i0106856,6.4147
u0009406:i0107290,6.17755
u0009406:i0108052,6.5449
u0009406:i0109830,5.83944
u0009406:i0110413,5.21679
u0009406:i0110912,5.59413
u0009406:i0111161,5.206
u0009406:i0112573,6.10279
u0009406:i0112641,5.34688
u0009406:i0113277,6.43323
u0009406:i0114369,5.18312
u0009406:i0114814,5.39537
u0009406:i0118799,5.87413
u0009406:i0119038,5.99302
u0009406:i0119217,6.27507
u0009406:i0120338,4.93965
u0009406:i0120586,5.8635
u0009406:i0120689,4.98821
u0009406:i0169547,6.09865
u0009406:i0172495,5.59637
u0009406:i0180093,6.22186
u0009406:i0198781,6.25596
u0009406:i0208092,6.12705
u0009406:i0209144,5.82789
u0009406:i0253474,5.23489
u0009406:i0264464,5.78422
u0009406:i0268978,5.47276
u0009406:i0317740,5.79505
u0009406:i0338013,5.69951
u0009406:i0363163,5.60472
u0009406:i0380389,5.76227
u0009406:i0380599,0
u0009406:i0396171,5.95115
u0009406:i0405159,5.63693
u0009406:i0407887,5.50328
u0009406:i0435761,6.30191
u0009406:i0443706,6.7907
u0009406:i0450259,5.66893
u0009406:i0461770,4.28912
u0009406:i0472399,6.21846
u0009406:i0477348,6.546
u0009406:i0482571,4.99431
u0009406:i0758758,6.07134
u0009406:i0892769,6.16394
u0009406:i0910970,6.377
u0009406:i0944835,5.53703
u0009406:i0978762,3.43979
u0009406:i0993846,6.72304
u0009406:i1010048,5.32617
u0009406:i1024648,5.82076
u0009406:i1049413,4.96357
u0009406:i1109624,7.01568
u0009406:i1130884,5.28612
u0009406:i1187043,5.61106
u0009406:i1392214,5.98289
u0009406:i1458175,4.83772
u0009406:i1600196,6.89037
u0009406:i1670345,6.76439
u0009406:i1675434,6.01991
u0009406:i1698641,6.94771
u0009406:i1853728,5.1228
u0009406:i1911644,5.35624
u0009406:i2005374,6.58301
u0009406:i2024544,6.44261
u0009406:i2082197,3.39591
u0009406:i2084970,6.91664
u0009406:i2096672,7.07436
u0009406:i2179136,7.05789
u0009406:i2224026,6.93674
u0009406:i2245084,7.13747
u0009406:i2267998,6.77499
u0009406:i2278388,6.74195
u0009406:i2304426,5.67375
u0009406:i2310332,6.88649
u0009406:i2334879,5.97613
u0009406:i2338151,6.79971
u0009406:i2446042,7.0671
u0009406:i2562232,7.04731
u0009406:i2582802,7.02503
u0009406:i2614684,6.45624
u0009406:i2650978,4.70134
u0009406:i2802144,6.88021
u0009406:i2820852,6.81455
u0009406:i2872718,7.09652
u0009406:i2967006,6.78672
u0009406:i3181822,6.80022
u0009420:i1457767,7.41959
u0009420:i1702439,7.41959
u0009420:i1841642,7.41959
u0009420:i1951265,7.41959
u0009420:i2184339,7.41959
u0009420:i2267998,7.41959
u0009420:i2517658,7.41959
u0009420:i2802144,7.41959
u0009420:i2820852,7.41959
u0009420:i2994190,7.41959
u0009420:i3235888,7.41959
u0009429:i0457430,6.99189
u0009429:i1638002,6.99189
u0009429:i1661199,6.99189
u0009429:i1840309,6.99189
u0009429:i2180411,6.99189
u0009429:i2205697,6.99189
u0009429:i2224026,6.99189
u0009429:i2908446,6.99189
u0009438:i0041452,7.24719
u0009438:i0067328,7.24719
u0009438:i0068611,7.24719
u0009438:i0078754,7.24719
u0009438:i0079417,7.24719
u0009438:i0083866,7.24719
u0009438:i0087781,7.24719
u0009438:i0088847,7.24719
u0009438:i0093058,7.24719
u0009438:i0103994,7.24719
u0009438:i0107818,7.24719
u0009438:i0109303,7.24719
u0009438:i0133952,7.24719
u0009438:i0137494,7.24719
u0009438:i0187393,7.24719
u0009438:i0372532,7.24719
u0009438:i0431308,7.24719
u0009438:i0458481,7.24719
u0009438:i0479968,7.24719
u0009438:i0816692,7.24719
u0009438:i0914798,7.24719
u0009438:i0942385,7.24719
u0009438:i0949731,7.24719
u0009438:i1065073,7.24719
u0009438:i1114740,7.24719
u0009438:i1155076,7.24719
u0009438:i1189340,7.24719
u0009438:i1211956,7.24719
u0009438:i1229340,7.24719
u0009438:i1232829,7.24719
u0009438:i1253863,7.24719
u0009438:i1291150,7.24719
u0009438:i1355630,7.24719
u0009438:i1392214,7.24719
u0009438:i1413495,7.24719
u0009438:i1440161,7.24719
u0009438:i1464540,7.24719
u0009438:i1502404,7.24719
u0009438:i1538403,7.24719
u0009438:i1655460,7.24719
u0009438:i1723121,7.24719
u0009438:i1790864,7.24719
u0009438:i1800241,7.24719
u0009438:i1843866,7.24719
u0009438:i1921064,7.24719
u0009438:i1929263,7.24719
u0009438:i1956620,7.24719
u0009438:i1959490,7.24719
u0009438:i1979320,7.24719
u0009438:i2024469,7.24719
u0009438:i2034031,7.24719
u0009438:i2084970,7.24719
u0009438:i2096673,7.24719
u0009438:i2103281,7.24719
u0009438:i2105044,7.24719
u0009438:i2170439,7.24719
u0009438:i2245084,7.24719
u0009438:i2262227,7.24719
u0009438:i2267998,7.24719
u0009438:i2293640,7.24719
u0009438:i2294449,7.24719
u0009438:i2310332,7.24719
u0009438:i2381941,7.24719
u0009438:i2388715,7.24719
u0009438:i2395427,7.24719
u0009438:i2473682,7.24719
u0009438:i2562232,7.24719
u0009438:i2582802,7.24719
u0009438:i2582846,7.24719
u0009438:i2820852,7.24719
u0009438:i2872732,7.24719
u0009438:i2908446,7.24719
u0009438:i3011894,7.24719
u0009442:i0369610,6.8815
u0009442:i1454468,6.15782
u0009442:i1631867,7.09792
u0009452:i0369610,6.88899
u0009452:i0816711,6.31407
u0009452:i1392190,6.75185
u0009452:i1535108,5.95805
u0009452:i2126355,6.98642
u0009452:i2395427,6.98048
u0009456:i1631867,7.92598
u0009456:i2084970,7.92598
u0009456:i2245084,7.92598
u0009456:i2321549,7.92598
u0009490:i0379217,7.37416
u0009490:i1065073,7.37416
u0009490:i2084970,7.37416
u0009490:i2267998,7.37416
u0009490:i2562232,7.37416
u0009490:i2980516,7.37416
u0009490:i3011894,7.37416
u0009492:i1100089,7.50908
u0009492:i1126590,7.50908
u0009492:i1626146,7.50908
u0009492:i1772288,7.50908
u0009492:i1809398,7.50908
u0009492:i2039393,7.50908
u0009492:i2084970,7.50908
u0009492:i2096673,7.50908
u0009492:i2182972,7.50908
u0009492:i2305051,7.50908
u0009492:i2358925,7.50908
u0009492:i2404425,7.50908
u0009492:i2452254,7.50908
u0009492:i2509850,7.50908
u0009492:i2515034,7.50908
u0009492:i2785032,7.50908
u0009492:i2870708,7.50908
u0009492:i2876428,7.50908
u0009492:i2967008,7.50908
u0009492:i2980516,7.50908
u0009492:i3316960,7.50908
u0009492:i3328716,7.50908
u0009492:i3892434,7.50908
u0009492:i3970854,7.50908
u0009492:i4073582,7.50908
u0009529:i0109830,7.92598
u0009529:i0209144,7.92598
u0009529:i0246578,7.92598
u0009529:i0369610,7.92598
u0009529:i0478970,7.92598
u0009529:i0816692,7.92598
u0009529:i1045658,7.92598
u0009529:i2381249,7.92598
u0009529:i2802144,7.92598
u0009529:i2872718,7.92598
u0009529:i3042408,7.92598
u0009541:i0264323,7.34963
u0009541:i0369610,7.34963
u0009541:i1702014,7.34963
u0009541:i1728978,7.34963
u0009541:i2106361,7.34963
u0009612:i0093409,7.47233
u0009612:i1392190,7.47233
u0009612:i2395427,7.47233
u0009619:i0083658,6.5346
u0009619:i1020072,6.5346
u0009619:i1100089,6.5346
u0009619:i1872194,6.5346
u0009619:i2562232,6.5346
u0009619:i2582802,6.5346
u0009619:i2737050,6.5346
u0009619:i3316960,6.5346
u0009639:i0086250,5.02032
u0009639:i0298203,5.37534
u0009639:i0468569,5.34034
u0009639:i0945513,5.86193
u0009639:i1291584,5.69369
u0009639:i1392190,6.75756
u0009639:i1499658,6.43028
u0009639:i1924435,6.83027
u0009644:i0470752,7.7558
u0009644:i2278388,7.7558
u0009644:i2802144,7.7558
u0009664:i0120689,5.19605
u0009664:i0268978,5.55827
u0009664:i1853728,5.19021
u0009696:i0369610,6.89727
u0009696:i0472062,6.89727
u0009696:i1528071,6.89727
u0009696:i1655441,6.89727
u0009696:i2179136,6.89727
u0009696:i2395427,6.89727
u0009696:i2582802,6.89727
u0009696:i2872718,6.89727
u0009696:i2910814,6.89727
u0009709:i0898367,8.17075
u0009709:i1600196,8.17075
u0009709:i1809398,8.17075
u0009709:i2395427,8.17075
u0009709:i2582802,8.17075
u0009723:i0085615,6.8615
u0009723:i1392190,6.8615
u0009723:i2267998,6.8615
u0009723:i2582802,6.8615
u0009724:i0054047,5.66891
u0009724:i0095444,5.17538
u0009724:i0264464,5.90729
u0009724:i0350258,6.58987
u0009724:i0382932,6.46783
u0009724:i0470752,6.9644
u0009724:i0478970,6.69937
u0009724:i1964418,6.58504
u0009724:i2096673,6.94183
u0009724:i2097298,6.17546
u0009724:i2381941,6.98456
u0009724:i2395427,6.98804
u0009724:i2582496,6.18351
u0009724:i2802144,6.8867
u0009724:i2820852,6.82353
u0009724:i3195644,6.72287
u0009724:i3235888,6.99959
u0009724:i4178092,6.48787
u0009727:i0079417,5.80965
u0009727:i0093058,6.23676
u0009727:i0105236,5.94605
u0009727:i0758774,6.48037
u0009727:i0910970,6.73128
u0009727:i1560747,6.08769
u0009727:i1772288,6.94464
u0009730:i0073629,7.67
u0009730:i1659337,7.67
u0009730:i2562232,7.67
u0009730:i2802144,7.67
u0009740:i0478970,7.34963
u0009740:i1020072,7.34963
u0009740:i1798684,7.34963
u0009740:i1809398,7.34963
u0009740:i2261331,7.34963
u0009740:i2381941,7.34963
u0009740:i2802144,7.34963
u0009762:i1661199,7.03
u0009762:i2381941,7.03
u0009762:i2908446,7.03
u0009780:i0264150,7.60697
u0009780:i0286788,7.60697
u0009780:i0327437,7.60697
u0009780:i0482527,7.60697
u0009780:i0770703,7.60697
u0009780:i0962736,7.60697
u0009780:i0988595,7.60697
u0009780:i1085492,7.60697
u0009780:i1093908,7.60697
u0009780:i1510918,7.60697
u0009780:i1587310,7.60697
u0009780:i1661199,7.60697
u0009780:i1691154,7.60697
u0009780:i1714206,7.60697
u0009780:i1800241,7.60697
u0009780:i1809398,7.60697
u0009780:i1815782,7.60697
u0009780:i1840309,7.60697
u0009780:i1921064,7.60697
u0009780:i2171867,7.60697
u0009780:i2194499,7.60697
u0009780:i2322441,7.60697
u0009780:i2355495,7.60697
u0009780:i2463288,7.60697
u0009780:i2962726,7.60697
u0009784:i0064115,6.46249
u0009784:i0108550,5.74399
u0009784:i0113247,5.50543
u0009784:i0120735,4.25618
u0009784:i0340377,5.58333
u0009784:i0462504,5.33538
u0009784:i0918927,5.78284
u0009784:i1332134,0
u0009784:i1723811,6.05649
u0009805:i0074695,6.94288
u0009805:i0107290,6.94288
u0009805:i0108211,6.94288
u0009805:i0119567,6.94288
u0009805:i0119643,6.94288
u0009805:i0163025,6.94288
u0009805:i0227538,6.94288
u0009805:i0369610,6.94288
u0009805:i0478970,6.94288
u0009805:i1528100,6.94288
u0009805:i1800241,6.94288
u0009805:i1823672,6.94288
u0009805:i1881002,6.94288
u0009805:i1964418,6.94288
u0009805:i2126355,6.94288
u0009805:i2199571,6.94288
u0009805:i2224026,6.94288
u0009805:i2293640,6.94288
u0009805:i2381249,6.94288
u0009805:i2395427,6.94288
u0009805:i2401097,6.94288
u0009805:i2515034,6.94288
u0009805:i2820852,6.94288
u0009805:i2908446,6.94288
u0009805:i2937898,6.94288
u0009805:i3079380,6.94288
u0009805:i3247714,6.94288
u0009806:i0816692,7.82669
u0009806:i2167266,7.82669
u0009806:i2170439,7.82669
u0009806:i2179136,7.82669
u0009832:i0369610,7.92598
u0009832:i0470752,7.92598
u0009832:i1340138,7.92598
u0009832:i1392190,7.92598
u0009832:i1655441,7.92598
u0009832:i1791682,7.92598
u0009832:i1964418,7.92598
u0009832:i2126355,7.92598
u0009832:i2140379,7.92598
u0009832:i2561572,7.92598
u0009832:i2637276,7.92598
u0009832:i3079380,7.92598
u0009832:i3152624,7.92598
u0009832:i3416744,7.92598
u0009832:i4178092,7.92598
u0009838:i0112573,7.51949
u0009838:i0114388,7.51949
u0009838:i0114814,7.51949
u0009838:i0120731,7.51949
u0009838:i0124315,7.51949
u0009838:i0172493,7.51949
u0009838:i0458352,7.51949
u0009838:i0962736,7.51949
u0009838:i1193138,7.51949
u0009838:i1655441,7.51949
u0009838:i2305051,7.51949
u0009838:i2452254,7.51949
u0009867:i0142342,4.34799
u0009867:i0458352,6.32396
u0009867:i0458413,7.01101
u0009867:i2278388,6.76655
u0009867:i2802144,6.89321
u0009867:i2911666,7.10849
u0009870:i2404181,7.60697
u0009870:i2562232,7.60697
u0009870:i2872718,7.60697
u0009888:i0478970,6.7105
u0009888:i0816442,6.66917
u0009888:i1126590,7.08867
u0009888:i1340138,6.86573
u0009888:i1638355,6.76893
u0009888:i1922777,6.00152
u0009888:i2381249,6.86723
u0009888:i2397535,6.97138
u0009888:i2582846,6.29248
u0009888:i3863552,6.39914
u0009928:i1205489,7.67
u0009928:i1798684,7.67
u0009928:i2126355,7.67
u0009928:i2395427,7.67
u0009928:i2802144,7.67
u0009928:i2820852,7.67
u0009936:i0107290,7.52442
u0009936:i0117571,7.52442
u0009936:i0120082,7.52442
u0009936:i0134084,7.52442
u0009936:i0369610,7.52442
u0009936:i0454876,7.52442
u0009936:i0463854,7.52442
u0009936:i0816436,7.52442
u0009936:i1262416,7.52442
u0009936:i2084970,7.52442
u0009936:i2096673,7.52442
u0009936:i2126355,7.52442
u0009936:i2260850,7.52442
u0009936:i2321549,7.52442
u0009936:i2431286,7.52442
u0009947:i0113497,7.43832
u0009947:i0145487,7.43832
u0009947:i0316654,7.43832
u0009947:i0402910,7.43832
u0009947:i0413300,7.43832
u0009947:i1656190,7.43832
u0009947:i2015381,7.43832
u0009947:i2245084,7.43832
u0009956:i0119698,7.50908
u0009956:i0120737,7.50908
u0009956:i0181875,7.50908
u0009956:i0241527,7.50908
u0009956:i0295297,7.50908
u0009956:i0304141,7.50908
u0009956:i0338013,7.50908
u0009956:i0369610,7.50908
u0009956:i0371746,7.50908
u0009956:i0800080,7.50908
u0009956:i1065073,7.50908
u0009956:i1228705,7.50908
u0009956:i1392190,7.50908
u0009956:i1638355,7.50908
u0009956:i1781922,7.50908
u0009956:i1809398,7.50908
u0009956:i1964418,7.50908
u0009956:i2096673,7.50908
u0009956:i2300975,7.50908
u0009956:i2401097,7.50908
u0009956:i2802144,7.50908
u0009956:i2908446,7.50908
u0009956:i2980516,7.50908
u0009956:i3316960,7.50908
u0009956:i3483612,7.50908
u0009956:i3742284,7.50908
u0009956:i3836958,7.50908
u0009956:i3863552,7.50908
u0009964:i0091763,7.69961
u0009964:i0114660,7.69961
u0009964:i0369610,7.69961
u0009964:i2395427,7.69961
u0009964:i2848292,7.69961
u0009964:i2872732,7.69961
u0009976:i0309698,6.74057
u0009976:i0482606,5.19927
u0009976:i1119646,5.91262
u0009976:i1323045,4.61796
u0009976:i1411697,6.10294
u0009976:i1853739,5.00997
u0009976:i1951261,5.47792
u0009976:i1981677,6.02764
u0009976:i2059171,3.67177
u0009976:i2334879,6.22513
u0009976:i2463288,6.22703
u0009976:i2820852,6.83252
u0009976:i2848292,6.8311
u0009981:i1206543,8.09663
u0009981:i1601913,8.09663
u0009981:i1706620,8.09663
u0009981:i1767354,8.09663
u0009982:i0369610,6.89649
u0009982:i0816692,6.629
u0009982:i2096673,6.95699
u0009987:i0864835,7.67
u0009987:i1823672,7.67
u0009987:i2381941,7.67
u0009987:i2395427,7.67
u0009987:i2918436,7.67
u0010024:i0369610,7.60697
u0010024:i0470752,7.60697
u0010024:i0816692,7.60697
u0010024:i1029360,7.60697
u0010024:i1034314,7.60697
u0010024:i1340138,7.60697
u0010024:i1392190,7.60697
u0010024:i1519461,7.60697
u0010024:i1528100,7.60697
u0010024:i1617661,7.60697
u0010024:i1754656,7.60697
u0010024:i1823672,7.60697
u0010024:i1945084,7.60697
u0010024:i2126355,7.60697
u0010024:i2310332,7.60697
u0010024:i2395427,7.60697
u0010024:i2436386,7.60697
u0010024:i2544766,7.60697
u0010024:i2713180,7.60697
u0010024:i2799166,7.60697
u0010024:i2802144,7.60697
u0010024:i3467412,7.60697
u0010032:i0094898,6.83384
u0010032:i0816692,6.83384
u0010032:i1204977,6.83384
u0010032:i1617661,6.83384
u0010032:i1694021,6.83384
u0010032:i1798684,6.83384
u0010032:i2122424,6.83384
u0010032:i2170439,6.83384
u0010032:i2300975,6.83384
u0010032:i2494280,6.83384
u0010032:i2557490,6.83384
u0010032:i2562232,6.83384
u0010032:i2784512,6.83384
u0010032:i2802144,6.83384
u0010032:i2872732,6.83384
u0010032:i2911666,6.83384
u0010032:i2960930,6.83384
u0010032:i3387648,6.83384
u0010032:i3395184,6.83384
u0010049:i1535109,7.60697
u0010049:i2179136,7.60697
u0010049:i2582802,7.60697
u0010064:i0053291,3.9739
u0010064:i0075148,5.82039
u0010064:i0079817,6.56118
u0010064:i0089927,6.24644
u0010064:i1502712,6.70967
u0010064:i1758595,6.12695
u0010064:i1855199,5.81891
u0010064:i2267998,6.79168
u0010064:i2401807,6.38968
u0010064:i2582846,6.36163
u0010064:i2872732,6.8669
u0010065:i0112966,6.37331
u0010065:i1085492,6.37331
u0010065:i1100089,6.37331
u0010065:i1528071,6.37331
u0010065:i1790864,6.37331
u0010065:i2040578,6.37331
u0010065:i2058107,6.37331
u0010065:i2179087,6.37331
u0010065:i2179136,6.37331
u0010065:i2267998,6.37331
u0010065:i2310332,6.37331
u0010065:i2467046,6.37331
u0010065:i2518848,6.37331
u0010065:i2692250,6.37331
u0010065:i2911666,6.37331
u0010065:i2980516,6.37331
u0010065:i3316960,6.37331
u0010080:i1877832,7.75471
u0010080:i2125608,7.75471
u0010080:i2562232,7.75471
u0010082:i0079501,6.74462
u0010082:i0082694,6.74462
u0010082:i0089530,6.74462
u0010082:i0369610,6.74462
u0010082:i0470752,6.74462
u0010082:i0478970,6.74462
u0010082:i1226240,6.74462
u0010082:i1392190,6.74462
u0010082:i1638355,6.74462
u0010082:i1798684,6.74462
u0010082:i1823672,6.74462
u0010082:i1964418,6.74462
u0010082:i2126355,6.74462
u0010082:i2261331,6.74462
u0010082:i2305051,6.74462
u0010082:i2381249,6.74462
u0010082:i2381941,6.74462
u0010082:i2395427,6.74462
u0010082:i2679042,6.74462
u0010082:i2802144,6.74462
u0010082:i2820852,6.74462
u0010082:i4016994,6.74462
u0010082:i4257858,6.74462
u0010102:i0066011,0
u0010102:i0078504,3.05773
u0010102:i0084412,3.8643
u0010102:i0120749,6.25726
u0010102:i1843866,6.60194
u0010102:i2294449,7.00105
u0010102:i2872732,6.90007
u0010114:i0082971,6.85746
u0010114:i0297144,6.85746
u0010114:i1790885,6.85746
u0010114:i2326554,6.85746
u0010114:i3169706,6.85746
u0010137:i0078767,7.60697
u0010137:i0109045,7.60697
u0010137:i0367959,7.60697
u0010137:i0448134,7.60697
u0010137:i0469494,7.60697
u0010137:i0489018,7.60697
u0010137:i1187064,7.60697
u0010147:i2224026,7.92598
u0010147:i2802144,7.92598
u0010147:i4007502,7.92598
u0010150:i0104952,5.93286
u0010150:i0112641,5.51936
u0010150:i0120890,5.874
u0010150:i0358273,6.44401
u0010150:i0478970,6.72165
u0010150:i1748122,6.83902
u0010150:i2042568,6.70402
u0010150:i2381249,6.87951
u0010150:i2395427,6.99561
u0010150:i2764784,6.43175
u0010150:i3541262,6.21363
u0010150:i3622592,6.19738
u0010150:i3813310,5.94552
u0010170:i0401711,7.89127
u0010170:i0765010,7.89127
u0010170:i0814314,7.89127
u0010170:i1340107,7.89127
u0010170:i1704573,7.89127
u0010171:i0470752,7.36515
u0010171:i1255953,7.36515
u0010171:i1392190,7.36515
u0010171:i2042568,7.36515
u0010171:i2562232,7.36515
u0010180:i0110357,6.8947
u0010180:i0369610,6.8947
u0010180:i0458481,6.8947
u0010180:i0816692,6.8947
u0010180:i0831387,6.8947
u0010180:i0970452,6.8947
u0010180:i1045658,6.8947
u0010180:i1091191,6.8947
u0010180:i1234721,6.8947
u0010180:i1323594,6.8947
u0010180:i1340138,6.8947
u0010180:i1392190,6.8947
u0010180:i1392214,6.8947
u0010180:i1783732,6.8947
u0010180:i1931533,6.8947
u0010180:i1951264,6.8947
u0010180:i2024469,6.8947
u0010180:i2101473,6.8947
u0010180:i2109248,6.8947
u0010180:i2125435,6.8947
u0010180:i2209764,6.8947
u0010180:i2312718,6.8947
u0010180:i2382396,6.8947
u0010180:i2872732,6.8947
u0010180:i4671280,6.8947
u0010195:i0098084,6.81951
u0010195:i0230600,6.81951
u0010195:i0309698,6.81951
u0010195:i0443543,6.81951
u0010195:i2582802,6.81951
u0010219:i0446029,7.67
u0010219:i1981677,7.67
u0010219:i2267998,7.67
u0010238:i0478970,7.12963
u0010238:i1502712,7.12963
u0010238:i1638355,7.12963
u0010238:i1798684,7.12963
u0010238:i2381249,7.12963
u0010238:i2382422,7.12963
u0010238:i2402101,7.12963
u0010238:i2679042,7.12963
u0010238:i2848292,7.12963
u0010238:i3093546,7.12963
u0010238:i3316948,7.12963
u0010238:i3715320,7.12963
u0010238:i4084744,7.12963
u0010256:i0369610,7.43867
u0010256:i0478970,7.43867
u0010256:i1340138,7.43867
u0010256:i1392190,7.43867
u0010256:i1655441,7.43867
u0010275:i2179136,7.71386
u0010275:i2562232,7.71386
u0010275:i3316960,7.71386
u0010304:i0083564,7.67
u0010304:i0092005,7.67
u0010304:i0349683,7.67
u0010304:i0455944,7.67
u0010304:i0458481,7.67
u0010304:i0829150,7.67
u0010304:i1085492,7.67
u0010304:i1376213,7.67
u0010304:i1408253,7.67
u0010304:i1790864,7.67
u0010304:i1830713,7.67
u0010304:i2055709,7.67
u0010304:i2106361,7.67
u0010304:i2235779,7.67
u0010304:i2267998,7.67
u0010304:i2294449,7.67
u0010304:i2481496,7.67
u0010304:i2713180,7.67
u0010304:i2872732,7.67
u0010304:i3598222,7.67
u0010324:i0110057,6.71959
u0010324:i0117060,6.71959
u0010324:i0455944,6.71959
u0010324:i0478970,6.71959
u0010324:i0882977,6.71959
u0010324:i1065073,6.71959
u0010324:i1340138,6.71959
u0010324:i1433108,6.71959
u0010324:i1674771,6.71959
u0010324:i1980209,6.71959
u0010324:i2381249,6.71959
u0010324:i2395427,6.71959
u0010357:i0102685,7.79224
u0010357:i0117060,7.79224
u0010357:i0118887,7.79224
u0010357:i0120755,7.79224
u0010357:i0455590,7.79224
u0010357:i1409024,7.79224
u0010357:i2084970,7.79224
u0010366:i0276919,7.1019
u0010366:i0369610,7.1019
u0010366:i1100089,7.1019
u0010366:i1507563,7.1019
u0010366:i1519461,7.1019
u0010366:i3235888,7.1019
u0010442:i0369610,6.83384
u0010442:i0478970,6.83384
u0010442:i2096673,6.83384
u0010442:i2170593,6.83384
u0010442:i3195644,6.83384
u0010442:i3316960,6.83384
u0010474:i0116095,7.67
u0010474:i1596350,7.67
u0010474:i2477218,7.67
u0010533:i0366627,7.57336
u0010533:i0369610,7.57336
u0010533:i0470752,7.57336
u0010533:i0831387,7.57336
u0010533:i1121096,7.57336
u0010533:i1392190,7.57336
u0010533:i1571249,7.57336
u0010533:i1617661,7.57336
u0010533:i1823672,7.57336
u0010533:i1872194,7.57336
u0010533:i1951265,7.57336
u0010533:i2039393,7.57336
u0010533:i2231253,7.57336
u0010533:i2258345,7.57336
u0010533:i2267998,7.57336
u0010533:i2310332,7.57336
u0010533:i2377322,7.57336
u0010533:i2388715,7.57336
u0010533:i2395427,7.57336
u0010533:i2397535,7.57336
u0010533:i2401097,7.57336
u0010533:i2446042,7.57336
u0010533:i2562232,7.57336
u0010533:i2637294,7.57336
u0010533:i2713180,7.57336
u0010533:i2802136,7.57336
u0010533:i2802144,7.57336
u0010533:i2872718,7.57336
u0010533:i2911666,7.57336
u0010533:i3079380,7.57336
u0010535:i1210166,7.60697
u0010535:i1840309,7.60697
u0010535:i2084970,7.60697
u0010535:i2911666,7.60697
u0010535:i2980516,7.60697
u0010536:i0047892,3.9295
u0010536:i0054821,4.68349
u0010536:i0062229,4.9206
u0010554:i0057012,6.74904
u0010554:i0062622,6.74904
u0010554:i0117333,6.74904
u0010554:i0426459,6.74904
u0010554:i0478970,6.74904
u0010554:i1502712,6.74904
u0010554:i2381941,6.74904
u0010554:i2395427,6.74904
u0010554:i2752772,6.74904
u0010554:i3195644,6.74904
u0010554:i4178092,6.74904
u0010555:i0107290,7.54641
u0010555:i1731701,7.54641
u0010555:i1798684,7.54641
u0010555:i2245084,7.54641
u0010555:i2305051,7.54641
u0010555:i2381941,7.54641
u0010555:i2438644,7.54641
u0010555:i2848292,7.54641
u0010555:i3179568,7.54641
u0010555:i3253930,7.54641
u0010562:i0114746,6.45558
u0010562:i0120915,5.35485
u0010562:i0121765,5.00051
u0010562:i0121766,5.12377
u0010562:i0243155,5.29278
u0010562:i0310793,5.52896
u0010562:i0470752,6.97643
u0010562:i0816692,6.6386
u0010562:i1020072,7.29515
u0010562:i1100089,7.00344
u0010562:i1121096,6.78552
u0010562:i1126590,7.12617
u0010562:i1234548,6.31418
u0010562:i1247690,6.07502
u0010562:i1392190,6.76327
u0010562:i1528100,7.16989
u0010562:i1615147,5.57072
u0010562:i1617661,6.94941
u0010562:i1638002,6.36485
u0010562:i1661199,6.97783
u0010562:i1686821,6.38833
u0010562:i1809398,6.9588
u0010562:i1823664,6.6922
u0010562:i1823672,6.96788
u0010562:i1850397,6.7478
u0010562:i1881002,6.6678
u0010562:i1981107,4.71204
u0010562:i2039393,7.05411
u0010562:i2084970,6.92381
u0010562:i2097298,6.28574
u0010562:i2170439,6.88698
u0010562:i2179136,7.06549
u0010562:i2180411,6.93083
u0010562:i2224026,6.97982
u0010562:i2273657,6.30879
u0010562:i2305051,7.14201
u0010562:i2310332,6.91929
u0010562:i2322441,7.05271
u0010562:i2381941,6.99726
u0010562:i2398231,6.94479
u0010562:i2436386,6.97156
u0010562:i2474024,7.02038
u0010562:i2493486,6.47227
u0010562:i2555736,7.18992
u0010562:i2692250,7.22139
u0010562:i2717822,6.99663
u0010562:i2726560,6.36409
u0010562:i2737050,6.98463
u0010562:i2802144,6.89972
u0010562:i2908446,6.67888
u0010562:i2937898,7.00396
u0010562:i2967224,6.38764
u0010562:i2994190,6.70932
u0010562:i3007512,6.84154
u0010562:i3011894,7.02343
u0010562:i3205376,6.39323
u0010562:i3316960,6.99409
u0010562:i3442006,7.2171
u0010562:i4044364,7.35513
u0010562:i4922522,0
u0010569:i0470752,7.43514
u0010569:i2084970,7.43514
u0010569:i3316960,7.43514
u0010577:i0172495,6.84526
u0010577:i1109624,6.84526
u0010577:i1318514,6.84526
u0010577:i2103281,6.84526
u0010581:i0118966,5.17382
u0010581:i2404461,5.79055
u0010581:i2883512,6.99851
u0010599:i0000417,7.98752
u0010599:i0023037,7.98752
u0010599:i0023622,7.98752
u0010599:i0029811,7.98752
u0010599:i0033467,7.98752
u0010599:i0035015,7.98752
u0010599:i0037558,7.98752
u0010599:i0039677,7.98752
u0010599:i0041959,7.98752
u0010599:i0045274,7.98752
u0010599:i0047528,7.98752
u0010599:i0048028,7.98752
u0010599:i0048499,7.98752
u0010599:i0048980,7.98752
u0010599:i0049012,7.98752
u0010599:i0050782,7.98752
u0010599:i0051365,7.98752
u0010599:i0051378,7.98752
u0010599:i0052556,7.98752
u0010599:i0053168,7.98752
u0010599:i0054189,7.98752
u0010599:i0054198,7.98752
u0010599:i0054331,7.98752
u0010599:i0054389,7.98752
u0010599:i0054821,7.98752
u0010599:i0054953,7.98752
u0010599:i0056444,7.98752
u0010599:i0057869,7.98752
u0010599:i0058946,7.98752
u0010599:i0058985,7.98752
u0010599:i0059229,7.98752
u0010599:i0059592,7.98752
u0010599:i0060597,7.98752
u0010599:i0060675,7.98752
u0010599:i0062138,7.98752
u0010599:i0064040,7.98752
u0010599:i0064541,7.98752
u0010599:i0065234,7.98752
u0010599:i0067185,7.98752
u0010599:i0069687,7.98752
u0010599:i0070077,7.98752
u0010599:i0071129,7.98752
u0010599:i0073114,7.98752
u0010599:i0075404,7.98752
u0010599:i0076517,7.98752
u0010599:i0079672,7.98752
u0010599:i0080610,7.98752
u0010599:i0081076,7.98752
u0010599:i0084390,7.98752
u0010599:i0086087,7.98752
u0010599:i0087644,7.98752
u0010599:i0089853,7.98752
u0010599:i0091251,7.98752
u0010599:i0093342,7.98752
u0010599:i0095631,7.98752
u0010599:i0098253,7.98752
u0010599:i0098532,7.98752
u0010599:i0100234,7.98752
u0010599:i0101318,7.98752
u0010599:i0102181,7.98752
u0010599:i0110116,7.98752
u0010599:i0112913,7.98752
u0010599:i0114329,7.98752
u0010599:i0116790,7.98752
u0010599:i0117039,7.98752
u0010599:i0117214,7.98752
u0010599:i0119711,7.98752
u0010599:i0120255,7.98752
u0010599:i0120263,7.98752
u0010599:i0124207,7.98752
u0010599:i0167404,7.98752
u0010599:i0181530,7.98752
u0010599:i0280707,7.98752
u0010599:i0360845,7.98752
u0010599:i0366721,7.98752
u0010599:i0379217,7.98752
u0010599:i0383694,7.98752
u0010599:i0419294,7.98752
u0010599:i0424434,7.98752
u0010599:i0845439,7.98752
u0010599:i0870111,7.98752
u0010599:i1045658,7.98752
u0010599:i1087578,7.98752
u0010599:i1100089,7.98752
u0010599:i1124052,7.98752
u0010599:i1216491,7.98752
u0010599:i1392190,7.98752
u0010599:i1424797,7.98752
u0010599:i1556190,7.98752
u0010599:i1587729,7.98752
u0010599:i1650048,7.98752
u0010599:i1654523,7.98752
u0010599:i1674773,7.98752
u0010599:i1683526,7.98752
u0010599:i1688649,7.98752
u0010599:i1754367,7.98752
u0010599:i1791528,7.98752
u0010599:i1883180,7.98752
u0010599:i1966604,7.98752
u0010599:i2076220,7.98752
u0010599:i2084970,7.98752
u0010599:i2125496,7.98752
u0010599:i2125608,7.98752
u0010599:i2301592,7.98752
u0010599:i2327430,7.98752
u0010599:i2380331,7.98752
u0010599:i2545118,7.98752
u0010599:i2562232,7.98752
u0010599:i2570858,7.98752
u0010599:i2593392,7.98752
u0010599:i2714900,7.98752
u0010599:i2802154,7.98752
u0010599:i2844798,7.98752
u0010599:i2980516,7.98752
u0010599:i2991224,7.98752
u0010599:i3011894,7.98752
u0010599:i3013610,7.98752
u0010599:i3078242,7.98752
u0010599:i3316960,7.98752
u0010599:i3483194,7.98752
u0010599:i3612616,7.98752
u0010599:i3745620,7.98752
u0010599:i4044364,7.98752
u0010600:i0034583,7.92598
u0010600:i0036775,7.92598
u0010600:i0053604,7.92598
u0010600:i0211915,7.92598
u0010600:i0278504,7.92598
u0010600:i0470752,7.92598
u0010600:i0765443,7.92598
u0010600:i0816692,7.92598
u0010600:i1020072,7.92598
u0010600:i1100089,7.92598
u0010600:i1126590,7.92598
u0010600:i1255953,7.92598
u0010600:i1270262,7.92598
u0010600:i1392190,7.92598
u0010600:i1528100,7.92598
u0010600:i1568343,7.92598
u0010600:i1638002,7.92598
u0010600:i1655441,7.92598
u0010600:i1726592,7.92598
u0010600:i1798684,7.92598
u0010600:i1823672,7.92598
u0010600:i1850397,7.92598
u0010600:i2084970,7.92598
u0010600:i2140619,7.92598
u0010600:i2170439,7.92598
u0010600:i2179136,7.92598
u0010600:i2180411,7.92598
u0010600:i2245084,7.92598
u0010600:i2305051,7.92598
u0010600:i2381941,7.92598
u0010600:i2446042,7.92598
u0010600:i2562232,7.92598
u0010600:i2582802,7.92598
u0010600:i2802144,7.92598
u0010600:i2908446,7.92598
u0010600:i2935476,7.92598
u0010600:i2937898,7.92598
u0010600:i2980516,7.92598
u0010600:i3079380,7.92598
u0010600:i3205376,7.92598
u0010600:i3316960,7.92598
u0010600:i3442006,7.92598
u0010644:i0181689,8.26483
u0010644:i0206634,8.26483
u0010644:i0375063,8.26483
u0010644:i0383028,8.26483
u0010644:i0421073,8.26483
u0010644:i0443706,8.26483
u0010644:i0458339,8.26483
u0010644:i0470752,8.26483
u0010644:i0485947,8.26483
u0010644:i0816692,8.26483
u0010644:i0861739,8.26483
u0010644:i0898367,8.26483
u0010644:i0929632,8.26483
u0010644:i0976051,8.26483
u0010644:i0985699,8.26483
u0010644:i1020072,8.26483
u0010644:i1065073,8.26483
u0010644:i1135084,8.26483
u0010644:i1174732,8.26483
u0010644:i1182345,8.26483
u0010644:i1198156,8.26483
u0010644:i1216491,8.26483
u0010644:i1334260,8.26483
u0010644:i1361318,8.26483
u0010644:i1392190,8.26483
u0010644:i1483013,8.26483
u0010644:i1527186,8.26483
u0010644:i1674771,8.26483
u0010644:i1790864,8.26483
u0010644:i1840309,8.26483
u0010644:i1872194,8.26483
u0010644:i1951265,8.26483
u0010644:i1979320,8.26483
u0010644:i2039393,8.26483
u0010644:i2084970,8.26483
u0010644:i2109248,8.26483
u0010644:i2179136,8.26483
u0010644:i2273657,8.26483
u0010644:i2278388,8.26483
u0010644:i2305051,8.26483
u0010644:i2359024,8.26483
u0010644:i2369135,8.26483
u0010644:i2381941,8.26483
u0010644:i2397535,8.26483
u0010644:i2562232,8.26483
u0010644:i2567712,8.26483
u0010644:i2582802,8.26483
u0010644:i2726560,8.26483
u0010644:i2788710,8.26483
u0010644:i2820852,8.26483
u0010644:i2872718,8.26483
u0010644:i2872732,8.26483
u0010644:i2884206,8.26483
u0010644:i2937898,8.26483
u0010644:i2980516,8.26483
u0010644:i2994190,8.26483
u0010644:i3007512,8.26483
u0010645:i0113375,3.59958
u0010645:i1065073,7.01217
u0010645:i1809398,6.98578
u0010645:i1823672,6.98296
u0010645:i2084970,6.93098
u0010645:i2179136,7.0731
u0010649:i0091326,6.89727
u0010649:i0368891,6.89727
u0010649:i0470752,6.89727
u0010649:i1156398,6.89727
u0010649:i1371150,6.89727
u0010649:i1790864,6.89727
u0010649:i1798684,6.89727
u0010649:i1951265,6.89727
u0010649:i2084970,6.89727
u0010649:i2179136,6.89727
u0010649:i2305051,6.89727
u0010649:i2381941,6.89727
u0010649:i2446042,6.89727
u0010649:i2802144,6.89727
u0010649:i2872732,6.89727
u0010650:i0119008,6.16429
u0010650:i0213149,4.86873
u0010650:i0215750,5.39064
u0010650:i0268978,5.64512
u0010650:i0758752,5.62238
u0010650:i0816711,6.47192
u0010650:i1242422,4.0092
u0010650:i1563738,5.61374
u0010650:i2170439,6.92361
u0010650:i2194826,5.35512
u0010650:i2261331,6.52468
u0010650:i2267998,6.80841
u0010650:i2397535,7.01033
u0010650:i2401097,6.40261
u0010650:i3863552,6.49759
u0010655:i0240772,6.89727
u0010655:i0241527,6.89727
u0010655:i0295297,6.89727
u0010655:i0304141,6.89727
u0010655:i0330373,6.89727
u0010655:i0349903,6.89727
u0010655:i0373889,6.89727
u0010655:i0393162,6.89727
u0010655:i0417741,6.89727
u0010655:i0496806,6.89727
u0010655:i0829150,6.89727
u0010655:i0926084,6.89727
u0010655:i1121096,6.89727
u0010655:i1201607,6.89727
u0010655:i1267297,6.89727
u0010655:i1392190,6.89727
u0010655:i1418377,6.89727
u0010655:i1646971,6.89727
u0010655:i1951265,6.89727
u0010655:i2310332,6.89727
u0010655:i2381941,6.89727
u0010655:i2883512,6.89727
u0010655:i3500544,6.89727
u0010655:i3625152,6.89727
u0010664:i0369610,6.90399
u0010664:i0372784,6.36949
u0010664:i0468569,5.4225
u0010664:i0478970,6.73281
u0010664:i1345836,4.99773
u0010664:i1798709,6.61011
u0010664:i2096673,6.97218
u0010664:i3079380,6.73968
u0010664:i3152624,6.67159
u0010676:i0073486,7.44071
u0010676:i0110912,7.44071
u0010676:i0816692,7.44071
u0010676:i1282140,7.44071
u0010676:i1499658,7.44071
u0010676:i2084970,7.44071
u0010676:i2170439,7.44071
u0010676:i2267998,7.44071
u0010676:i2310332,7.44071
u0010676:i2562232,7.44071
u0010676:i2785032,7.44071
u0010676:i3042408,7.44071
u0010713:i0369610,7.43514
u0010713:i0498311,7.43514
u0010713:i0790724,7.43514
u0010713:i0800080,7.43514
u0010713:i2126355,7.43514
u0010713:i2920540,7.43514
u0010713:i3235888,7.43514
u0010721:i0455944,6.64816
u0010721:i0944835,6.64816
u0010721:i1216491,6.64816
u0010721:i1726592,6.64816
u0010721:i1742044,6.64816
u0010721:i1791528,6.64816
u0010721:i1809398,6.64816
u0010721:i1872194,6.64816
u0010721:i2084970,6.64816
u0010721:i2305051,6.64816
u0010721:i2562232,6.64816
u0010721:i2752688,6.64816
u0010721:i2872718,6.64816
u0010721:i2967006,6.64816
u0010721:i2980516,6.64816
u0010733:i0250258,7.47363
u0010733:i0401383,7.47363
u0010733:i0816692,7.47363
u0010733:i1396226,7.47363
u0010733:i1772250,7.47363
u0010733:i2084970,7.47363
u0010733:i2980516,7.47363
u0010736:i0070735,7.67
u0010736:i0074958,7.67
u0010736:i0083658,7.67
u0010736:i0185125,7.67
u0010736:i0460791,7.67
u0010736:i0480242,7.67
u0010736:i1399683,7.67
u0010736:i1486834,7.67
u0010736:i1937390,7.67
u0010736:i2084970,7.67
u0010736:i2322441,7.67
u0010736:i2382009,7.67
u0010736:i2397535,7.67
u0010736:i2562232,7.67
u0010736:i2582802,7.67
u0010736:i2802154,7.67
u0010736:i2884206,7.67
u0010736:i3011894,7.67
u0010741:i0981072,0
u0010741:i2361846,0
u0010741:i2802144,6.90623
u0010767:i0470752,7.67
u0010767:i2980592,7.67
u0010767:i3416744,7.67
u0010767:i3824458,7.67
u0010771:i0455944,7.67
u0010771:i2039393,7.67
u0010771:i3203616,7.67
u0010774:i0369610,7.20671
u0010774:i0816442,7.20671
u0010774:i1170358,7.20671
u0010774:i1482459,7.20671
u0010774:i1617661,7.20671
u0010774:i1659337,7.20671
u0010774:i1661199,7.20671
u0010774:i1810683,7.20671
u0010774:i1841642,7.20671
u0010774:i2096673,7.20671
u0010774:i2126355,7.20671
u0010774:i2180411,7.20671
u0010774:i2316801,7.20671
u0010774:i2334879,7.20671
u0010774:i2967224,7.20671
u0010785:i0050976,7.60697
u0010785:i0096283,7.60697
u0010785:i0106856,7.60697
u0010785:i0107048,7.60697
u0010785:i0109830,7.60697
u0010785:i0130827,7.60697
u0010785:i0138704,7.60697
u0010785:i0169547,7.60697
u0010785:i0245429,7.60697
u0010785:i0266697,7.60697
u0010785:i0289879,7.60697
u0010785:i0347149,7.60697
u0010785:i0359950,7.60697
u0010785:i0405159,7.60697
u0010785:i0470752,7.60697
u0010785:i0489099,7.60697
u0010785:i0790636,7.60697
u0010785:i0837562,7.60697
u0010785:i0884328,7.60697
u0010785:i1074638,7.60697
u0010785:i1182345,7.60697
u0010785:i1374992,7.60697
u0010785:i1392190,7.60697
u0010785:i1433811,7.60697
u0010785:i1482459,7.60697
u0010785:i1528100,7.60697
u0010785:i1617661,7.60697
u0010785:i1646971,7.60697
u0010785:i1698641,7.60697
u0010785:i1772341,7.60697
u0010785:i1809398,7.60697
u0010785:i1823664,7.60697
u0010785:i1823672,7.60697
u0010785:i1951265,7.60697
u0010785:i2084970,7.60697
u0010785:i2170439,7.60697
u0010785:i2170593,7.60697
u0010785:i2194499,7.60697
u0010785:i2199571,7.60697
u0010785:i2209764,7.60697
u0010785:i2224026,7.60697
u0010785:i2245084,7.60697
u0010785:i2322441,7.60697
u0010785:i2338151,7.60697
u0010785:i2388715,7.60697
u0010785:i2436386,7.60697
u0010785:i2556874,7.60697
u0010785:i2562232,7.60697
u0010785:i2713180,7.60697
u0010785:i2799166,7.60697
u0010785:i2802144,7.60697
u0010785:i2980516,7.60697
u0010785:i3042408,7.60697
u0010785:i3235888,7.60697
u0010806:i0478970,7.3125
u0010806:i1020072,7.3125
u0010806:i1392190,7.3125
u0010806:i1772288,7.3125
u0010806:i1791528,7.3125
u0010806:i1980929,7.3125
u0010806:i2039393,7.3125
u0010806:i2084970,7.3125
u0010806:i2179136,7.3125
u0010806:i2395427,7.3125
u0010806:i2562232,7.3125
u0010806:i2576852,7.3125
u0010806:i2692904,7.3125
u0010806:i2980516,7.3125
u0010806:i3228830,7.3125
u0010806:i3512486,7.3125
u0010806:i4229236,7.3125
u0010809:i0091064,5.75786
u0010809:i1340138,6.8822
u0010809:i2381249,6.89182
u0010814:i0094006,7.01876
u0010814:i0115632,7.01876
u0010814:i0137523,7.01876
u0010814:i0421715,7.01876
u0010814:i0816692,7.01876
u0010814:i1170358,7.01876
u0010814:i1485749,7.01876
u0010814:i1809398,7.01876
u0010814:i1823672,7.01876
u0010814:i2084970,7.01876
u0010814:i2097298,7.01876
u0010814:i2179136,7.01876
u0010814:i2180411,7.01876
u0010814:i2245084,7.01876
u0010814:i2310332,7.01876
u0010814:i2802144,7.01876
u0010814:i2820852,7.01876
u0010814:i2872718,7.01876
u0010906:i0369610,7.94136
u0010906:i0478970,7.94136
u0010906:i1446714,7.94136
u0010906:i1661199,7.94136
u0010906:i1790864,7.94136
u0010906:i2179136,7.94136
u0010906:i2267998,7.94136
u0010906:i2381249,7.94136
u0010906:i2395427,7.94136
u0010906:i2802144,7.94136
u0010906:i2820852,7.94136
u0010906:i2908446,7.94136
u0010931:i0119116,5.48894
u0010931:i0141926,3.44639
u0010931:i0181875,6.84104
u0010931:i0266987,4.63365
u0010931:i0324554,5.90996
u0010931:i0339291,2.53347
u0010931:i0369610,6.91151
u0010931:i0964517,5.74999
u0010931:i1340138,6.8987
u0010931:i1392190,6.76899
u0010931:i1617661,6.97296
u0010931:i1872194,7.14708
u0010931:i1964418,6.6133
u0010931:i2083383,4.90662
u0010931:i2096673,6.9874
u0010931:i2446042,7.08651
u0010931:i2582802,7.03279
u0010931:i3678782,6.13393
u0010931:i3836958,5.58963
u0010931:i3848892,6.37059
u0010951:i0470752,6.83844
u0010951:i0816692,6.83844
u0010951:i1600196,6.83844
u0010951:i2179136,6.83844
u0010951:i2395427,6.83844
u0010951:i2582802,6.83844
u0010951:i2980516,6.83844
u0010952:i0107151,7.25195
u0010952:i0107822,7.25195
u0010952:i0284363,7.25195
u0010952:i0301357,7.25195
u0010952:i0395169,7.25195
u0010952:i0455944,7.25195
u0010952:i0816692,7.25195
u0010952:i0829150,7.25195
u0010952:i1013753,7.25195
u0010952:i1065073,7.25195
u0010952:i1230213,7.25195
u0010952:i1355630,7.25195
u0010952:i1392190,7.25195
u0010952:i1567437,7.25195
u0010952:i1587310,7.25195
u0010952:i1617661,7.25195
u0010952:i1714206,7.25195
u0010952:i1791528,7.25195
u0010952:i1809398,7.25195
u0010952:i1823672,7.25195
u0010952:i1850397,7.25195
u0010952:i1872194,7.25195
u0010952:i1911658,7.25195
u0010952:i1951265,7.25195
u0010952:i2084970,7.25195
u0010952:i2170593,7.25195
u0010952:i2245084,7.25195
u0010952:i2275946,7.25195
u0010952:i2562232,7.25195
u0010952:i2582802,7.25195
u0010952:i2802144,7.25195
u0010952:i2866360,7.25195
u0010952:i2872718,7.25195
u0010952:i2908446,7.25195
u0010952:i2980516,7.25195
u0010952:i2980648,7.25195
u0010952:i2994190,7.25195
u0010952:i3007512,7.25195
u0010952:i3011894,7.25195
u0010952:i3079380,7.25195
u0010952:i3138782,7.25195
u0010952:i3416742,7.25195
u0010952:i3646462,7.25195
u0010952:i3698408,7.25195
u0010952:i3813310,7.25195
u0010952:i3971732,7.25195
u0010952:i3982774,7.25195
u0010952:i4141788,7.25195
u0010958:i0061722,6.26153
u0010958:i0091167,6.26153
u0010958:i0108037,6.26153
u0010958:i0257568,6.26153
u0010958:i0369610,6.26153
u0010958:i0373051,6.26153
u0010958:i0410377,6.26153
u0010958:i0462519,6.26153
u0010958:i1392190,6.26153
u0010958:i1706620,6.26153
u0010958:i2084970,6.26153
u0010958:i2096673,6.26153
u0010958:i2244901,6.26153
u0010958:i2381249,6.26153
u0010958:i2395427,6.26153
u0010958:i2545118,6.26153
u0010958:i2582802,6.26153
u0010958:i2637276,6.26153
u0010958:i2802144,6.26153
u0010973:i0079817,7.60697
u0010973:i0089927,7.60697
u0010973:i0816692,7.60697
u0010973:i0831387,7.60697
u0010973:i1638364,7.60697
u0010973:i1674771,7.60697
u0010973:i1742334,7.60697
u0010973:i1790864,7.60697
u0010973:i1840309,7.60697
u0010973:i2004420,7.60697
u0010973:i2024544,7.60697
u0010973:i2109248,7.60697
u0010973:i2203939,7.60697
u0010973:i2267998,7.60697
u0010973:i2293640,7.60697
u0010973:i2377322,7.60697
u0010973:i2395427,7.60697
u0010973:i2975578,7.60697
u0010985:i0075686,7.86933
u0010985:i1392190,7.86933
u0010985:i1714206,7.86933
u0010985:i1758692,7.86933
u0010985:i1980929,7.86933
u0010985:i2084970,7.86933
u0010985:i2397535,7.86933
u0010985:i2582802,7.86933
u0010985:i2802144,7.86933
u0010985:i2872718,7.86933
u0010985:i2980516,7.86933
u0010994:i0962736,7.47274
u0010994:i1778338,7.47274
u0010994:i1964418,7.47274
u0010994:i2180411,7.47274
u0010994:i2652092,7.47274
u0011025:i2494280,5.96093
u0011025:i2820852,6.84152
u0011025:i2908446,6.69743
u0011034:i0332452,6.28585
u0011034:i0499448,6.28585
u0011034:i0816692,6.28585
u0011034:i0816711,6.28585
u0011034:i0980970,6.28585
u0011034:i1065073,6.28585
u0011034:i1355630,6.28585
u0011034:i2096673,6.28585
u0011034:i2179136,6.28585
u0011034:i2267998,6.28585
u0011034:i2371158,6.28585
u0011034:i2458776,6.28585
u0011034:i2917388,6.28585
u0011034:i3845822,6.28585
u0011035:i0174856,5.85867
u0011035:i1258197,4.27612
u0011035:i1392190,6.77471
u0011035:i2199571,6.64876
u0011038:i0317248,7.60697
u0011038:i0369610,7.60697
u0011038:i1100089,7.60697
u0011038:i1392190,7.60697
u0011038:i2562232,7.60697
u0011038:i2980516,7.60697
u0011082:i0090887,7.60697
u0011082:i0369610,7.60697
u0011082:i1204977,7.60697
u0011082:i1270761,7.60697
u0011082:i1392190,7.60697
u0011082:i1483013,7.60697
u0011082:i2397535,7.60697
u0011082:i2660332,7.60697
u0011082:i2911666,7.60697
u0011082:i3195644,7.60697
u0011094:i0083944,8.10228
u0011094:i0089880,8.10228
u0011094:i0267626,8.10228
u0011115:i1291150,6.89565
u0011115:i1790864,6.89565
u0011115:i1951265,6.89565
u0011115:i2084970,6.89565
u0011115:i2395427,6.89565
u0011122:i2278388,7.75889
u0011122:i2562232,7.75889
u0011122:i2911666,7.75889
u0011122:i2980516,7.75889
u0011143:i0094625,6.7137
u0011143:i0851578,5.93666
u0011143:i1392190,6.78044
u0011143:i4219130,0
u0011148:i0075314,6.77385
u0011148:i0079116,6.77385
u0011148:i0080455,6.77385
u0011148:i0094226,6.77385
u0011148:i0099685,6.77385
u0011148:i0108399,6.77385
u0011148:i0109040,6.77385
u0011148:i0110912,6.77385
u0011148:i0112641,6.77385
u0011148:i0166924,6.77385
u0011148:i0253474,6.77385
u0011148:i0365907,6.77385
u0011148:i0379217,6.77385
u0011148:i0478087,6.77385
u0011148:i0884732,6.77385
u0011148:i1258197,6.77385
u0011148:i1371150,6.77385
u0011148:i1392190,6.77385
u0011148:i1599348,6.77385
u0011148:i1638002,6.77385
u0011148:i1666801,6.77385
u0011148:i1698641,6.77385
u0011148:i1702439,6.77385
u0011148:i1809398,6.77385
u0011148:i1872194,6.77385
u0011148:i1911658,6.77385
u0011148:i2042568,6.77385
u0011148:i2084970,6.77385
u0011148:i2126355,6.77385
u0011148:i2140619,6.77385
u0011148:i2199571,6.77385
u0011148:i2224026,6.77385
u0011148:i2267998,6.77385
u0011148:i2305051,6.77385
u0011148:i2310332,6.77385
u0011148:i2381941,6.77385
u0011148:i2395427,6.77385
u0011148:i2561572,6.77385
u0011148:i2582802,6.77385
u0011148:i2713180,6.77385
u0011148:i2820852,6.77385
u0011148:i2848292,6.77385
u0011148:i2872718,6.77385
u0011148:i2908446,6.77385
u0011148:i2911666,6.77385
u0011148:i2967224,6.77385
u0011148:i2980516,6.77385
u0011148:i3007512,6.77385
u0011148:i3079380,6.77385
u0011148:i3203616,6.77385
u0011148:i3316960,6.77385
u0011148:i3442006,6.77385
u0011148:i3713166,6.77385
u0011149:i0076759,5.96635
u0011149:i0120915,5.5461
u0011149:i0121765,5.19283
u0011149:i0121766,5.28905
u0011149:i0200654,0
u0011149:i0454876,5.43449
u0011149:i1872194,7.16941
u0011149:i2084970,6.93816
u0011149:i2095649,4.86779
u0011149:i3090634,5.95351
u0011150:i0338013,7.40281
u0011150:i0824747,7.40281
u0011150:i1028528,7.40281
u0011166:i0086336,8.07149
u0011166:i0107497,8.07149
u0011166:i0120888,8.07149
u0011166:i0166924,8.07149
u0011166:i0240890,8.07149
u0011166:i0369610,8.07149
u0011166:i0479500,8.07149
u0011166:i0805570,8.07149
u0011166:i0817177,8.07149
u0011166:i1024255,8.07149
u0011166:i1204977,8.07149
u0011166:i1242460,8.07149
u0011166:i1355630,8.07149
u0011166:i1661199,8.07149
u0011166:i1877832,8.07149
u0011166:i2096673,8.07149
u0011166:i2294449,8.07149
u0011166:i2339741,8.07149
u0011166:i2870756,8.07149
u0011166:i2975578,8.07149
u0011166:i3235888,8.07149
u0011186:i0074749,8.30629
u0011186:i0455944,8.30629
u0011186:i0780536,8.30629
u0011186:i0816692,8.30629
u0011186:i1119646,8.30629
u0011186:i1124035,8.30629
u0011186:i1270262,8.30629
u0011186:i1411697,8.30629
u0011186:i1545759,8.30629
u0011186:i1617178,8.30629
u0011186:i1823672,8.30629
u0011186:i2011159,8.30629
u0011186:i2088003,8.30629
u0011186:i2199571,8.30629
u0011186:i2267998,8.30629
u0011186:i2278388,8.30629
u0011186:i2494280,8.30629
u0011186:i2582802,8.30629
u0011186:i2713180,8.30629
u0011186:i2872718,8.30629
u0011189:i1617661,7.76569
u0011189:i2576852,7.76569
u0011189:i2908446,7.76569
u0011207:i1375666,7.60697
u0011207:i1631867,7.60697
u0011207:i2267998,7.60697
u0011207:i2557490,7.60697
u0011208:i0075314,8.5991
u0011208:i0102685,8.5991
u0011208:i0103064,8.5991
u0011208:i0116629,8.5991
u0011208:i0325980,8.5991
u0011208:i0478970,8.5991
u0011208:i0816692,8.5991
u0011208:i0829150,8.5991
u0011208:i1100089,8.5991
u0011208:i1528071,8.5991
u0011208:i1698010,8.5991
u0011208:i1780798,8.5991
u0011208:i2126355,8.5991
u0011208:i2179136,8.5991
u0011208:i2395427,8.5991
u0011208:i2404311,8.5991
u0011208:i2692250,8.5991
u0011208:i2820852,8.5991
u0011222:i0111161,5.27028
u0011222:i0816692,6.64822
u0011222:i2637276,6.52386
u0011222:i2908446,6.71604
u0011232:i0094737,6.0249
u0011232:i0120586,5.98077
u0011232:i0477348,6.67692
u0011232:i0884732,6.84726
u0011232:i0964517,5.89374
u0011232:i1219289,6.70398
u0011232:i1666801,6.32021
u0011232:i2097298,6.39798
u0011232:i2322441,7.0763
u0011232:i2381941,7.00998
u0011232:i2802144,6.91275
u0011232:i2820852,6.85053
u0011268:i0027977,7.60697
u0011268:i0046912,7.60697
u0011268:i0052357,7.60697
u0011268:i0056592,7.60697
u0011268:i0057012,7.60697
u0011268:i0060196,7.60697
u0011268:i0081059,7.60697
u0011268:i0082971,7.60697
u0011268:i0087469,7.60697
u0011268:i0091763,7.60697
u0011268:i0096283,7.60697
u0011268:i0096874,7.60697
u0011268:i0099088,7.60697
u0011268:i0105695,7.60697
u0011268:i0108052,7.60697
u0011268:i0119698,7.60697
u0011268:i0169547,7.60697
u0011268:i0347149,7.60697
u0011268:i0450188,7.60697
u0011268:i0470752,7.60697
u0011268:i0765443,7.60697
u0011268:i0808506,7.60697
u0011268:i1212450,7.60697
u0011268:i1216491,7.60697
u0011268:i1231587,7.60697
u0011268:i1392190,7.60697
u0011268:i1403865,7.60697
u0011268:i1454468,7.60697
u0011268:i1677561,7.60697
u0011268:i2096672,7.60697
u0011268:i2140203,7.60697
u0011268:i2245084,7.60697
u0011268:i2562232,7.60697
u0011268:i2737050,7.60697
u0011268:i2872718,7.60697
u0011268:i2911666,7.60697
u0011268:i3011894,7.60697
u0011288:i0043274,3.85852
u0011288:i0070047,6.03727
u0011288:i0074285,6.42794
u0011288:i0076759,6.12336
u0011288:i0080684,6.4448
u0011288:i0082971,6.62079
u0011288:i0083907,0
u0011288:i0084516,5.49744
u0011288:i0086190,5.93052
u0011288:i0087469,5.97088
u0011288:i0092991,4.66886
u0011288:i0094721,5.21504
u0011288:i0097576,6.18798
u0011288:i0099487,4.36856
u0011288:i0106308,0
u0011288:i0107290,6.27258
u0011288:i0107688,5.85523
u0011288:i0120737,4.8323
u0011288:i0120915,5.74417
u0011288:i0121164,4.41624
u0011288:i0121765,5.39256
u0011288:i0121766,5.45967
u0011288:i0167260,4.5711
u0011288:i0167261,4.09992
u0011288:i0185937,6.57099
u0011288:i0241527,5.69112
u0011288:i0266543,6.86693
u0011288:i0295297,5.96537
u0011288:i0304141,5.76144
u0011288:i0324216,4.85204
u0011288:i0327597,5.4176
u0011288:i0330373,5.21073
u0011288:i0335345,6.2172
u0011288:i0367882,5.39496
u0011288:i0369610,6.91903
u0011288:i0372784,6.50795
u0011288:i0373889,5.48419
u0011288:i0404032,6.04178
u0011288:i0408236,5.70444
u0011288:i0417741,6.21786
u0011288:i0420294,5.90762
u0011288:i0431021,5.39845
u0011288:i0443649,3.86115
u0011288:i0468569,5.50592
u0011288:i0472033,5.0942
u0011288:i0472043,5.94934
u0011288:i0499549,6.64243
u0011288:i0848228,6.5373
u0011288:i0903624,5.56373
u0011288:i0926084,4.66232
u0011288:i0938283,3.96299
u0011288:i1014759,4.70555
u0011288:i1077368,5.1634
u0011288:i1132620,6.69878
u0011288:i1142977,2.47838
u0011288:i1170358,6.00097
u0011288:i1185834,3.15692
u0011288:i1201607,6.38998
u0011288:i1216487,6.18655
u0011288:i1288558,6.19761
u0011288:i1320244,3.3798
u0011288:i1343097,5.75169
u0011288:i1345836,5.09972
u0011288:i1392170,4.91475
u0011288:i1457767,5.76068
u0011288:i1568346,6.00885
u0011288:i1591095,5.87738
u0011288:i1939659,6.69181
u0011288:i1951264,5.86071
u0011288:i1951265,6.94179
u0011288:i2034139,4.68163
u0011288:i2226417,5.76579
u0011288:i2310332,6.95224
u0011288:i2388715,6.49271
u0011295:i0780653,5.00435
u0011295:i1130884,5.36621
u0011295:i2911666,7.12436
u0011298:i0120815,7.74571
u0011298:i0242193,7.74571
u0011298:i0264616,7.74571
u0011298:i0369610,7.74571
u0011298:i0470752,7.74571
u0011298:i1340138,7.74571
u0011298:i1385956,7.74571
u0011298:i1392190,7.74571
u0011298:i1398426,7.74571
u0011298:i1528100,7.74571
u0011298:i1645089,7.74571
u0011298:i1698652,7.74571
u0011298:i1798684,7.74571
u0011298:i1823672,7.74571
u0011298:i2084970,7.74571
u0011298:i2179136,7.74571
u0011298:i2205904,7.74571
u0011298:i2261331,7.74571
u0011298:i2338151,7.74571
u0011298:i2381941,7.74571
u0011298:i2395427,7.74571
u0011298:i2436386,7.74571
u0011298:i2446042,7.74571
u0011298:i2820852,7.74571
u0011298:i2866360,7.74571
u0011298:i2937898,7.74571
u0011298:i3235888,7.74571
u0011298:i4044364,7.74571
u0011302:i0095953,7.02737
u0011302:i0111257,7.02737
u0011302:i0119217,7.02737
u0011302:i0120586,7.02737
u0011302:i0120660,7.02737
u0011302:i0181689,7.02737
u0011302:i0209144,7.02737
u0011302:i0257044,7.02737
u0011302:i0317740,7.02737
u0011302:i0352248,7.02737
u0011302:i0443706,7.02737
u0011302:i0452623,7.02737
u0011302:i0453467,7.02737
u0011302:i0454848,7.02737
u0011302:i0780571,7.02737
u0011302:i0804516,7.02737
u0011302:i0816692,7.02737
u0011302:i0861739,7.02737
u0011302:i1034303,7.02737
u0011302:i1037705,7.02737
u0011302:i1130884,7.02737
u0011302:i1193138,7.02737
u0011302:i1255953,7.02737
u0011302:i1258197,7.02737
u0011302:i1385826,7.02737
u0011302:i1392190,7.02737
u0011302:i1437358,7.02737
u0011302:i1458175,7.02737
u0011302:i1462758,7.02737
u0011302:i1872181,7.02737
u0011302:i1937264,7.02737
u0011302:i2084970,7.02737
u0011302:i2179136,7.02737
u0011302:i2322441,7.02737
u0011302:i2369135,7.02737
u0011302:i2446042,7.02737
u0011302:i2493486,7.02737
u0011302:i2582802,7.02737
u0011302:i2614684,7.02737
u0011302:i2820852,7.02737
u0011317:i0083564,7.95141
u0011317:i0114898,7.95141
u0011317:i0120912,7.95141
u0011317:i0369610,7.95141
u0011317:i0398286,7.95141
u0011317:i1014763,7.95141
u0011317:i1054606,7.95141
u0011317:i1065073,7.95141
u0011317:i1210819,7.95141
u0011317:i1245492,7.95141
u0011317:i1270761,7.95141
u0011317:i1298649,7.95141
u0011317:i1375666,7.95141
u0011317:i1742044,7.95141
u0011317:i1767354,7.95141
u0011317:i1821426,7.95141
u0011317:i1821641,7.95141
u0011317:i1839492,7.95141
u0011317:i1971352,7.95141
u0011317:i1980929,7.95141
u0011317:i2088003,7.95141
u0011317:i2096673,7.95141
u0011317:i2177827,7.95141
u0011317:i2209764,7.95141
u0011317:i2245084,7.95141
u0011317:i2293640,7.95141
u0011317:i2305051,7.95141
u0011317:i2333804,7.95141
u0011317:i2381249,7.95141
u0011317:i2395427,7.95141
u0011317:i2400275,7.95141
u0011317:i2582802,7.95141
u0011317:i2614684,7.95141
u0011317:i2637276,7.95141
u0011317:i2692250,7.95141
u0011317:i2692904,7.95141
u0011317:i2720680,7.95141
u0011317:i2752200,7.95141
u0011317:i2764784,7.95141
u0011317:i2870756,7.95141
u0011317:i2872718,7.95141
u0011317:i2910814,7.95141
u0011317:i3011894,7.95141
u0011317:i3184934,7.95141
u0011317:i3630276,7.95141
u0011339:i0369610,6.87921
u0011339:i0455944,6.87921
u0011339:i0829150,6.87921
u0011339:i0831387,6.87921
u0011339:i1528100,6.87921
u0011339:i1951265,6.87921
u0011339:i2179136,6.87921
u0011339:i2261331,6.87921
u0011339:i2446042,6.87921
u0011339:i2980516,6.87921
u0011339:i3007512,6.87921
u0011348:i0415965,7.60455
u0011348:i1663207,7.60455
u0011348:i1872194,7.60455
u0011348:i1956620,7.60455
u0011348:i2172934,7.60455
u0011348:i2223990,7.60455
u0011348:i2267998,7.60455
u0011348:i2397535,7.60455
u0011348:i2402157,7.60455
u0011348:i2467046,7.60455
u0011348:i2872732,7.60455
u0011362:i0105236,6.05824
u0011362:i0120586,6.10039
u0011362:i0137523,5.87708
u0011362:i0253474,5.32837
u0011362:i0327056,6.64815
u0011362:i0884732,6.88927
u0011362:i1068680,4.86827
u0011362:i1136608,5.5299
u0011362:i1187043,5.81146
u0011362:i1219289,6.85634
u0011362:i1231583,4.84991
u0011362:i1243974,6.47616
u0011362:i1255953,5.76012
u0011362:i1258197,4.42357
u0011362:i1306980,6.01872
u0011362:i1392190,6.78617
u0011362:i1560747,6.32184
u0011362:i1667355,5.44909
u0011362:i1723811,6.33179
u0011362:i1881002,6.7567
u0011362:i2170593,7.00771
u0011362:i2275946,6.62741
u0011362:i2305051,7.17128
u0011362:i2395427,7.00319
u0011362:i2616810,5.96947
u0011362:i2848292,6.86613
u0011362:i2948790,5.71163
u0011362:i3195644,6.77797
u0011362:i3450650,6.0958
u0011362:i3525346,3.41201
u0011370:i0117060,6.86293
u0011370:i1065073,6.86293
u0011370:i1809398,6.86293
u0011371:i1291584,7.39813
u0011371:i2322441,7.39813
u0011371:i2381941,7.39813
u0011385:i2493486,6.56342
u0011385:i2582802,7.04055
u0011385:i2802144,6.91928
u0011386:i0435651,7.13314
u0011386:i1646971,7.13314
u0011386:i1655441,7.13314
u0011386:i1726592,7.13314
u0011386:i2170593,7.13314
u0011398:i0088247,6.14465
u0011398:i0096734,5.38047
u0011398:i0103064,6.14498
u0011398:i0120611,5.42475
u0011398:i0217869,5.98087
u0011398:i0368447,4.52982
u0011398:i0369610,6.92655
u0011398:i0409459,5.52951
u0011398:i0420293,4.97805
u0011398:i0470752,6.98848
u0011398:i0478970,6.744
u0011398:i0480255,4.62245
u0011398:i1014763,6.4858
u0011398:i1121096,6.85338
u0011398:i1194173,6.45192
u0011398:i1502712,6.75033
u0011398:i1800246,6.2049
u0011398:i1881002,6.84679
u0011398:i2179136,7.08071
u0011398:i2261331,6.61053
u0011398:i2381249,6.90415
u0011398:i2381941,7.02273
u0011398:i2436386,7.02171
u0011398:i2515034,6.66863
u0011398:i2717822,7.0673
u0011398:i2918436,6.77583
u0011398:i3235888,7.02532
u0011398:i3787590,4.84655
u0011428:i0790636,7.60697
u0011428:i0816692,7.60697
u0011428:i0993846,7.60697
u0011428:i1454468,7.60697
u0011428:i1800241,7.60697
u0011428:i2267998,7.60697
u0011445:i0055047,7.49346
u0011445:i0084522,7.49346
u0011445:i0093773,7.49346
u0011445:i0100944,7.49346
u0011445:i0104040,7.49346
u0011445:i0433035,7.49346
u0011445:i0817538,7.49346
u0011445:i0831387,7.49346
u0011445:i0845046,7.49346
u0011445:i1213663,7.49346
u0011445:i1277936,7.49346
u0011445:i1288558,7.49346
u0011445:i1535616,7.49346
u0011445:i1877832,7.49346
u0011445:i3063516,7.49346
u0011464:i0369610,7.60697
u0011464:i0470752,7.60697
u0011464:i1392190,7.60697
u0011464:i2199571,7.60697
u0011464:i2370248,7.60697
u0011464:i2395427,7.60697
u0011464:i2582802,7.60697
u0011488:i0119654,7.34963
u0011488:i0120912,7.34963
u0011488:i0454876,7.34963
u0011488:i0948470,7.34963
u0011488:i1259521,7.34963
u0011488:i1306980,7.34963
u0011488:i1375666,7.34963
u0011488:i1409024,7.34963
u0011488:i1568911,7.34963
u0011488:i1587310,7.34963
u0011488:i1622547,7.34963
u0011488:i1772341,7.34963
u0011488:i1843866,7.34963
u0011488:i2170439,7.34963
u0011488:i2180411,7.34963
u0011488:i2713180,7.34963
u0011489:i1375666,5.80992
u0011489:i2084970,6.94535
u0011489:i2245084,7.15269
u0011489:i2908446,6.73469
u0011489:i3713166,6.51641
u0011516:i0041959,7.66252
u0011516:i0042804,7.66252
u0011516:i0043949,7.66252
u0011516:i0046247,7.66252
u0011516:i0059742,7.66252
u0011516:i0077928,7.66252
u0011516:i0079501,7.66252
u0011516:i0088247,7.66252
u0011516:i0101414,7.66252
u0011516:i0102926,7.66252
u0011516:i0210616,7.66252
u0011516:i0215750,7.66252
u0011516:i0301357,7.66252
u0011516:i0363163,7.66252
u0011516:i0369610,7.66252
u0011516:i0374569,7.66252
u0011516:i0401792,7.66252
u0011516:i0409379,7.66252
u0011516:i0435651,7.66252
u0011516:i0470752,7.66252
u0011516:i0477080,7.66252
u0011516:i0478970,7.66252
u0011516:i0765443,7.66252
u0011516:i0892255,7.66252
u0011516:i0949731,7.66252
u0011516:i0962726,7.66252
u0011516:i0962736,7.66252
u0011516:i1014763,7.66252
u0011516:i1136608,7.66252
u0011516:i1212436,7.66252
u0011516:i1216491,7.66252
u0011516:i1229822,7.66252
u0011516:i1247690,7.66252
u0011516:i1291584,7.66252
u0011516:i1327194,7.66252
u0011516:i1340138,7.66252
u0011516:i1392190,7.66252
u0011516:i1462900,7.66252
u0011516:i1532958,7.66252
u0011516:i1617661,7.66252
u0011516:i1638355,7.66252
u0011516:i1655441,7.66252
u0011516:i1666801,7.66252
u0011516:i1702439,7.66252
u0011516:i1715336,7.66252
u0011516:i1823672,7.66252
u0011516:i1893256,7.66252
u0011516:i1911658,7.66252
u0011516:i1921064,7.66252
u0011516:i1972779,7.66252
u0011516:i2034031,7.66252
u0011516:i2096673,7.66252
u0011516:i2109248,7.66252
u0011516:i2126355,7.66252
u0011516:i2180411,7.66252
u0011516:i2199571,7.66252
u0011516:i2229511,7.66252
u0011516:i2245084,7.66252
u0011516:i2261331,7.66252
u0011516:i2268016,7.66252
u0011516:i2272918,7.66252
u0011516:i2293640,7.66252
u0011516:i2316411,7.66252
u0011516:i2318092,7.66252
u0011516:i2322441,7.66252
u0011516:i2339741,7.66252
u0011516:i2377322,7.66252
u0011516:i2381249,7.66252
u0011516:i2395427,7.66252
u0011516:i2402101,7.66252
u0011516:i2404181,7.66252
u0011516:i2446042,7.66252
u0011516:i2493486,7.66252
u0011516:i2515030,7.66252
u0011516:i2582802,7.66252
u0011516:i2639254,7.66252
u0011516:i2679042,7.66252
u0011516:i2726560,7.66252
u0011516:i2802144,7.66252
u0011516:i2820852,7.66252
u0011516:i2908446,7.66252
u0011516:i2911666,7.66252
u0011516:i2917646,7.66252
u0011516:i2935476,7.66252
u0011516:i2966760,7.66252
u0011516:i3181822,7.66252
u0011516:i3235888,7.66252
u0011516:i4270852,7.66252
u0011544:i0369610,6.89184
u0011544:i1798684,6.89184
u0011544:i2381941,6.89184
u0011544:i2582802,6.89184
u0011544:i2994190,6.89184
u0011560:i1392190,6.79191
u0011560:i1637725,6.40625
u0011560:i2082197,3.8204
u0011560:i2725962,6.68466
u0011560:i2872750,7.12504
u0011588:i1340138,7.69718
u0011588:i1809398,7.69718
u0011588:i2084970,7.69718
u0011588:i2179136,7.69718
u0011588:i2322441,7.69718
u0011588:i2381941,7.69718
u0011588:i2446042,7.69718
u0011588:i2713180,7.69718
u0011588:i2908446,7.69718
u0011588:i2980516,7.69718
u0011588:i3079380,7.69718
u0011588:i3181822,7.69718
u0011610:i1637688,6.95273
u0011610:i2084970,6.95273
u0011610:i2278388,6.95273
u0011612:i0369610,7.8599
u0011612:i1392190,7.8599
u0011612:i1486834,7.8599
u0011612:i2179136,7.8599
u0011613:i1020530,5.17088
u0011613:i1512685,6.04583
u0011613:i2170439,6.96044
u0011613:i2170593,7.04753
u0011613:i2910274,6.65623
u0011625:i0047437,7.96383
u0011625:i0250494,7.96383
u0011625:i1226240,7.96383
u0011625:i1692190,7.96383
u0011631:i0073540,7.60697
u0011631:i0107290,7.60697
u0011631:i0323120,7.60697
u0011631:i0840361,7.60697
u0011631:i1024648,7.60697
u0011631:i1170358,7.60697
u0011631:i1483013,7.60697
u0011631:i1587310,7.60697
u0011631:i1638002,7.60697
u0011631:i1706593,7.60697
u0011631:i1790864,7.60697
u0011631:i1840309,7.60697
u0011631:i2084970,7.60697
u0011631:i2123996,7.60697
u0011631:i2181931,7.60697
u0011631:i2245084,7.60697
u0011631:i2293640,7.60697
u0011631:i2582802,7.60697
u0011631:i2908446,7.60697
u0011631:i2911666,7.60697
u0011631:i3089922,7.60697
u0011631:i3149640,7.60697
u0011661:i2381941,7.0355
u0011661:i2395427,7.01078
u0011661:i2802144,6.92581
u0011661:i2820852,6.85956
u0011669:i0369610,6.70265
u0011669:i0816692,6.70265
u0011669:i2309260,6.70265
u0011669:i2637276,6.70265
u0011669:i2752772,6.70265
u0011688:i1392190,6.79765
u0011688:i2015381,6.72455
u0011688:i2095649,5.27344
u0011688:i2820852,6.8686
u0011729:i0111161,7.67
u0011729:i0120382,7.67
u0011729:i0167404,7.67
u0011729:i0816692,7.67
u0011729:i0884732,7.67
u0011729:i1029360,7.67
u0011729:i1195478,7.67
u0011729:i1340138,7.67
u0011729:i1375666,7.67
u0011729:i1826590,7.67
u0011729:i2039393,7.67
u0011729:i2126355,7.67
u0011729:i2239832,7.67
u0011729:i2268016,7.67
u0011729:i2322441,7.67
u0011729:i2387559,7.67
u0011729:i2637294,7.67
u0011729:i2820852,7.67
u0011729:i2848292,7.67
u0011729:i3195644,7.67
u0011729:i3203616,7.67
u0011753:i0068646,4.96207
u0011753:i0097239,3.44213
u0011753:i0172495,5.70399
u0011753:i0174856,6.27714
u0011753:i0361862,6.03777
u0011753:i2084970,6.95255
u0011753:i2278388,6.79125
u0011753:i2582802,7.04832
u0011753:i2802144,6.93235
u0011761:i0053291,7.60697
u0011761:i0054698,7.60697
u0011761:i0059742,7.60697
u0011761:i0066921,7.60697
u0011761:i0068327,7.60697
u0011761:i0071315,7.60697
u0011761:i0073629,7.60697
u0011761:i0075314,7.60697
u0011761:i0088847,7.60697
u0011761:i0090756,7.60697
u0011761:i0094947,7.60697
u0011761:i0102926,7.60697
u0011761:i0103074,7.60697
u0011761:i0105236,7.60697
u0011761:i0110912,7.60697
u0011761:i0116282,7.60697
u0011761:i0119217,7.60697
u0011761:i0120601,7.60697
u0011761:i0120663,7.60697
u0011761:i0128445,7.60697
u0011761:i0138097,7.60697
u0011761:i0154506,7.60697
u0011761:i0167404,7.60697
u0011761:i0169547,7.60697
u0011761:i0211915,7.60697
u0011761:i0230600,7.60697
u0011761:i0268126,7.60697
u0011761:i0299658,7.60697
u0011761:i0309698,7.60697
u0011761:i0317248,7.60697
u0011761:i0327162,7.60697
u0011761:i0338013,7.60697
u0011761:i0361748,7.60697
u0011761:i0369610,7.60697
u0011761:i0470752,7.60697
u0011761:i0844708,7.60697
u0011761:i0884732,7.60697
u0011761:i0935075,7.60697
u0011761:i1068242,7.60697
u0011761:i1243974,7.60697
u0011761:i1360860,7.60697
u0011761:i1392190,7.60697
u0011761:i1440232,7.60697
u0011761:i1655441,7.60697
u0011761:i1661199,7.60697
u0011761:i1666801,7.60697
u0011761:i1809398,7.60697
u0011761:i1832382,7.60697
u0011761:i2096673,7.60697
u0011761:i2179136,7.60697
u0011761:i2229499,7.60697
u0011761:i2309260,7.60697
u0011761:i2322441,7.60697
u0011761:i2358925,7.60697
u0011761:i2381941,7.60697
u0011761:i2395427,7.60697
u0011761:i2561572,7.60697
u0011761:i2562232,7.60697
u0011761:i2582802,7.60697
u0011761:i2637276,7.60697
u0011761:i2637294,7.60697
u0011761:i2737050,7.60697
u0011761:i2788710,7.60697
u0011761:i2802144,7.60697
u0011761:i2820852,7.60697
u0011761:i2848292,7.60697
u0011761:i2872718,7.60697
u0011761:i2908446,7.60697
u0011761:i2967224,7.60697
u0011761:i3079380,7.60697
u0011761:i3181822,7.60697
u0011761:i3195644,7.60697
u0011761:i3622592,7.60697
u0011761:i3787590,7.60697
u0011765:i0385002,6.83384
u0011765:i0478970,6.83384
u0011765:i1375666,6.83384
u0011765:i1488555,6.83384
u0011765:i1853728,6.83384
u0011765:i2024432,6.83384
u0011765:i2293640,6.83384
u0011769:i1790864,6.78742
u0011769:i2084970,6.95976
u0011769:i2582802,7.0561
u0011769:i3203616,6.77258
u0011787:i0376136,6.22741
u0011787:i1149361,6.22741
u0011787:i1189340,6.22741
u0011787:i1219342,6.22741
u0011787:i1371150,6.22741
u0011787:i1587310,6.22741
u0011787:i2195566,6.22741
u0011787:i2911666,6.22741
u0011787:i3973036,6.22741
u0011804:i0052357,6.88138
u0011804:i0080365,6.88138
u0011804:i0166924,6.88138
u0011804:i0405094,6.88138
u0011804:i1000774,6.88138
u0011804:i1007029,6.88138
u0011804:i1392190,6.88138
u0011804:i2172934,6.88138
u0011804:i2179136,6.88138
u0011804:i2267998,6.88138
u0011804:i2278388,6.88138
u0011804:i2562232,6.88138
u0011804:i2802144,6.88138
u0011804:i2820852,6.88138
u0011804:i2872718,6.88138
u0011804:i2883512,6.88138
u0011804:i2911666,6.88138
u0011804:i2980516,6.88138
u0011806:i1850397,7.60697
u0011806:i2381941,7.60697
u0011806:i2446042,7.60697
u0011806:i2911666,7.60697
u0011806:i3181822,7.60697
u0011814:i0019777,7.63271
u0011814:i0020640,7.63271
u0011814:i0022158,7.63271
u0011814:i0023027,7.63271
u0011814:i0025316,7.63271
u0011814:i0033467,7.63271
u0011814:i0034240,7.63271
u0011814:i0034248,7.63271
u0011814:i0037008,7.63271
u0011814:i0038057,7.63271
u0011814:i0038669,7.63271
u0011814:i0038762,7.63271
u0011814:i0039224,7.63271
u0011814:i0039536,7.63271
u0011814:i0039645,7.63271
u0011814:i0042192,7.63271
u0011814:i0042369,7.63271
u0011814:i0043132,7.63271
u0011814:i0044789,7.63271
u0011814:i0046187,7.63271
u0011814:i0046345,7.63271
u0011814:i0046911,7.63271
u0011814:i0048347,7.63271
u0011814:i0050212,7.63271
u0011814:i0053221,7.63271
u0011814:i0054189,7.63271
u0011814:i0055928,7.63271
u0011814:i0056217,7.63271
u0011814:i0057076,7.63271
u0011814:i0058150,7.63271
u0011814:i0058461,7.63271
u0011814:i0059578,7.63271
u0011814:i0059800,7.63271
u0011814:i0060196,7.63271
u0011814:i0060862,7.63271
u0011814:i0061395,7.63271
u0011814:i0062512,7.63271
u0011814:i0064757,7.63271
u0011814:i0065571,7.63271
u0011814:i0066214,7.63271
u0011814:i0066995,7.63271
u0011814:i0067328,7.63271
u0011814:i0067959,7.63271
u0011814:i0069495,7.63271
u0011814:i0069995,7.63271
u0011814:i0070328,7.63271
u0011814:i0070510,7.63271
u0011814:i0070608,7.63271
u0011814:i0070849,7.63271
u0011814:i0070959,7.63271
u0011814:i0071385,7.63271
u0011814:i0071532,7.63271
u0011814:i0071807,7.63271
u0011814:i0072308,7.63271
u0011814:i0072665,7.63271
u0011814:i0072890,7.63271
u0011814:i0073317,7.63271
u0011814:i0074851,7.63271
u0011814:i0074906,7.63271
u0011814:i0074964,7.63271
u0011814:i0076752,7.63271
u0011814:i0079501,7.63271
u0011814:i0079574,7.63271
u0011814:i0079843,7.63271
u0011814:i0080408,7.63271
u0011814:i0080761,7.63271
u0011814:i0081230,7.63271
u0011814:i0081375,7.63271
u0011814:i0082089,7.63271
u0011814:i0082198,7.63271
u0011814:i0082220,7.63271
u0011814:i0082398,7.63271
u0011814:i0082817,7.63271
u0011814:i0083189,7.63271
u0011814:i0083906,7.63271
u0011814:i0084732,7.63271
u0011814:i0084805,7.63271
u0011814:i0085245,7.63271
u0011814:i0086006,7.63271
u0011814:i0086034,7.63271
u0011814:i0086859,7.63271
u0011814:i0087062,7.63271
u0011814:i0087428,7.63271
u0011814:i0088001,7.63271
u0011814:i0088247,7.63271
u0011814:i0088930,7.63271
u0011814:i0088944,7.63271
u0011814:i0089092,7.63271
u0011814:i0089343,7.63271
u0011814:i0089360,7.63271
u0011814:i0089530,7.63271
u0011814:i0089560,7.63271
u0011814:i0089901,7.63271
u0011814:i0090073,7.63271
u0011814:i0090350,7.63271
u0011814:i0090567,7.63271
u0011814:i0090568,7.63271
u0011814:i0091129,7.63271
u0011814:i0091637,7.63271
u0011814:i0091875,7.63271
u0011814:i0092214,7.63271
u0011814:i0092641,7.63271
u0011814:i0092654,7.63271
u0011814:i0092732,7.63271
u0011814:i0093428,7.63271
u0011814:i0094012,7.63271
u0011814:i0095357,7.63271
u0011814:i0095631,7.63271
u0011814:i0095638,7.63271
u0011814:i0096259,7.63271
u0011814:i0096294,7.63271
u0011814:i0096320,7.63271
u0011814:i0096734,7.63271
u0011814:i0096875,7.63271
u0011814:i0097322,7.63271
u0011814:i0097742,7.63271
u0011814:i0099409,7.63271
u0011814:i0099703,7.63271
u0011814:i0099939,7.63271
u0011814:i0100114,7.63271
u0011814:i0100944,7.63271
u0011814:i0102048,7.63271
u0011814:i0103064,7.63271
u0011814:i0103069,7.63271
u0011814:i0103759,7.63271
u0011814:i0104427,7.63271
u0011814:i0104452,7.63271
u0011814:i0105017,7.63271
u0011814:i0105265,7.63271
u0011814:i0105698,7.63271
u0011814:i0107286,7.63271
u0011814:i0107290,7.63271
u0011814:i0108327,7.63271
u0011814:i0109068,7.63271
u0011814:i0109686,7.63271
u0011814:i0110475,7.63271
u0011814:i0110722,7.63271
u0011814:i0110932,7.63271
u0011814:i0113189,7.63271
u0011814:i0113537,7.63271
u0011814:i0114069,7.63271
u0011814:i0114323,7.63271
u0011814:i0114594,7.63271
u0011814:i0115530,7.63271
u0011814:i0115736,7.63271
u0011814:i0115857,7.63271
u0011814:i0117998,7.63271
u0011814:i0118749,7.63271
u0011814:i0118928,7.63271
u0011814:i0119051,7.63271
u0011814:i0119256,7.63271
u0011814:i0119291,7.63271
u0011814:i0119314,7.63271
u0011814:i0119336,7.63271
u0011814:i0119567,7.63271
u0011814:i0119717,7.63271
u0011814:i0119822,7.63271
u0011814:i0120202,7.63271
u0011814:i0120434,7.63271
u0011814:i0120461,7.63271
u0011814:i0120647,7.63271
u0011814:i0120746,7.63271
u0011814:i0120885,7.63271
u0011814:i0129280,7.63271
u0011814:i0133093,7.63271
u0011814:i0137494,7.63271
u0011814:i0146316,7.63271
u0011814:i0146984,7.63271
u0011814:i0155388,7.63271
u0011814:i0163025,7.63271
u0011814:i0175880,7.63271
u0011814:i0181852,7.63271
u0011814:i0189584,7.63271
u0011814:i0202677,7.63271
u0011814:i0210149,7.63271
u0011814:i0211915,7.63271
u0011814:i0232500,7.63271
u0011814:i0234215,7.63271
u0011814:i0242653,7.63271
u0011814:i0243655,7.63271
u0011814:i0252503,7.63271
u0011814:i0258761,7.63271
u0011814:i0272338,7.63271
u0011814:i0280380,7.63271
u0011814:i0286244,7.63271
u0011814:i0289992,7.63271
u0011814:i0309987,7.63271
u0011814:i0314353,7.63271
u0011814:i0319262,7.63271
u0011814:i0322259,7.63271
u0011814:i0355029,7.63271
u0011814:i0362526,7.63271
u0011814:i0363163,7.63271
u0011814:i0364045,7.63271
u0011814:i0367089,7.63271
u0011814:i0369610,7.63271
u0011814:i0382189,7.63271
u0011814:i0386140,7.63271
u0011814:i0409182,7.63271
u0011814:i0419773,7.63271
u0011814:i0438488,7.63271
u0011814:i0443496,7.63271
u0011814:i0469494,7.63271
u0011814:i0470752,7.63271
u0011814:i0478970,7.63271
u0011814:i0483607,7.63271
u0011814:i0757361,7.63271
u0011814:i0758746,7.63271
u0011814:i0790724,7.63271
u0011814:i0811080,7.63271
u0011814:i0900387,7.63271
u0011814:i0918927,7.63271
u0011814:i0993842,7.63271
u0011814:i1013752,7.63271
u0011814:i1020072,7.63271
u0011814:i1107860,7.63271
u0011814:i1109624,7.63271
u0011814:i1135503,7.63271
u0011814:i1137470,7.63271
u0011814:i1190080,7.63271
u0011814:i1210042,7.63271
u0011814:i1216491,7.63271
u0011814:i1234654,7.63271
u0011814:i1340138,7.63271
u0011814:i1371111,7.63271
u0011814:i1381404,7.63271
u0011814:i1392190,7.63271
u0011814:i1436045,7.63271
u0011814:i1524930,7.63271
u0011814:i1560747,7.63271
u0011814:i1598642,7.63271
u0011814:i1605777,7.63271
u0011814:i1615147,7.63271
u0011814:i1617661,7.63271
u0011814:i1638355,7.63271
u0011814:i1661199,7.63271
u0011814:i1708135,7.63271
u0011814:i1767372,7.63271
u0011814:i1772288,7.63271
u0011814:i1790834,7.63271
u0011814:i1791528,7.63271
u0011814:i1791682,7.63271
u0011814:i1798684,7.63271
u0011814:i1823672,7.63271
u0011814:i1881002,7.63271
u0011814:i1905041,7.63271
u0011814:i1964418,7.63271
u0011814:i1996310,7.63271
u0011814:i2039393,7.63271
u0011814:i2096673,7.63271
u0011814:i2120120,7.63271
u0011814:i2126355,7.63271
u0011814:i2160413,7.63271
u0011814:i2178941,7.63271
u0011814:i2224026,7.63271
u0011814:i2245084,7.63271
u0011814:i2305051,7.63271
u0011814:i2326554,7.63271
u0011814:i2328813,7.63271
u0011814:i2347569,7.63271
u0011814:i2366608,7.63271
u0011814:i2376218,7.63271
u0011814:i2381249,7.63271
u0011814:i2381941,7.63271
u0011814:i2395427,7.63271
u0011814:i2452200,7.63271
u0011814:i2452254,7.63271
u0011814:i2514338,7.63271
u0011814:i2515034,7.63271
u0011814:i2561572,7.63271
u0011814:i2570858,7.63271
u0011814:i2639254,7.63271
u0011814:i2639344,7.63271
u0011814:i2656588,7.63271
u0011814:i2717822,7.63271
u0011814:i2752688,7.63271
u0011814:i2753778,7.63271
u0011814:i2764784,7.63271
u0011814:i2784678,7.63271
u0011814:i2785032,7.63271
u0011814:i2802144,7.63271
u0011814:i2820852,7.63271
u0011814:i2872462,7.63271
u0011814:i2893490,7.63271
u0011814:i2911666,7.63271
u0011814:i2935564,7.63271
u0011814:i2936180,7.63271
u0011814:i2937898,7.63271
u0011814:i2944198,7.63271
u0011814:i3007512,7.63271
u0011814:i3045616,7.63271
u0011814:i3168230,7.63271
u0011814:i3205376,7.63271
u0011814:i3235888,7.63271
u0011814:i3294200,7.63271
u0011814:i3297330,7.63271
u0011814:i3316960,7.63271
u0011814:i3397884,7.63271
u0011814:i3416742,7.63271
u0011814:i3442006,7.63271
u0011814:i3630276,7.63271
u0011814:i3704416,7.63271
u0011814:i3715320,7.63271
u0011814:i3813310,7.63271
u0011814:i4136056,7.63271
u0011846:i0900387,6.00912
u0011846:i1649419,6.25728
u0011846:i1758595,6.63753
u0011846:i1781922,6.34742
u0011846:i2126355,7.00832
u0011846:i3687398,5.0717
u0011852:i1014763,7.47539
u0011852:i1198156,7.47539
u0011852:i1661199,7.47539
u0011852:i1850397,7.47539
u0011852:i2101569,7.47539
u0011852:i2140379,7.47539
u0011852:i2199571,7.47539
u0011852:i2582802,7.47539
u0011852:i2820852,7.47539
u0011852:i3079380,7.47539
u0011852:i3235888,7.47539
u0011852:i3316960,7.47539
u0011864:i0878804,7.50908
u0011864:i1638002,7.50908
u0011864:i1686821,7.50908
u0011864:i2084970,7.50908
u0011864:i2848292,7.50908
u0011864:i2872732,7.50908
u0011885:i0048424,0
u0011885:i0083658,7.04304
u0011885:i0121766,5.63578
u0011885:i2140203,5.54209
u0011918:i0105236,7.60697
u0011918:i1617661,7.60697
u0011918:i2802144,7.60697
u0011919:i0129290,7.60697
u0011919:i0251160,7.60697
u0011919:i1832382,7.60697
u0011922:i0076759,6.2845
u0011922:i0780504,6.6932
u0011922:i1340138,6.91525
u0011922:i2293640,7.00109
u0011922:i2395427,7.01837
u0011936:i2267998,6.82518
u0011936:i2381941,7.04829
u0011936:i2788710,7.16034
u0011951:i1243974,6.59609
u0011951:i1392190,6.80339
u0011951:i3235888,7.05115
u0011962:i0787474,7.98752
u0011962:i1055292,7.98752
u0011962:i1528100,7.98752
u0011962:i2245084,7.98752
u0011962:i2267998,7.98752
u0011962:i2788710,7.98752
u0011962:i3203616,7.98752
u0011974:i0369610,8.5991
u0011974:i0371746,8.5991
u0011974:i2279373,8.5991
u0011984:i0081398,7.67033
u0011984:i0091763,7.67033
u0011984:i0120735,7.67033
u0011984:i0211915,7.67033
u0011984:i0253474,7.67033
u0011984:i0405094,7.67033
u0011984:i0478970,7.67033
u0011984:i1065073,7.67033
u0011984:i1392190,7.67033
u0011984:i2084970,7.67033
u0011984:i2096673,7.67033
u0011984:i2179136,7.67033
u0011984:i2209418,7.67033
u0011984:i2381249,7.67033
u0011984:i2395427,7.67033
u0011984:i2582802,7.67033
u0011984:i2802144,7.67033
u0011987:i0884732,7.42891
u0011987:i1638355,7.42891
u0011987:i1781922,7.42891
u0011987:i2381941,7.42891
u0011987:i2872718,7.42891
u0011987:i2917388,7.42891
u0011987:i3672840,7.42891
u0011987:i3802576,7.42891
u0011996:i0187393,6.3881
u0011996:i0258000,6.19723
u0011996:i0369610,6.93409
u0011996:i0816692,6.65786
u0011996:i1109624,7.0644
u0011996:i1234721,6.91546
u0011996:i1587310,6.60302
u0011996:i1617661,6.9966
u0011996:i1707386,6.9426
u0011996:i1823672,6.99807
u0011996:i1951265,6.97223
u0011996:i2179136,7.08833
u0011996:i2180411,6.96674
u0011996:i2980648,6.92357
u0012021:i0365907,7.23552
u0012021:i0369610,7.23552
u0012021:i1872194,7.23552
u0012021:i2267998,7.23552
u0012021:i2446042,7.23552
u0012021:i2452200,7.23552
u0012021:i2713180,7.23552
u0012021:i2802144,7.23552
u0012021:i2872718,7.23552
u0012021:i3045616,7.23552
u0012023:i1631867,7.60697
u0012023:i2199571,7.60697
u0012023:i2267998,7.60697
u0012023:i2911666,7.60697
u0012025:i0265666,5.624
u0012025:i0362227,6.59041
u0012025:i0369610,6.94164
u0012025:i1318514,7.04438
u0012025:i1602620,6.20643
u0012025:i1736633,0
u0012025:i1980929,7.0503
u0012025:i2616810,6.71566
u0012025:i2820852,6.87765
u0012025:i3616916,0
u0012029:i0369610,7.50874
u0012029:i1621642,7.50874
u0012029:i2015381,7.50874
u0012029:i2084970,7.50874
u0012029:i2096673,7.50874
u0012029:i2126355,7.50874
u0012029:i2293640,7.50874
u0012029:i2381249,7.50874
u0012035:i0369610,7.92204
u0012035:i0884732,7.92204
u0012035:i1086772,7.92204
u0012035:i1392190,7.92204
u0012035:i1655441,7.92204
u0012035:i1661820,7.92204
u0012035:i1674771,7.92204
u0012035:i1881002,7.92204
u0012035:i1951265,7.92204
u0012035:i1964418,7.92204
u0012035:i2084970,7.92204
u0012035:i2096672,7.92204
u0012035:i2096673,7.92204
u0012035:i2120120,7.92204
u0012035:i2126355,7.92204
u0012035:i2179136,7.92204
u0012035:i2199571,7.92204
u0012035:i2268458,7.92204
u0012035:i2293640,7.92204
u0012035:i2561572,7.92204
u0012035:i2562232,7.92204
u0012035:i2637276,7.92204
u0012035:i2713180,7.92204
u0012035:i2788710,7.92204
u0012035:i2802144,7.92204
u0012035:i2820852,7.92204
u0012035:i2848292,7.92204
u0012035:i2872718,7.92204
u0012035:i2980516,7.92204
u0012035:i3079380,7.92204
u0012035:i3195644,7.92204
u0012035:i3247714,7.92204
u0012035:i3321300,7.92204
u0012062:i0066993,7.47
u0012062:i0369610,7.47
u0012062:i0416449,7.47
u0012062:i0770828,7.47
u0012062:i1020072,7.47
u0012062:i1065073,7.47
u0012062:i1126590,7.47
u0012062:i1244658,7.47
u0012062:i1253863,7.47
u0012062:i1291150,7.47
u0012062:i1322269,7.47
u0012062:i1327773,7.47
u0012062:i1392190,7.47
u0012062:i1442492,7.47
u0012062:i1528100,7.47
u0012062:i1541149,7.47
u0012062:i1661199,7.47
u0012062:i1758830,7.47
u0012062:i1763316,7.47
u0012062:i1791682,7.47
u0012062:i1823672,7.47
u0012062:i1865505,7.47
u0012062:i1929308,7.47
u0012062:i1984153,7.47
u0012062:i2180994,7.47
u0012062:i2235779,7.47
u0012062:i2245084,7.47
u0012062:i2267998,7.47
u0012062:i2317225,7.47
u0012062:i2326554,7.47
u0012062:i2374196,7.47
u0012062:i2381249,7.47
u0012062:i2396224,7.47
u0012062:i2424752,7.47
u0012062:i2517658,7.47
u0012062:i2582802,7.47
u0012062:i2582846,7.47
u0012062:i2692250,7.47
u0012062:i2692904,7.47
u0012062:i2802144,7.47
u0012062:i2820852,7.47
u0012062:i2821088,7.47
u0012062:i2870612,7.47
u0012062:i2908446,7.47
u0012062:i2980516,7.47
u0012062:i3169706,7.47
u0012062:i3195644,7.47
u0012062:i3235888,7.47
u0012062:i3316960,7.47
u0012062:i3442006,7.47
u0012062:i3504048,7.47
u0012092:i0053291,4.30506
u0012092:i0058946,5.63758
u0012092:i0068646,5.05229
u0012092:i0073486,5.8949
u0012092:i0088847,5.50124
u0012092:i0111161,5.33534
u0012092:i0114814,5.4596
u0012092:i0120338,5.12963
u0012092:i0120689,5.41256
u0012092:i0405422,4.86861
u0012092:i0468569,5.59063
u0012092:i0816692,6.66751
u0012092:i0838283,4.0482
u0012092:i0993846,6.78832
u0012092:i1853728,5.2585
u0012092:i2557490,7.28196
u0012092:i2872718,7.10819
u0012118:i0137523,5.9565
u0012118:i0268978,5.73332
u0012118:i0295700,2.28123
u0012118:i0325980,6.62514
u0012118:i0463854,5.60448
u0012118:i0816692,6.67717
u0012118:i0887912,6.84943
u0012118:i1392190,6.80914
u0012118:i1772250,6.58483
u0012118:i1853728,5.32769
u0012118:i3011894,7.07153
u0012144:i0884732,7.23943
u0012144:i1100089,7.23943
u0012144:i1605717,7.23943
u0012144:i1772288,7.23943
u0012144:i2179136,7.23943
u0012144:i2245084,7.23943
u0012144:i2381249,7.23943
u0012144:i2381941,7.23943
u0012144:i2562232,7.23943
u0012144:i2582802,7.23943
u0012144:i2802144,7.23943
u0012144:i3011894,7.23943
u0012144:i3247714,7.23943
u0012149:i0105695,7.34963
u0012149:i0327056,7.34963
u0012149:i0369610,7.34963
u0012149:i1065073,7.34963
u0012149:i1125849,7.34963
u0012149:i1392190,7.34963
u0012149:i1964418,7.34963
u0012149:i2140373,7.34963
u0012149:i2395427,7.34963
u0012149:i2562232,7.34963
u0012149:i3398268,7.34963
u0012149:i3474600,7.34963
u0012156:i0075686,7.81429
u0012156:i0116282,7.81429
u0012156:i0338512,7.81429
u0012156:i0369610,7.81429
u0012156:i0470752,7.81429
u0012156:i1020072,7.81429
u0012156:i1029360,7.81429
u0012156:i1126590,7.81429
u0012156:i1188996,7.81429
u0012156:i1196956,7.81429
u0012156:i1617661,7.81429
u0012156:i1798188,7.81429
u0012156:i1809398,7.81429
u0012156:i1816518,7.81429
u0012156:i1823672,7.81429
u0012156:i1964418,7.81429
u0012156:i2084970,7.81429
u0012156:i2096673,7.81429
u0012156:i2177771,7.81429
u0012156:i2245084,7.81429
u0012156:i2305051,7.81429
u0012156:i2395427,7.81429
u0012156:i2397535,7.81429
u0012156:i2514338,7.81429
u0012156:i2562232,7.81429
u0012156:i2576852,7.81429
u0012156:i2582802,7.81429
u0012156:i2872718,7.81429
u0012156:i2908446,7.81429
u0012156:i3316960,7.81429
u0012156:i3322940,7.81429
u0012166:i0472043,7.60697
u0012166:i0780504,7.60697
u0012166:i0857191,7.60697
u0012166:i1655441,7.60697
u0012166:i1800241,7.60697
u0012166:i2381941,7.60697
u0012166:i2404311,7.60697
u0012194:i0369610,7.67
u0012194:i1392190,7.67
u0012194:i2039393,7.67
u0012194:i2179136,7.67
u0012194:i2231253,7.67
u0012194:i2275946,7.67
u0012194:i2713180,7.67
u0012194:i2872718,7.67
u0012194:i2911666,7.67
u0012211:i0369610,7.60697
u0012211:i0478970,7.60697
u0012211:i1065073,7.60697
u0012211:i1340138,7.60697
u0012211:i1392190,7.60697
u0012211:i1638355,7.60697
u0012211:i1823672,7.60697
u0012211:i2084970,7.60697
u0012211:i2096673,7.60697
u0012211:i2381249,7.60697
u0012211:i2395427,7.60697
u0012211:i2474438,7.60697
u0012211:i2562232,7.60697
u0012211:i2582802,7.60697
u0012211:i2802144,7.60697
u0012211:i2802154,7.60697
u0012211:i2911666,7.60697
u0012246:i0369610,7.93673
u0012246:i1617661,7.93673
u0012246:i1850397,7.93673
u0012246:i2820852,7.93673
u0012246:i2908446,7.93673
u0012246:i2948790,7.93673
u0012246:i2980708,7.93673
u0012246:i3442990,7.93673
u0012249:i0478970,6.37331
u0012249:i1371150,6.37331
u0012249:i1661199,6.37331
u0012249:i1772288,6.37331
u0012249:i1809398,6.37331
u0012249:i1823672,6.37331
u0012249:i1972779,6.37331
u0012249:i2180411,6.37331
u0012249:i2279373,6.37331
u0012249:i2322441,6.37331
u0012249:i2381941,6.37331
u0012249:i2395427,6.37331
u0012249:i2582802,6.37331
u0012249:i2802144,6.37331
u0012249:i2820852,6.37331
u0012249:i3045616,6.37331
u0012249:i3345472,6.37331
u0012254:i0023054,7.3714
u0012254:i0028663,7.3714
u0012254:i0033031,7.3714
u0012254:i0044718,7.3714
u0012254:i0049163,7.3714
u0012254:i0060933,7.3714
u0012254:i0160586,7.3714
u0012275:i0047396,7.93399
u0012275:i0052357,7.93399
u0012275:i0062622,7.93399
u0012275:i0067992,7.93399
u0012275:i0083866,7.93399
u0012275:i0088944,7.93399
u0012275:i0092067,7.93399
u0012275:i0092925,7.93399
u0012275:i0096928,7.93399
u0012275:i0099423,7.93399
u0012275:i0099892,7.93399
u0012275:i0101615,7.93399
u0012275:i0103064,7.93399
u0012275:i0106697,7.93399
u0012275:i0110912,7.93399
u0012275:i0112508,7.93399
u0012275:i0116483,7.93399
u0012275:i0120382,7.93399
u0012275:i0120888,7.93399
u0012275:i0181689,7.93399
u0012275:i0185431,7.93399
u0012275:i0243655,7.93399
u0012275:i0253556,7.93399
u0012275:i0266697,7.93399
u0012275:i0293662,7.93399
u0012275:i0343660,7.93399
u0012275:i0357413,7.93399
u0012275:i0361748,7.93399
u0012275:i0369610,7.93399
u0012275:i0371724,7.93399
u0012275:i0371746,7.93399
u0012275:i0378194,7.93399
u0012275:i0409459,7.93399
u0012275:i0425637,7.93399
u0012275:i0430922,7.93399
u0012275:i0434409,7.93399
u0012275:i0478970,7.93399
u0012275:i0790724,7.93399
u0012275:i0796366,7.93399
u0012275:i0800369,7.93399
u0012275:i0822847,7.93399
u0012275:i0831387,7.93399
u0012275:i0892782,7.93399
u0012275:i0964517,7.93399
u0012275:i1136608,7.93399
u0012275:i1170358,7.93399
u0012275:i1229340,7.93399
u0012275:i1250777,7.93399
u0012275:i1253863,7.93399
u0012275:i1291150,7.93399
u0012275:i1340138,7.93399
u0012275:i1343727,7.93399
u0012275:i1375666,7.93399
u0012275:i1392190,7.93399
u0012275:i1398426,7.93399
u0012275:i1408101,7.93399
u0012275:i1450321,7.93399
u0012275:i1457767,7.93399
u0012275:i1483013,7.93399
u0012275:i1502712,7.93399
u0012275:i1535108,7.93399
u0012275:i1631867,7.93399
u0012275:i1638355,7.93399
u0012275:i1661199,7.93399
u0012275:i1708135,7.93399
u0012275:i1742334,7.93399
u0012275:i1800241,7.93399
u0012275:i1809398,7.93399
u0012275:i1823672,7.93399
u0012275:i1853728,7.93399
u0012275:i1877832,7.93399
u0012275:i1922777,7.93399
u0012275:i1956620,7.93399
u0012275:i1964418,7.93399
u0012275:i2011159,7.93399
u0012275:i2023587,7.93399
u0012275:i2126355,7.93399
u0012275:i2229499,7.93399
u0012275:i2244901,7.93399
u0012275:i2267998,7.93399
u0012275:i2294449,7.93399
u0012275:i2316411,7.93399
u0012275:i2322441,7.93399
u0012275:i2381249,7.93399
u0012275:i2387559,7.93399
u0012275:i2390237,7.93399
u0012275:i2395427,7.93399
u0012275:i2713180,7.93399
u0012275:i2820852,7.93399
u0012275:i2872750,7.93399
u0012275:i2980516,7.93399
u0012275:i3007512,7.93399
u0012275:i3064298,7.93399
u0012275:i3152624,7.93399
u0012275:i3253930,7.93399
u0012285:i0072890,5.12823
u0012285:i0075314,6.19715
u0012285:i0102926,5.75265
u0012285:i0105323,4.92481
u0012285:i0110322,6.58795
u0012285:i0114814,5.52459
u0012285:i0240772,6.06038
u0012285:i0246578,6.26857
u0012285:i0309987,5.82694
u0012285:i0335266,5.71169
u0012285:i0338013,5.80705
u0012285:i0349903,5.78184
u0012285:i0361748,6.01013
u0012285:i0407887,5.59205
u0012285:i0414387,5.85892
u0012285:i0443706,6.92651
u0012285:i0470752,7.00055
u0012285:i0496806,4.84054
u0012285:i0816692,6.68685
u0012285:i1013752,5.99896
u0012285:i1014763,6.55708
u0012285:i1120985,4.80187
u0012285:i1392214,6.06716
u0012285:i1568346,6.25922
u0012285:i1655441,6.63021
u0012285:i1682180,5.36205
u0012285:i1790864,6.82643
u0012285:i1809398,7.01285
u0012285:i1850397,6.81395
u0012285:i1872194,7.19182
u0012285:i1935179,5.81066
u0012285:i2024544,6.56417
u0012285:i2084970,6.96697
u0012285:i2106476,6.31233
u0012285:i2199571,6.67251
u0012285:i2322441,7.09996
u0012285:i2381941,7.0611
u0012285:i2562232,7.05476
u0012285:i2582802,7.06389
u0012285:i2872718,7.11988
u0012285:i2872732,6.93341
u0012285:i2884206,6.81866
u0012285:i2908446,6.7534
u0012285:i2911666,7.14026
u0012285:i2935476,6.98499
u0012285:i3007512,6.883
u0012285:i3713166,6.57675
u0012289:i0095953,8.28518
u0012289:i0100404,8.28518
u0012289:i0108052,8.28518
u0012289:i0478970,8.28518
u0012289:i2097298,8.28518
u0012289:i2247476,8.28518
u0012289:i2281587,8.28518
u0012289:i2517044,8.28518
u0012289:i2785390,8.28518
u0012289:i2872718,8.28518
u0012289:i3014666,8.28518
u0012304:i0050083,5.65914
u0012304:i0060196,6.21411
u0012304:i0102926,5.84695
u0012304:i0108052,6.7374
u0012304:i0110413,5.30231
u0012304:i0110912,5.69058
u0012304:i0114814,5.59036
u0012304:i0120689,5.63808
u0012304:i0137523,6.03699
u0012304:i0169547,6.20564
u0012304:i0209144,5.91114
u0012304:i1853728,5.39779
u0012407:i0000417,7.40333
u0012407:i0095327,7.40333
u0012407:i0107048,7.40333
u0012407:i0116282,7.40333
u0012407:i0478970,7.40333
u0012407:i0795368,7.40333
u0012407:i0838221,7.40333
u0012407:i1392190,7.40333
u0012407:i1524930,7.40333
u0012407:i1748122,7.40333
u0012407:i2096673,7.40333
u0012407:i2305051,7.40333
u0012407:i2381249,7.40333
u0012407:i2562232,7.40333
u0012407:i2935476,7.40333
u0012407:i3203290,7.40333
u0012407:i3203616,7.40333
u0012407:i3472226,7.40333
u0012407:i3622592,7.40333
u0012436:i0369610,7.41959
u0012436:i0470752,7.41959
u0012436:i0478970,7.41959
u0012436:i1340138,7.41959
u0012436:i2381249,7.41959
u0012436:i2802144,7.41959
u0012436:i2820852,7.41959
u0012436:i2883512,7.41959
u0012447:i0120382,5.44551
u0012447:i0167404,5.56274
u0012447:i0190590,5.54695
u0012447:i0421715,5.99174
u0012447:i1504320,6.50226
u0012447:i2224026,7.02318
u0012488:i1065073,6.37331
u0012488:i1186370,6.37331
u0012488:i1303828,6.37331
u0012495:i0241527,5.99066
u0012495:i0295297,6.27934
u0012495:i0304141,6.17297
u0012495:i0330373,5.68443
u0012495:i0373889,5.90605
u0012495:i1637688,6.3856
u0012499:i0158371,7.85396
u0012499:i0775489,7.85396
u0012499:i1392190,7.85396
u0012499:i2084970,7.85396
u0012499:i2675914,7.85396
u0012499:i2980516,7.85396
u0012524:i0260991,7.46515
u0012524:i0470752,7.46515
u0012524:i2007387,7.46515
u0012524:i2713180,7.46515
u0012524:i2980516,7.46515
u0012524:i3442006,7.46515
u0012531:i0434409,7.72584
u0012531:i0816442,7.72584
u0012531:i0816692,7.72584
u0012531:i1253863,7.72584
u0012531:i1767354,7.72584
u0012531:i1922685,7.72584
u0012531:i2015381,7.72584
u0012531:i2515030,7.72584
u0012531:i2518848,7.72584
u0012531:i2582802,7.72584
u0012531:i2872732,7.72584
u0012532:i0425112,6.26387
u0012532:i0947798,5.39269
u0012532:i1065073,7.03262
u0012532:i1872194,7.21429
u0012532:i2039393,7.09933
u0012532:i2179136,7.09596
u0012532:i2199571,6.69634
u0012532:i2582802,7.07169
u0012532:i2802144,6.9389
u0012532:i3007512,6.92472
u0012555:i0268978,8.22717
u0012555:i0327056,8.22717
u0012555:i0765443,8.22717
u0012555:i1305806,8.22717
u0012555:i1631867,8.22717
u0012555:i1726592,8.22717
u0012555:i1772250,8.22717
u0012555:i1872194,8.22717
u0012555:i2103281,8.22717
u0012555:i2582846,8.22717
u0012555:i2713180,8.22717
u0012555:i2911666,8.22717
u0012560:i0065695,0
u0012560:i0071141,3.76051
u0012560:i0079672,4.87328
u0012560:i0083089,0
u0012560:i0085180,3.40889
u0012560:i0086650,0
u0012560:i0091288,0
u0012560:i0091480,0
u0012560:i0091830,0
u0012560:i0105682,0
u0012560:i0115561,0
u0012560:i0115751,5.69365
u0012560:i0116752,3.40889
u0012560:i0117315,0
u0012560:i0118694,4.79924
u0012560:i0124207,3.99376
u0012560:i0139951,0
u0012560:i0169828,2.61342
u0012560:i0221027,5.03881
u0012560:i0247586,6.40082
u0012560:i0254686,5.94887
u0012560:i0274117,3.37265
u0012560:i0292542,0
u0012560:i0346094,3.26131
u0012560:i0347048,5.43616
u0012560:i0352248,5.69166
u0012560:i0354356,3.10102
u0012560:i0362225,4.30949
u0012560:i0364569,5.7918
u0012560:i0398883,3.57616
u0012560:i0404203,4.44451
u0012560:i0424227,2.20195
u0012560:i0488905,0
u0012560:i0497465,6.23832
u0012560:i0959337,6.30434
u0012560:i0976051,5.23265
u0012560:i0995829,0
u0012560:i0997246,3.32786
u0012560:i1120985,5.06864
u0012560:i1216496,2.19081
u0012560:i1272006,0
u0012560:i1285246,3.82621
u0012560:i1332134,0
u0012560:i1341167,3.66296
u0012560:i1379182,0
u0012560:i1571402,0
u0012560:i1655441,6.65795
u0012560:i1660302,0
u0012560:i1705786,6.02606
u0012560:i1937149,5.29419
u0012560:i1951216,4.4731
u0012560:i2199571,6.72025
u0012560:i2241605,0
u0012560:i2561572,6.78939
u0012560:i2752200,6.01103
u0012560:i3011894,7.11997
u0012560:i3078242,3.40527
u0012560:i3253930,6.90339
u0012574:i1049413,5.22481
u0012574:i1282140,6.2788
u0012574:i1327194,5.58294
u0012574:i1606389,4.98732
u0012574:i1702439,6.06183
u0012581:i0884732,8.4498
u0012581:i1014763,8.4498
u0012581:i1314655,8.4498
u0012581:i2788710,8.4498
u0012581:i2802144,8.4498
u0012589:i0433035,7.50908
u0012589:i1568346,7.50908
u0012589:i2179136,7.50908
u0012589:i2395427,7.50908
u0012589:i2446042,7.50908
u0012597:i2203308,7.34963
u0012597:i2203939,7.34963
u0012597:i2980516,7.34963
u0012627:i1617661,6.99811
u0012627:i2562232,6.99811
u0012627:i2582802,6.99811
u0012641:i0369610,7.60697
u0012641:i1392190,7.60697
u0012641:i1398426,7.60697
u0012641:i1645089,7.60697
u0012641:i1798684,7.60697
u0012641:i4178092,7.60697
u0012651:i0050634,0
u0012651:i0070917,5.13137
u0012651:i1906426,0
u0012651:i3218580,5.00533
u0012668:i0095953,7.385
u0012668:i0119822,7.385
u0012668:i0362227,7.385
u0012668:i0478970,7.385
u0012668:i1340138,7.385
u0012668:i1392190,7.385
u0012668:i1564367,7.385
u0012668:i1781922,7.385
u0012668:i2084970,7.385
u0012668:i2103281,7.385
u0012668:i2126355,7.385
u0012668:i2267998,7.385
u0012668:i2278388,7.385
u0012668:i2310332,7.385
u0012668:i2381249,7.385
u0012668:i2679042,7.385
u0012668:i2802144,7.385
u0012675:i1289406,7.37681
u0012675:i2179136,7.37681
u0012675:i2788710,7.37681
u0012675:i2980516,7.37681
u0012680:i0369610,7.73132
u0012680:i2096673,7.73132
u0012680:i2395427,7.73132
u0012680:i2908446,7.73132
u0012708:i0047296,7.11096
u0012708:i0077928,7.11096
u0012708:i0086979,7.11096
u0012708:i0101414,7.11096
u0012708:i0107048,7.11096
u0012708:i0112818,7.11096
u0012708:i0115906,7.11096
u0012708:i0117318,7.11096
u0012708:i0120684,7.11096
u0012708:i0126886,7.11096
u0012708:i0139654,7.11096
u0012708:i0258068,7.11096
u0012708:i0278504,7.11096
u0012708:i0310793,7.11096
u0012708:i0385004,7.11096
u0012708:i0399146,7.11096
u0012708:i0416044,7.11096
u0012708:i0470752,7.11096
u0012708:i0815241,7.11096
u0012708:i0816692,7.11096
u0012708:i1020072,7.11096
u0012708:i1100089,7.11096
u0012708:i1232207,7.11096
u0012708:i1286537,7.11096
u0012708:i1392190,7.11096
u0012708:i1531924,7.11096
u0012708:i1614989,7.11096
u0012708:i1820488,7.11096
u0012708:i2084970,7.11096
u0012708:i2179136,7.11096
u0012708:i2235108,7.11096
u0012708:i2245084,7.11096
u0012708:i2305051,7.11096
u0012708:i2359024,7.11096
u0012708:i2427892,7.11096
u0012708:i2576852,7.11096
u0012708:i2614684,7.11096
u0012708:i2718492,7.11096
u0012708:i2784678,7.11096
u0012708:i2802154,7.11096
u0012708:i2910274,7.11096
u0012708:i2937898,7.11096
u0012708:i3184934,7.11096
u0012708:i3316960,7.11096
u0012708:i3409392,7.11096
u0012708:i3457734,7.11096
u0012708:i3720788,7.11096
u0012708:i4257858,7.11096
u0012718:i0468569,7.92598
u0012718:i0896872,7.92598
u0012718:i1650554,7.92598
u0012718:i1855199,7.92598
u0012718:i1935179,7.92598
u0012733:i0019838,7.60697
u0012733:i0025316,7.60697
u0012733:i0031381,7.60697
u0012733:i0032138,7.60697
u0012733:i0036868,7.60697
u0012733:i0044741,7.60697
u0012733:i0046268,7.60697
u0012733:i0046911,7.60697
u0012733:i0050986,7.60697
u0012733:i0052311,7.60697
u0012733:i0052618,7.60697
u0012733:i0055031,7.60697
u0012733:i0072684,7.60697
u0012733:i0074486,7.60697
u0012733:i0082783,7.60697
u0012733:i0087182,7.60697
u0012733:i0088846,7.60697
u0012733:i0090756,7.60697
u0012733:i0096257,7.60697
u0012733:i0100935,7.60697
u0012733:i0101761,7.60697
u0012733:i0105793,7.60697
u0012733:i0107207,7.60697
u0012733:i0110363,7.60697
u0012733:i0116231,7.60697
u0012733:i0119081,7.60697
u0012733:i0120201,7.60697
u0012733:i0120647,7.60697
u0012733:i0264464,7.60697
u0012733:i0292490,7.60697
u0012733:i0317219,7.60697
u0012733:i0338564,7.60697
u0012733:i0369610,7.60697
u0012733:i0390384,7.60697
u0012733:i0401383,7.60697
u0012733:i0405508,7.60697
u0012733:i0412080,7.60697
u0012733:i0470752,7.60697
u0012733:i0475276,7.60697
u0012733:i0485947,7.60697
u0012733:i0986264,7.60697
u0012733:i1020072,7.60697
u0012733:i1100089,7.60697
u0012733:i1216475,7.60697
u0012733:i1234721,7.60697
u0012733:i1255953,7.60697
u0012733:i1305806,7.60697
u0012733:i1392190,7.60697
u0012733:i1528071,7.60697
u0012733:i1532503,7.60697
u0012733:i1571249,7.60697
u0012733:i1605717,7.60697
u0012733:i1650554,7.60697
u0012733:i1704573,7.60697
u0012733:i1706620,7.60697
u0012733:i1740707,7.60697
u0012733:i1777034,7.60697
u0012733:i1798684,7.60697
u0012733:i1832382,7.60697
u0012733:i1872194,7.60697
u0012733:i1924435,7.60697
u0012733:i1990314,7.60697
u0012733:i2084970,7.60697
u0012733:i2084989,7.60697
u0012733:i2179136,7.60697
u0012733:i2180411,7.60697
u0012733:i2245084,7.60697
u0012733:i2265171,7.60697
u0012733:i2265398,7.60697
u0012733:i2294677,7.60697
u0012733:i2305051,7.60697
u0012733:i2326554,7.60697
u0012733:i2347569,7.60697
u0012733:i2378281,7.60697
u0012733:i2562232,7.60697
u0012733:i2718492,7.60697
u0012733:i2756032,7.60697
u0012733:i2788710,7.60697
u0012733:i2802144,7.60697
u0012733:i2872718,7.60697
u0012733:i2911666,7.60697
u0012733:i2937898,7.60697
u0012733:i2980516,7.60697
u0012733:i3021360,7.60697
u0012733:i3316960,7.60697
u0012733:i3472226,7.60697
u0012733:i3479316,7.60697
u0012739:i1790864,6.94061
u0012739:i2267998,6.94061
u0012739:i2980648,6.94061
u0012747:i0075314,7.60697
u0012747:i0102926,7.60697
u0012747:i0180093,7.60697
u0012747:i0213847,7.60697
u0012747:i0246578,7.60697
u0012747:i0455590,7.60697
u0012747:i0467200,7.60697
u0012747:i0470752,7.60697
u0012747:i0816692,7.60697
u0012747:i1223934,7.60697
u0012747:i1276419,7.60697
u0012747:i1440732,7.60697
u0012747:i1528100,7.60697
u0012747:i1682180,7.60697
u0012747:i1683526,7.60697
u0012747:i1798684,7.60697
u0012747:i1817273,7.60697
u0012747:i1872194,7.60697
u0012747:i1924429,7.60697
u0012747:i2084970,7.60697
u0012747:i2318625,7.60697
u0012747:i2528814,7.60697
u0012747:i2872718,7.60697
u0012747:i2884206,7.60697
u0012747:i2908446,7.60697
u0012747:i2980516,7.60697
u0012747:i3042408,7.60697
u0012764:i0085794,4.13362
u0012764:i0099685,6.42712
u0012764:i0102926,5.94281
u0012764:i1392190,6.8149
u0012764:i2015381,6.7658
u0012764:i2113075,2.64199
u0012764:i2231253,6.91052
u0012764:i2322441,7.12371
u0012764:i2401097,6.58554
u0012764:i2561572,6.81943
u0012764:i3011894,7.16874
u0012777:i0369610,7.09895
u0012777:i0478970,7.09895
u0012777:i1340138,7.09895
u0012777:i1392170,7.09895
u0012777:i1661199,7.09895
u0012777:i1670345,7.09895
u0012777:i1798684,7.09895
u0012777:i1951264,7.09895
u0012777:i1951265,7.09895
u0012777:i2293640,7.09895
u0012777:i2322441,7.09895
u0012777:i2381249,7.09895
u0012777:i2381941,7.09895
u0012777:i2395427,7.09895
u0012777:i2446042,7.09895
u0012777:i2802144,7.09895
u0012777:i2820852,7.09895
u0012777:i3181822,7.09895
u0012798:i0050083,7.8583
u0012798:i0060196,7.8583
u0012798:i0073486,7.8583
u0012798:i0074119,7.8583
u0012798:i0078346,7.8583
u0012798:i0081573,7.8583
u0012798:i0086393,7.8583
u0012798:i0094074,7.8583
u0012798:i0096446,7.8583
u0012798:i0114369,7.8583
u0012798:i0425061,7.8583
u0012798:i0465580,7.8583
u0012798:i0870111,7.8583
u0012798:i1065073,7.8583
u0012798:i1109624,7.8583
u0012798:i1600196,7.8583
u0012798:i1631867,7.8583
u0012798:i1645155,7.8583
u0012798:i1951265,7.8583
u0012798:i2024432,7.8583
u0012798:i2084970,7.8583
u0012798:i2096673,7.8583
u0012798:i2103254,7.8583
u0012798:i2179136,7.8583
u0012798:i2245084,7.8583
u0012798:i2305051,7.8583
u0012798:i2310332,7.8583
u0012798:i2322441,7.8583
u0012798:i2381941,7.8583
u0012798:i2802144,7.8583
u0012798:i2820852,7.8583
u0012798:i2848292,7.8583
u0012798:i2908446,7.8583
u0012798:i2911666,7.8583
u0012798:i3079380,7.8583
u0012805:i0041959,6.32819
u0012805:i0042804,6.32819
u0012805:i0048394,6.32819
u0012805:i0087291,6.32819
u0012805:i0805526,6.32819
u0012805:i0829150,6.32819
u0012805:i0910554,6.32819
u0012805:i1617661,6.32819
u0012805:i1862079,6.32819
u0012805:i1951265,6.32819
u0012805:i1964418,6.32819
u0012805:i2023707,6.32819
u0012805:i2096673,6.32819
u0012805:i2170439,6.32819
u0012805:i2245084,6.32819
u0012805:i2262227,6.32819
u0012805:i2293640,6.32819
u0012805:i2322441,6.32819
u0012805:i2381249,6.32819
u0012805:i2381941,6.32819
u0012805:i2395427,6.32819
u0012805:i2402101,6.32819
u0012805:i2436386,6.32819
u0012805:i2562232,6.32819
u0012805:i2582802,6.32819
u0012805:i2669336,6.32819
u0012805:i2692250,6.32819
u0012805:i2802144,6.32819
u0012805:i2883512,6.32819
u0012805:i2908446,6.32819
u0012805:i2911666,6.32819
u0012805:i2980516,6.32819
u0012805:i3074610,6.32819
u0012805:i3620860,6.32819
u0012805:i3715406,6.32819
u0012840:i0822832,5.73885
u0012840:i2140379,6.19087
u0012840:i2637276,6.54965
u0012853:i0167404,7.50908
u0012853:i0217869,7.50908
u0012853:i0310910,7.50908
u0012853:i0369610,7.50908
u0012853:i0478970,7.50908
u0012853:i0780653,7.50908
u0012853:i0829150,7.50908
u0012853:i0910554,7.50908
u0012853:i1121096,7.50908
u0012853:i1340138,7.50908
u0012853:i1617661,7.50908
u0012853:i1719583,7.50908
u0012853:i1790885,7.50908
u0012853:i1862079,7.50908
u0012853:i1964418,7.50908
u0012853:i2023707,7.50908
u0012853:i2084970,7.50908
u0012853:i2096673,7.50908
u0012853:i2170439,7.50908
u0012853:i2179087,7.50908
u0012853:i2245084,7.50908
u0012853:i2262227,7.50908
u0012853:i2293640,7.50908
u0012853:i2381249,7.50908
u0012853:i2381941,7.50908
u0012853:i2395427,7.50908
u0012853:i2436386,7.50908
u0012853:i2582802,7.50908
u0012853:i2669336,7.50908
u0012853:i2692250,7.50908
u0012853:i2802144,7.50908
u0012853:i2883512,7.50908
u0012853:i2911666,7.50908
u0012853:i3005242,7.50908
u0012868:i0082971,6.89727
u0012868:i0470752,6.89727
u0012868:i1020072,6.89727
u0012868:i1392190,6.89727
u0012868:i1567437,6.89727
u0012868:i1638355,6.89727
u0012868:i1791528,6.89727
u0012868:i1791682,6.89727
u0012868:i1798684,6.89727
u0012868:i1881002,6.89727
u0012868:i1931388,6.89727
u0012868:i1964418,6.89727
u0012868:i2096673,6.89727
u0012868:i2179136,6.89727
u0012868:i2180411,6.89727
u0012868:i2245084,6.89727
u0012868:i2273657,6.89727
u0012868:i2395427,6.89727
u0012868:i2415458,6.89727
u0012868:i2515034,6.89727
u0012868:i2582802,6.89727
u0012868:i2637378,6.89727
u0012868:i2784678,6.89727
u0012868:i2802144,6.89727
u0012868:i2802154,6.89727
u0012868:i2870648,6.89727
u0012868:i2893490,6.89727
u0012868:i2935564,6.89727
u0012868:i2937898,6.89727
u0012868:i3011894,6.89727
u0012868:i3064298,6.89727
u0012868:i3195644,6.89727
u0012868:i3203616,6.89727
u0012868:i3205376,6.89727
u0012868:i3235888,6.89727
u0012868:i3263614,6.89727
u0012868:i3316960,6.89727
u0012868:i3605418,6.89727
u0012868:i3630276,6.89727
u0012868:i4044364,6.89727
u0012868:i4178092,6.89727
u0012881:i1840309,6.85401
u0012881:i2802144,6.85401
u0012881:i2820852,6.85401
u0012883:i0089791,7.32846
u0012883:i0094072,7.32846
u0012883:i0105793,7.32846
u0012883:i0118655,7.32846
u0012883:i0138414,7.32846
u0012883:i1351685,7.32846
u0012883:i1368491,7.32846
u0012883:i1661199,7.32846
u0012883:i2180411,7.32846
u0012883:i2820852,7.32846
u0012896:i2582802,7.61568
u0012896:i2872732,7.61568
u0012896:i3011894,7.61568
u0012901:i0369610,8.09193
u0012901:i0816692,8.09193
u0012901:i1790864,8.09193
u0012901:i1951265,8.09193
u0012901:i2103281,8.09193
u0012901:i2179136,8.09193
u0012901:i2199571,8.09193
u0012901:i2267998,8.09193
u0012901:i2294449,8.09193
u0012901:i2312718,8.09193
u0012901:i2395427,8.09193
u0012901:i2637276,8.09193
u0012901:i2872732,8.09193
u0012910:i0093713,0
u0012910:i0387898,5.27655
u0012910:i1519618,0
u0012910:i1617661,7.02032
u0012910:i2321549,7.14056
u0012915:i0368447,7.47363
u0012915:i0816692,7.47363
u0012915:i1091191,7.47363
u0012915:i1392190,7.47363
u0012915:i1853728,7.47363
u0012916:i0111161,5.40121
u0012916:i0113277,6.58284
u0012916:i0114814,5.65691
u0012916:i0206634,5.9427
u0012916:i0363163,5.95502
u0012916:i0365907,7.01568
u0012916:i0482571,5.05597
u0012916:i0840361,5.95615
u0012916:i0914863,6.95037
u0012916:i0936501,6.35625
u0012916:i0945513,6.01223
u0012916:i0988047,5.19642
u0012916:i1014763,6.62913
u0012916:i1016301,3.78045
u0012916:i1034303,5.92928
u0012916:i1074638,6.36343
u0012916:i1091191,6.44103
u0012916:i1197624,5.3658
u0012916:i1258197,4.57611
u0012916:i1291584,5.79185
u0012916:i1392190,6.82066
u0012916:i1397280,6.01454
u0012916:i1401152,6.95315
u0012916:i1403865,6.82191
u0012916:i1454468,6.27624
u0012916:i1462758,5.72247
u0012916:i1601913,5.28683
u0012916:i1823672,7.01322
u0012916:i1872194,7.23684
u0012916:i2199571,6.74426
u0012916:i2302755,5.90614
u0012916:i2312718,6.71152
u0012916:i2562232,7.06222
u0012916:i2582802,7.07949
u0012916:i2614684,6.51893
u0012916:i2650978,5.64161
u0012916:i2802144,6.94545
u0012916:i2884206,6.87596
u0012947:i0086250,7.92598
u0012947:i0110413,7.92598
u0012947:i0113277,7.92598
u0012947:i0119008,7.92598
u0012947:i0122690,7.92598
u0012947:i0137523,7.92598
u0012947:i0209144,7.92598
u0012947:i0268978,7.92598
u0012947:i0361862,7.92598
u0012947:i1210819,7.92598
u0012947:i1703199,7.92598
u0012947:i1872194,7.92598
u0012947:i2024544,7.92598
u0012947:i2537176,7.92598
u0012947:i2582802,7.92598
u0012947:i2911666,7.92598
u0012998:i0478970,6.7552
u0012998:i2179136,7.1036
u0012998:i2582802,7.08731
u0012998:i2820852,6.88671
u0013022:i0096754,5.19072
u0013022:i0106977,6.11571
u0013022:i0116282,6.64662
u0013022:i0137363,4.65257
u0013022:i0308644,5.95797
u0013022:i0467406,6.39033
u0013022:i0780536,7.30418
u0013022:i1126590,7.16388
u0013022:i1182345,6.03798
u0013022:i1638002,6.42433
u0013022:i2126355,7.03029
u0013022:i2908446,6.77216
u0013026:i2322441,7.14754
u0013026:i2395427,7.02598
u0013026:i2820852,6.89578
u0013029:i0097937,7.42937
u0013029:i0120815,7.42937
u0013029:i0190590,7.42937
u0013029:i0317248,7.42937
u0013029:i0453562,7.42937
u0013029:i1706620,7.42937
u0013029:i1809398,7.42937
u0013029:i2084970,7.42937
u0013029:i2096672,7.42937
u0013029:i2170593,7.42937
u0013029:i2179136,7.42937
u0013029:i2229499,7.42937
u0013029:i2381941,7.42937
u0013029:i2562232,7.42937
u0013029:i2872718,7.42937
u0013029:i2980516,7.42937
u0013029:i3169706,7.42937
u0013029:i3390572,7.42937
u0013045:i0111161,5.46789
u0013045:i0253474,5.42352
u0013045:i0407887,5.68224
u0013050:i0044081,5.72414
u0013050:i0049513,0
u0013050:i0056906,0
u0013050:i0079501,6.82637
u0013050:i0081748,0
u0013050:i0082694,6.74609
u0013050:i0089504,0
u0013050:i0096754,5.83956
u0013050:i0100491,2.84244
u0013050:i0106868,0
u0013050:i0114924,5.91506
u0013050:i0119115,0
u0013050:i0151804,5.42027
u0013050:i0165361,0
u0013050:i0362225,5.02774
u0013050:i0380510,6.42304
u0013050:i0387808,5.91992
u0013050:i0427944,6.5622
u0013050:i0791303,5.43788
u0013050:i1010048,5.6065
u0013050:i1100089,7.02846
u0013050:i1322269,6.87834
u0013050:i1392190,6.82643
u0013050:i1454505,0
u0013050:i1661199,7.00367
u0013050:i1680136,2.96863
u0013050:i1726592,6.94308
u0013050:i1772288,7.04529
u0013050:i1821549,6.40194
u0013050:i1921149,6.71454
u0013050:i2140379,6.33827
u0013050:i2180411,7.00284
u0013050:i2397535,7.04949
u0013050:i2401621,0
u0013050:i2402101,6.46818
u0013050:i2494280,6.23189
u0013050:i2561572,6.84961
u0013050:i2582802,7.09513
u0013050:i2870708,6.97763
u0013050:i2883512,7.04815
u0013050:i2935476,7.10338
u0013050:i3007512,6.96669
u0013050:i3079380,6.75588
u0013050:i3184934,6.55386
u0013050:i3203616,6.83708
u0013066:i0070034,5.54048
u0013066:i0073486,6.05002
u0013066:i0081505,5.64634
u0013066:i0102926,6.04023
u0013066:i0109686,6.03274
u0013066:i0110413,5.38923
u0013066:i0114369,5.24339
u0013066:i0114814,5.72426
u0013066:i0120689,5.873
u0013066:i0120737,5.06241
u0013066:i0123755,6.08195
u0013066:i0137523,6.11857
u0013066:i0144084,5.66867
u0013066:i0162222,6.59081
u0013066:i0167260,4.78877
u0013066:i0167261,4.29516
u0013066:i0167404,5.7313
u0013066:i0209144,5.99559
u0013066:i0246578,6.42529
u0013066:i0274166,4.03598
u0013066:i0361862,6.22073
u0013066:i0362227,6.88997
u0013066:i0373074,5.69671
u0013066:i0407887,5.77389
u0013066:i0434409,6.5762
u0013066:i0453451,5.86336
u0013066:i0454841,4.57722
u0013066:i0455944,6.88643
u0013066:i0482571,5.11838
u0013066:i0770828,6.07134
u0013066:i0800069,3.55154
u0013066:i0816692,6.69654
u0013066:i0884328,5.66197
u0013066:i0903624,5.7227
u0013066:i0936501,6.56129
u0013066:i1130884,5.44752
u0013066:i1136608,5.6879
u0013066:i1155076,6.68411
u0013066:i1170358,6.15889
u0013066:i1187064,6.19334
u0013066:i1211956,6.11892
u0013066:i1217209,5.46587
u0013066:i1220719,3.29561
u0013066:i1232829,6.58024
u0013066:i1258197,4.73391
u0013066:i1259521,4.7434
u0013066:i1335975,6.78791
u0013066:i1375666,5.88254
u0013066:i1386932,1.90224
u0013066:i1392190,6.8322
u0013066:i1392214,6.15261
u0013066:i1397280,6.20856
u0013066:i1408253,6.42399
u0013066:i1457767,5.91227
u0013066:i1535108,6.15665
u0013066:i1535109,5.52134
u0013066:i1549920,5.54936
u0013066:i1591095,6.08005
u0013066:i1631867,7.14862
u0013066:i1634122,2.63565
u0013066:i1706620,7.00029
u0013066:i1772341,6.72153
u0013066:i1823672,7.0284
u0013066:i1825157,6.32609
u0013066:i1899353,5.70901
u0013066:i1922777,6.15945
u0013066:i2015381,6.80731
u0013066:i2016940,5.9503
u0013066:i2024469,6.40293
u0013066:i2084970,6.97419
u0013066:i2096672,7.12153
u0013066:i2226417,5.97171
u0013066:i2245084,7.16794
u0013066:i2265171,6.94445
u0013066:i2267998,6.84199
u0013066:i2278388,6.81603
u0013066:i2294449,7.09966
u0013066:i2294629,6.65543
u0013066:i2310332,6.98534
u0013066:i2397535,7.08888
u0013066:i2446042,7.10598
u0013066:i2495118,0
u0013066:i2561572,6.87992
u0013066:i2562232,7.06968
u0013066:i2802144,6.95201
u0013066:i2872732,6.9669
u0013066:i2911666,7.1562
u0013066:i3472226,6.81067
u0013083:i0060827,7.50908
u0013083:i0829150,7.50908
u0013083:i1020072,7.50908
u0013083:i1020530,7.50908
u0013083:i1065073,7.50908
u0013083:i1187043,7.50908
u0013083:i1392190,7.50908
u0013083:i1798684,7.50908
u0013083:i1809398,7.50908
u0013083:i2004420,7.50908
u0013083:i2084970,7.50908
u0013083:i2106361,7.50908
u0013083:i2179136,7.50908
u0013083:i2199571,7.50908
u0013083:i2338151,7.50908
u0013083:i2446042,7.50908
u0013083:i2562232,7.50908
u0013083:i2582802,7.50908
u0013083:i2692904,7.50908
u0013083:i2802144,7.50908
u0013083:i2820852,7.50908
u0013083:i2872718,7.50908
u0013083:i2911666,7.50908
u0013083:i3007512,7.50908
u0013091:i0470752,7.60697
u0013091:i0816692,7.60697
u0013091:i1100089,7.60697
u0013091:i1206543,7.60697
u0013091:i1216491,7.60697
u0013091:i1234721,7.60697
u0013091:i1726592,7.60697
u0013091:i1772264,7.60697
u0013091:i1790864,7.60697
u0013091:i1872194,7.60697
u0013091:i2267998,7.60697
u0013091:i2568074,7.60697
u0013091:i2713180,7.60697
u0013091:i2781832,7.60697
u0013091:i3210686,7.60697
u0013091:i4229236,7.60697
u0013105:i1109624,7.01876
u0013105:i1570989,7.01876
u0013105:i1708135,7.01876
u0013105:i2392672,7.01876
u0013105:i2562232,7.01876
u0013108:i0364725,7.71984
u0013108:i0372183,7.71984
u0013108:i0380389,7.71984
u0013108:i0758794,7.71984
u0013108:i1124039,7.71984
u0013108:i1197624,7.71984
u0013108:i1392190,7.71984
u0013108:i2024544,7.71984
u0013108:i2179136,7.71984
u0013108:i2199571,7.71984
u0013108:i2381941,7.71984
u0013108:i2820852,7.71984
u0013108:i3538766,7.71984
u0013111:i0061722,7.69569
u0013111:i0080678,7.69569
u0013111:i0081398,7.69569
u0013111:i0086250,7.69569
u0013111:i0087843,7.69569
u0013111:i0088939,7.69569
u0013111:i0090563,7.69569
u0013111:i0092005,7.69569
u0013111:i0093058,7.69569
u0013111:i0095765,7.69569
u0013111:i0096463,7.69569
u0013111:i0097937,7.69569
u0013111:i0104815,7.69569
u0013111:i0107617,7.69569
u0013111:i0108394,7.69569
u0013111:i0110413,7.69569
u0013111:i0112573,7.69569
u0013111:i0112641,7.69569
u0013111:i0112851,7.69569
u0013111:i0113277,7.69569
u0013111:i0117666,7.69569
u0013111:i0118715,7.69569
u0013111:i0118929,7.69569
u0013111:i0118971,7.69569
u0013111:i0120601,7.69569
u0013111:i0128445,7.69569
u0013111:i0130827,7.69569
u0013111:i0138097,7.69569
u0013111:i0159365,7.69569
u0013111:i0195685,7.69569
u0013111:i0245712,7.69569
u0013111:i0246578,7.69569
u0013111:i0257360,7.69569
u0013111:i0265666,7.69569
u0013111:i0268126,7.69569
u0013111:i0285823,7.69569
u0013111:i0335345,7.69569
u0013111:i0352248,7.69569
u0013111:i0362270,7.69569
u0013111:i0369610,7.69569
u0013111:i0372824,7.69569
u0013111:i0387131,7.69569
u0013111:i0401445,7.69569
u0013111:i0421715,7.69569
u0013111:i0443453,7.69569
u0013111:i0468489,7.69569
u0013111:i0478970,7.69569
u0013111:i0485947,7.69569
u0013111:i0780536,7.69569
u0013111:i0829150,7.69569
u0013111:i0832266,7.69569
u0013111:i0870111,7.69569
u0013111:i0887883,7.69569
u0013111:i0938341,7.69569
u0013111:i0959337,7.69569
u0013111:i1190539,7.69569
u0013111:i1234548,7.69569
u0013111:i1255953,7.69569
u0013111:i1340138,7.69569
u0013111:i1371150,7.69569
u0013111:i1549572,7.69569
u0013111:i1571249,7.69569
u0013111:i1600196,7.69569
u0013111:i1638002,7.69569
u0013111:i1638355,7.69569
u0013111:i1661199,7.69569
u0013111:i1675192,7.69569
u0013111:i1698641,7.69569
u0013111:i1823672,7.69569
u0013111:i1872194,7.69569
u0013111:i1921149,7.69569
u0013111:i1951265,7.69569
u0013111:i1971325,7.69569
u0013111:i1999987,7.69569
u0013111:i2013293,7.69569
u0013111:i2096673,7.69569
u0013111:i2126355,7.69569
u0013111:i2179136,7.69569
u0013111:i2180411,7.69569
u0013111:i2245084,7.69569
u0013111:i2275946,7.69569
u0013111:i2290567,7.69569
u0013111:i2338151,7.69569
u0013111:i2381249,7.69569
u0013111:i2395427,7.69569
u0013111:i2560102,7.69569
u0013111:i2562232,7.69569
u0013111:i2582802,7.69569
u0013111:i2652092,7.69569
u0013111:i2693664,7.69569
u0013111:i2713180,7.69569
u0013111:i2718492,7.69569
u0013111:i2802144,7.69569
u0013111:i2820852,7.69569
u0013111:i2872718,7.69569
u0013111:i2911666,7.69569
u0013111:i2980516,7.69569
u0013111:i2980648,7.69569
u0013111:i3179568,7.69569
u0013111:i3508872,7.69569
u0013125:i0120669,6.19603
u0013125:i0264464,6.03297
u0013125:i0298203,5.67397
u0013125:i0376136,6.21852
u0013125:i1065073,7.05312
u0013125:i1152836,5.57572
u0013125:i1242422,4.25978
u0013125:i1698641,7.07178
u0013125:i2231253,6.98731
u0013125:i2582802,7.10296
u0013125:i2975578,6.05793
u0013125:i2980516,7.02448
u0013125:i3867086,0
u0013133:i0040737,8.5283
u0013133:i0054599,8.5283
u0013133:i0082432,8.5283
u0013133:i0085240,8.5283
u0013133:i0101410,8.5283
u0013133:i0138704,8.5283
u0013133:i0146882,8.5283
u0013133:i0468565,8.5283
u0013133:i0907657,8.5283
u0013133:i1020072,8.5283
u0013133:i1100089,8.5283
u0013133:i1126590,8.5283
u0013133:i1809398,8.5283
u0013133:i2017038,8.5283
u0013133:i2084970,8.5283
u0013133:i2179136,8.5283
u0013133:i2326612,8.5283
u0013133:i2382298,8.5283
u0013133:i2387513,8.5283
u0013133:i2399493,8.5283
u0013133:i2465578,8.5283
u0013133:i2473794,8.5283
u0013133:i2486678,8.5283
u0013133:i2555736,8.5283
u0013133:i2582802,8.5283
u0013133:i2713180,8.5283
u0013133:i2752688,8.5283
u0013133:i2800240,8.5283
u0013133:i2876428,8.5283
u0013133:i2937898,8.5283
u0013133:i2952634,8.5283
u0013133:i3316960,8.5283
u0013133:i3409392,8.5283
u0013133:i3442006,8.5283
u0013133:i3630276,8.5283
u0013139:i0046912,7.89127
u0013139:i0221027,7.89127
u0013139:i0268978,7.89127
u0013139:i0408306,7.89127
u0013139:i1529572,7.89127
u0013139:i1596343,7.89127
u0013139:i1655441,7.89127
u0013139:i2179136,7.89127
u0013139:i2802144,7.89127
u0013139:i2884206,7.89127
u0013139:i2911666,7.89127
u0013139:i2980516,7.89127
u0013139:i2980592,7.89127
u0013151:i1528100,7.6102
u0013151:i2084970,7.6102
u0013151:i2562232,7.6102
u0013151:i2582802,7.6102
u0013161:i0319061,6.45822
u0013161:i0816692,6.70624
u0013161:i2267998,6.85884
u0013161:i2713180,7.07577
u0013161:i2980516,7.03385
u0013193:i0021749,6.9031
u0013193:i0075314,6.9031
u0013193:i0086250,6.9031
u0013193:i0102926,6.9031
u0013193:i0108052,6.9031
u0013193:i0111161,6.9031
u0013193:i0114369,6.9031
u0013193:i0117913,6.9031
u0013193:i0119488,6.9031
u0013193:i0133093,6.9031
u0013193:i0167404,6.9031
u0013193:i0169547,6.9031
u0013193:i0172495,6.9031
u0013193:i0209144,6.9031
u0013193:i0211915,6.9031
u0013193:i0266697,6.9031
u0013193:i0277027,6.9031
u0013193:i0327056,6.9031
u0013193:i0372784,6.9031
u0013193:i0378194,6.9031
u0013193:i0405422,6.9031
u0013193:i0407887,6.9031
u0013193:i0421715,6.9031
u0013193:i0449088,6.9031
u0013193:i0455944,6.9031
u0013193:i0468569,6.9031
u0013193:i0482571,6.9031
u0013193:i0488120,6.9031
u0013193:i0758758,6.9031
u0013193:i0790636,6.9031
u0013193:i0816692,6.9031
u0013193:i1028532,6.9031
u0013193:i1045658,6.9031
u0013193:i1074638,6.9031
u0013193:i1192628,6.9031
u0013193:i1298650,6.9031
u0013193:i1323594,6.9031
u0013193:i1340138,6.9031
u0013193:i1343092,6.9031
u0013193:i1345836,6.9031
u0013193:i1392190,6.9031
u0013193:i1403981,6.9031
u0013193:i1454468,6.9031
u0013193:i1504320,6.9031
u0013193:i1568346,6.9031
u0013193:i1800241,6.9031
u0013193:i1853728,6.9031
u0013193:i1855199,6.9031
u0013193:i1872194,6.9031
u0013193:i1924396,6.9031
u0013193:i1951264,6.9031
u0013193:i1951265,6.9031
u0013193:i1979320,6.9031
u0013193:i2024544,6.9031
u0013193:i2084970,6.9031
u0013193:i2096672,6.9031
u0013193:i2245084,6.9031
u0013193:i2278388,6.9031
u0013193:i2446042,6.9031
u0013193:i2582802,6.9031
u0013193:i2802144,6.9031
u0013193:i2872718,6.9031
u0013193:i2994190,6.9031
u0013193:i3011894,6.9031
u0013193:i3042408,6.9031
u0013208:i0369610,7.10811
u0013208:i0477347,7.10811
u0013208:i0478970,7.10811
u0013208:i1078912,7.10811
u0013208:i1100089,7.10811
u0013208:i1126590,7.10811
u0013208:i1216491,7.10811
u0013208:i1243974,7.10811
u0013208:i1392190,7.10811
u0013208:i1403865,7.10811
u0013208:i1641841,7.10811
u0013208:i1726592,7.10811
u0013208:i1809398,7.10811
u0013208:i1839642,7.10811
u0013208:i1881002,7.10811
u0013208:i1964418,7.10811
u0013208:i2084970,7.10811
u0013208:i2096672,7.10811
u0013208:i2097298,7.10811
u0013208:i2126355,7.10811
u0013208:i2179136,7.10811
u0013208:i2180411,7.10811
u0013208:i2199571,7.10811
u0013208:i2224026,7.10811
u0013208:i2245084,7.10811
u0013208:i2293640,7.10811
u0013208:i2326612,7.10811
u0013208:i2378281,7.10811
u0013208:i2381249,7.10811
u0013208:i2381941,7.10811
u0013208:i2397535,7.10811
u0013208:i2452200,7.10811
u0013208:i2473602,7.10811
u0013208:i2562232,7.10811
u0013208:i2582802,7.10811
u0013208:i2614684,7.10811
u0013208:i2692250,7.10811
u0013208:i2717822,7.10811
u0013208:i2726560,7.10811
u0013208:i2802144,7.10811
u0013208:i2820852,7.10811
u0013208:i2911666,7.10811
u0013208:i2917388,7.10811
u0013208:i2937898,7.10811
u0013208:i2967224,7.10811
u0013208:i2980516,7.10811
u0013208:i3007512,7.10811
u0013208:i3045616,7.10811
u0013208:i3205376,7.10811
u0013217:i0079116,6.10837
u0013217:i0272020,6.06864
u0013217:i0822854,5.65708
u0013217:i1156466,0
u0013217:i1462758,6.02365
u0013217:i2059171,4.03895
u0013217:i2557276,5.51799
u0013217:i2911666,7.17218
u0013218:i0455944,7.92598
u0013218:i0780536,7.92598
u0013218:i1020072,7.92598
u0013218:i1136608,7.92598
u0013218:i1392170,7.92598
u0013218:i1535108,7.92598
u0013218:i1951264,7.92598
u0013218:i1951265,7.92598
u0013218:i2084970,7.92598
u0013218:i2170439,7.92598
u0013218:i2267998,7.92598
u0013218:i2397535,7.92598
u0013218:i2582802,7.92598
u0013218:i2872718,7.92598
u0013218:i2911666,7.92598
u0013218:i2980516,7.92598
u0013224:i0978762,7.18765
u0013224:i1661199,7.18765
u0013224:i2096673,7.18765
u0013224:i2848292,7.18765
u0013224:i2980516,7.18765
u0013228:i0103064,7.37438
u0013228:i0470752,7.37438
u0013228:i1392190,7.37438
u0013228:i1823672,7.37438
u0013228:i2562232,7.37438
u0013258:i0120731,5.28606
u0013258:i1392170,5.05517
u0013258:i1951265,7.00281
u0013258:i2582802,7.1108
u0013265:i0455944,7.92598
u0013265:i1204975,7.92598
u0013265:i1617661,7.92598
u0013265:i1823672,7.92598
u0013265:i1825157,7.92598
u0013265:i1979320,7.92598
u0013265:i2267998,7.92598
u0013280:i0068646,5.14415
u0013280:i0079501,6.95049
u0013280:i0110322,6.9997
u0013280:i0278504,6.0014
u0013280:i0338751,6.9362
u0013280:i0454876,5.58545
u0013280:i0903624,5.8862
u0013280:i0947798,5.51525
u0013280:i1121096,6.92191
u0013280:i1170358,6.32097
u0013280:i1189340,6.12936
u0013280:i1343092,5.67872
u0013280:i1392170,5.1996
u0013280:i1392190,6.83797
u0013280:i1617661,7.04412
u0013280:i1853728,5.46881
u0013280:i1951264,5.99391
u0013280:i2180411,7.03912
u0013280:i2310332,7.01861
u0013280:i2802144,6.95858
u0013280:i3316960,7.01568
u0013284:i0050083,5.76203
u0013284:i0054215,5.64123
u0013284:i0075686,6.55377
u0013284:i0088847,5.66304
u0013284:i0109830,5.92927
u0013284:i0169547,6.31451
u0013284:i0268978,5.8229
u0013284:i0339291,2.85016
u0013284:i0361748,6.10259
u0013284:i0421715,6.15818
u0013284:i0454921,5.0047
u0013284:i0914798,5.54862
u0013284:i0947798,5.6406
u0013284:i1282140,6.49531
u0013284:i1375666,5.95607
u0013284:i1478338,5.46779
u0013284:i1504320,6.66481
u0013284:i1596346,4.30957
u0013284:i1605783,6.08474
u0013284:i1981677,6.15589
u0013284:i2267998,6.87573
u0013284:i2278388,6.84091
u0013284:i2848292,6.90134
u0013285:i0350258,7.60697
u0013285:i0369610,7.60697
u0013285:i0482571,7.60697
u0013285:i0993846,7.60697
u0013285:i1392190,7.60697
u0013285:i2039393,7.60697
u0013285:i2126355,7.60697
u0013285:i2278388,7.60697
u0013285:i2395427,7.60697
u0013285:i3302706,7.60697
u0013289:i0369610,7.01876
u0013289:i0455944,7.01876
u0013289:i0478970,7.01876
u0013289:i1340138,7.01876
u0013289:i1840309,7.01876
u0013289:i2084970,7.01876
u0013289:i2294449,7.01876
u0013289:i2381941,7.01876
u0013289:i2637276,7.01876
u0013289:i2726560,7.01876
u0013289:i2820852,7.01876
u0013289:i2872718,7.01876
u0013289:i2937898,7.01876
u0013308:i0482571,5.18157
u0013308:i0816692,6.71596
u0013308:i1433811,6.33394
u0013314:i1398426,7.12065
u0013314:i1764234,6.89706
u0013314:i2179136,7.11125
u0013314:i2199571,6.76834
u0013314:i2802144,6.96515
u0013314:i3450650,6.19739
u0013324:i0109830,7.92598
u0013324:i0365907,7.92598
u0013324:i0404032,7.92598
u0013324:i0409459,7.92598
u0013324:i0463985,7.92598
u0013324:i1267297,7.92598
u0013324:i1392190,7.92598
u0013324:i1418754,7.92598
u0013324:i1581835,7.92598
u0013324:i1592873,7.92598
u0013324:i1655441,7.92598
u0013324:i1663222,7.92598
u0013324:i1666801,7.92598
u0013324:i1673734,7.92598
u0013324:i1694021,7.92598
u0013324:i1726592,7.92598
u0013324:i1731701,7.92598
u0013324:i1734433,7.92598
u0013324:i1772288,7.92598
u0013324:i1790864,7.92598
u0013324:i1837613,7.92598
u0013324:i1905041,7.92598
u0013324:i1945044,7.92598
u0013324:i1945084,7.92598
u0013324:i1980929,7.92598
u0013324:i2084970,7.92598
u0013324:i2106284,7.92598
u0013324:i2124787,7.92598
u0013324:i2126355,7.92598
u0013324:i2141751,7.92598
u0013324:i2170439,7.92598
u0013324:i2172584,7.92598
u0013324:i2182972,7.92598
u0013324:i2199251,7.92598
u0013324:i2242176,7.92598
u0013324:i2267998,7.92598
u0013324:i2275946,7.92598
u0013324:i2278388,7.92598
u0013324:i2302969,7.92598
u0013324:i2338151,7.92598
u0013324:i2381941,7.92598
u0013324:i2452254,7.92598
u0013324:i2461132,7.92598
u0013324:i2505294,7.92598
u0013324:i2535470,7.92598
u0013324:i2562232,7.92598
u0013324:i2582802,7.92598
u0013324:i2718492,7.92598
u0013324:i2788710,7.92598
u0013324:i2802144,7.92598
u0013324:i2820852,7.92598
u0013324:i2872718,7.92598
u0013324:i2883434,7.92598
u0013324:i2918436,7.92598
u0013324:i2962726,7.92598
u0013324:i3014666,7.92598
u0013324:i3079380,7.92598
u0013324:i3177316,7.92598
u0013324:i3203616,7.92598
u0013324:i3253930,7.92598
u0013324:i3279176,7.92598
u0013324:i3316960,7.92598
u0013324:i3395184,7.92598
u0013324:i3402232,7.92598
u0013324:i3442990,7.92598
u0013324:i3450134,7.92598
u0013324:i3503840,7.92598
u0013324:i3746298,7.92598
u0013324:i3813310,7.92598
u0013324:i3863552,7.92598
u0013340:i0246578,7.85614
u0013340:i0816692,7.85614
u0013340:i0838221,7.85614
u0013340:i1126590,7.85614
u0013340:i1490017,7.85614
u0013340:i2084970,7.85614
u0013340:i2245084,7.85614
u0013340:i2562232,7.85614
u0013340:i2582802,7.85614
u0013341:i0094889,7.34963
u0013341:i0100318,7.34963
u0013341:i0100802,7.34963
u0013341:i0105415,7.34963
u0013341:i0108358,7.34963
u0013341:i0137523,7.34963
u0013341:i0232500,7.34963
u0013341:i0322259,7.34963
u0013341:i0364569,7.34963
u0013341:i0365929,7.34963
u0013341:i0369610,7.34963
u0013341:i0380510,7.34963
u0013341:i0396269,7.34963
u0013341:i0470752,7.34963
u0013341:i0884732,7.34963
u0013341:i1013752,7.34963
u0013341:i1121096,7.34963
u0013341:i1392190,7.34963
u0013341:i1399103,7.34963
u0013341:i1418377,7.34963
u0013341:i1552224,7.34963
u0013341:i1591095,7.34963
u0013341:i1596343,7.34963
u0013341:i1600196,7.34963
u0013341:i1617661,7.34963
u0013341:i1638002,7.34963
u0013341:i1663207,7.34963
u0013341:i1790864,7.34963
u0013341:i1791528,7.34963
u0013341:i1809398,7.34963
u0013341:i1905041,7.34963
u0013341:i1930463,7.34963
u0013341:i1945084,7.34963
u0013341:i1951265,7.34963
u0013341:i2084970,7.34963
u0013341:i2170439,7.34963
u0013341:i2199571,7.34963
u0013341:i2226417,7.34963
u0013341:i2231253,7.34963
u0013341:i2273657,7.34963
u0013341:i2326612,7.34963
u0013341:i2376218,7.34963
u0013341:i2381941,7.34963
u0013341:i2393845,7.34963
u0013341:i2404463,7.34963
u0013341:i2414766,7.34963
u0013341:i2510028,7.34963
u0013341:i2515030,7.34963
u0013341:i2515034,7.34963
u0013341:i2561572,7.34963
u0013341:i2562232,7.34963
u0013341:i2582802,7.34963
u0013341:i2637276,7.34963
u0013341:i2637294,7.34963
u0013341:i2637378,7.34963
u0013341:i2717822,7.34963
u0013341:i2784678,7.34963
u0013341:i2788710,7.34963
u0013341:i2802136,7.34963
u0013341:i2802144,7.34963
u0013341:i2820852,7.34963
u0013341:i2908446,7.34963
u0013341:i2911666,7.34963
u0013341:i2923316,7.34963
u0013341:i2937898,7.34963
u0013341:i3007512,7.34963
u0013341:i3045616,7.34963
u0013341:i3079380,7.34963
u0013341:i3205376,7.34963
u0013341:i3235888,7.34963
u0013341:i3247714,7.34963
u0013341:i3297330,7.34963
u0013341:i3316960,7.34963
u0013341:i3442006,7.34963
u0013341:i3824412,7.34963
u0013341:i4044364,7.34963
u0013352:i0038109,8.09686
u0013352:i0038787,8.09686
u0013352:i0067992,8.09686
u0013352:i0084516,8.09686
u0013352:i0087233,8.09686
u0013352:i0089469,8.09686
u0013352:i0100758,8.09686
u0013352:i0113819,8.09686
u0013352:i0116242,8.09686
u0013352:i0118954,8.09686
u0013352:i0120815,8.09686
u0013352:i0129387,8.09686
u0013352:i0158371,8.09686
u0013352:i0196216,8.09686
u0013352:i0246578,8.09686
u0013352:i0250494,8.09686
u0013352:i0335438,8.09686
u0013352:i0369610,8.09686
u0013352:i0386117,8.09686
u0013352:i0398286,8.09686
u0013352:i0410764,8.09686
u0013352:i0453047,8.09686
u0013352:i0800241,8.09686
u0013352:i0816692,8.09686
u0013352:i0878804,8.09686
u0013352:i0901476,8.09686
u0013352:i1029360,8.09686
u0013352:i1045658,8.09686
u0013352:i1065073,8.09686
u0013352:i1077368,8.09686
u0013352:i1100089,8.09686
u0013352:i1305806,8.09686
u0013352:i1340138,8.09686
u0013352:i1392190,8.09686
u0013352:i1392214,8.09686
u0013352:i1412386,8.09686
u0013352:i1441952,8.09686
u0013352:i1483013,8.09686
u0013352:i1547234,8.09686
u0013352:i1570728,8.09686
u0013352:i1588173,8.09686
u0013352:i1617661,8.09686
u0013352:i1623288,8.09686
u0013352:i1631867,8.09686
u0013352:i1649419,8.09686
u0013352:i1655441,8.09686
u0013352:i1675434,8.09686
u0013352:i1823672,8.09686
u0013352:i1907668,8.09686
u0013352:i1911658,8.09686
u0013352:i1924396,8.09686
u0013352:i2096673,8.09686
u0013352:i2199571,8.09686
u0013352:i2229499,8.09686
u0013352:i2245084,8.09686
u0013352:i2262227,8.09686
u0013352:i2305051,8.09686
u0013352:i2381941,8.09686
u0013352:i2555736,8.09686
u0013352:i2561572,8.09686
u0013352:i2582802,8.09686
u0013352:i2870756,8.09686
u0013352:i2872718,8.09686
u0013352:i2908446,8.09686
u0013352:i2911666,8.09686
u0013352:i2918436,8.09686
u0013352:i2980648,8.09686
u0013352:i2994190,8.09686
u0013352:i3011894,8.09686
u0013352:i3316960,8.09686
u0013390:i0111161,5.5354
u0013390:i0945513,6.16639
u0013390:i1392190,6.84375
u0013390:i1798709,6.68697
u0013392:i0120623,6.30129
u0013392:i0182789,6.30129
u0013392:i0338751,6.30129
u0013392:i0352248,6.30129
u0013392:i0458339,6.30129
u0013392:i1615065,6.30129
u0013392:i1843866,6.30129
u0013392:i1911658,6.30129
u0013392:i2084970,6.30129
u0013392:i2140619,6.30129
u0013392:i2279373,6.30129
u0013392:i2820852,6.30129
u0013392:i2980516,6.30129
u0013453:i0073802,7.67
u0013453:i1483013,7.67
u0013453:i2334649,7.67
u0013453:i2387513,7.67
u0013456:i0116209,7.25247
u0013456:i1972779,7.25247
u0013456:i2084970,7.25247
u0013456:i2278388,7.25247
u0013456:i2322441,7.25247
u0013456:i2582802,7.25247
u0013456:i2737050,7.25247
u0013456:i2980516,7.25247
u0013476:i1872194,7.63535
u0013476:i2294629,7.63535
u0013476:i2717860,7.63535
u0013476:i2908446,7.63535
u0013490:i0021542,6.99691
u0013490:i0022017,6.99691
u0013490:i0022204,6.99691
u0013490:i0034583,6.99691
u0013490:i0048342,6.99691
u0013490:i0053125,6.99691
u0013490:i0070047,6.99691
u0013490:i0076618,6.99691
u0013490:i0095765,6.99691
u0013490:i0097757,6.99691
u0013490:i0110877,6.99691
u0013490:i0116213,6.99691
u0013490:i0118715,6.99691
u0013490:i0120586,6.99691
u0013490:i0130623,6.99691
u0013490:i0144084,6.99691
u0013490:i0169547,6.99691
u0013490:i0211915,6.99691
u0013490:i0290002,6.99691
u0013490:i0327437,6.99691
u0013490:i0357413,6.99691
u0013490:i0361089,6.99691
u0013490:i0369610,6.99691
u0013490:i0373889,6.99691
u0013490:i0374330,6.99691
u0013490:i0379725,6.99691
u0013490:i0381707,6.99691
u0013490:i0396555,6.99691
u0013490:i0403702,6.99691
u0013490:i0416044,6.99691
u0013490:i0423294,6.99691
u0013490:i0423977,6.99691
u0013490:i0424095,6.99691
u0013490:i0443453,6.99691
u0013490:i0454945,6.99691
u0013490:i0457400,6.99691
u0013490:i0457495,6.99691
u0013490:i0462396,6.99691
u0013490:i0465494,6.99691
u0013490:i0469021,6.99691
u0013490:i0780504,6.99691
u0013490:i0795351,6.99691
u0013490:i0970416,6.99691
u0013490:i0981227,6.99691
u0013490:i1058017,6.99691
u0013490:i1065073,6.99691
u0013490:i1073498,6.99691
u0013490:i1114740,6.99691
u0013490:i1127180,6.99691
u0013490:i1148204,6.99691
u0013490:i1174732,6.99691
u0013490:i1213663,6.99691
u0013490:i1253863,6.99691
u0013490:i1305806,6.99691
u0013490:i1392190,6.99691
u0013490:i1441395,6.99691
u0013490:i1465522,6.99691
u0013490:i1615147,6.99691
u0013490:i1638002,6.99691
u0013490:i1650554,6.99691
u0013490:i1659337,6.99691
u0013490:i1682180,6.99691
u0013490:i1711425,6.99691
u0013490:i1758830,6.99691
u0013490:i1798709,6.99691
u0013490:i1800241,6.99691
u0013490:i1825157,6.99691
u0013490:i1833844,6.99691
u0013490:i1853739,6.99691
u0013490:i1899353,6.99691
u0013490:i1922777,6.99691
u0013490:i2023587,6.99691
u0013490:i2096673,6.99691
u0013490:i2179136,6.99691
u0013490:i2265171,6.99691
u0013490:i2267998,6.99691
u0013490:i2278388,6.99691
u0013490:i2479800,6.99691
u0013490:i2486682,6.99691
u0013490:i2582802,6.99691
u0013490:i2713180,6.99691
u0013490:i2756032,6.99691
u0013490:i2883512,6.99691
u0013490:i2980516,6.99691
u0013490:i3235888,6.99691
u0013519:i0365748,6.92598
u0013519:i0369610,6.92598
u0013519:i0446029,6.92598
u0013519:i0816692,6.92598
u0013519:i0840361,6.92598
u0013519:i1020072,6.92598
u0013519:i1205489,6.92598
u0013519:i1355630,6.92598
u0013519:i1979320,6.92598
u0013519:i2170439,6.92598
u0013519:i2170593,6.92598
u0013519:i2199571,6.92598
u0013519:i2238050,6.92598
u0013519:i2245084,6.92598
u0013519:i2381249,6.92598
u0013519:i2381941,6.92598
u0013519:i2479800,6.92598
u0013519:i2562232,6.92598
u0013519:i2582802,6.92598
u0013519:i2637276,6.92598
u0013519:i2713180,6.92598
u0013519:i2784678,6.92598
u0013519:i2980516,6.92598
u0013519:i3079380,6.92598
u0013519:i3369806,6.92598
u0013538:i0019760,7.92598
u0013538:i0046511,7.92598
u0013538:i0047296,7.92598
u0013538:i0057012,7.92598
u0013549:i0112442,6.83699
u0013549:i0183649,6.83699
u0013549:i0227445,6.83699
u0013549:i0271668,6.83699
u0013549:i0302886,6.83699
u0013549:i0332280,6.83699
u0013549:i0405508,6.83699
u0013549:i0810913,6.83699
u0013549:i0993846,6.83699
u0013549:i1119646,6.83699
u0013549:i1411697,6.83699
u0013549:i1924435,6.83699
u0013549:i2976182,6.83699
u0013549:i3036740,6.83699
u0013588:i0050613,3.70061
u0013588:i0068646,5.23768
u0013588:i0071315,6.69121
u0013588:i0071562,5.20606
u0013588:i0072890,5.34191
u0013588:i0075314,6.31866
u0013588:i0078788,6.32315
u0013588:i0081505,5.83456
u0013588:i0083907,0
u0013588:i0088247,6.27823
u0013588:i0092991,5.60264
u0013588:i0093058,6.38888
u0013588:i0093409,5.62126
u0013588:i0097388,3.52705
u0013588:i0097733,5.64
u0013588:i0099674,4.6273
u0013588:i0099685,6.53424
u0013588:i0103064,6.30669
u0013588:i0104684,4.87997
u0013588:i0104714,5.47597
u0013588:i0104815,4.91856
u0013588:i0110413,5.47758
u0013588:i0111512,5.27794
u0013588:i0119094,5.25305
u0013588:i0119488,6.20769
u0013588:i0120586,6.2224
u0013588:i0120655,3.56755
u0013588:i0122933,5.71553
u0013588:i0162650,3.86115
u0013588:i0163988,4.34084
u0013588:i0265632,3.88129
u0013588:i0361748,6.19648
u0013588:i0361862,6.40924
u0013588:i0369339,6.39545
u0013588:i0377092,3.8219
u0013588:i0409459,5.78085
u0013588:i0468569,5.67664
u0013588:i0478970,6.76642
u0013588:i0840361,6.14828
u0013588:i0903657,6.79505
u0013588:i1291150,7.27254
u0013588:i1375666,6.03053
u0013588:i1726669,6.31412
u0013588:i1798684,6.70076
u0013588:i1989475,5.82392
u0013588:i2011159,7.09744
u0013588:i2096673,7.00266
u0013588:i2321549,7.20056
u0013588:i2713180,7.09337
u0013588:i2870648,7.01048
u0013588:i2980592,6.77951
u0013588:i3205376,6.48725
u0013618:i0206634,6.08419
u0013618:i0253474,5.52037
u0013618:i0395169,5.52302
u0013618:i0469494,5.75771
u0013618:i0978762,3.7525
u0013618:i1024648,5.95613
u0013618:i1259521,5.02242
u0013618:i1334260,4.13654
u0013618:i1360860,5.08258
u0013618:i1392190,6.84954
u0013618:i1560747,6.56498
u0013618:i1853728,5.54077
u0013633:i0066817,7.41959
u0013633:i0102059,7.41959
u0013633:i0104254,7.41959
u0013633:i0108526,7.41959
u0013633:i0110322,7.41959
u0013633:i0116213,7.41959
u0013633:i0258000,7.41959
u0013633:i0302886,7.41959
u0013633:i0335438,7.41959
u0013633:i0369610,7.41959
u0013633:i0390022,7.41959
u0013633:i0477348,7.41959
u0013633:i0889573,7.41959
u0013633:i1065073,7.41959
u0013633:i1189340,7.41959
u0013633:i1371150,7.41959
u0013633:i1587310,7.41959
u0013633:i1638355,7.41959
u0013633:i1646971,7.41959
u0013633:i1647668,7.41959
u0013633:i1683526,7.41959
u0013633:i1714833,7.41959
u0013633:i1727388,7.41959
u0013633:i1740707,7.41959
u0013633:i1778338,7.41959
u0013633:i1956620,7.41959
u0013633:i2096673,7.41959
u0013633:i2183034,7.41959
u0013633:i2209764,7.41959
u0013633:i2234003,7.41959
u0013633:i2395427,7.41959
u0013633:i2515034,7.41959
u0013633:i2557490,7.41959
u0013633:i2562232,7.41959
u0013633:i2713180,7.41959
u0013633:i2717860,7.41959
u0013633:i2872732,7.41959
u0013633:i2883512,7.41959
u0013648:i0074119,6.62831
u0013648:i0078841,6.62831
u0013648:i3011894,6.62831
u0013656:i0057115,6.61044
u0013656:i1020072,6.61044
u0013656:i1392190,6.61044
u0013656:i1398426,6.61044
u0013656:i1617661,6.61044
u0013656:i1791682,6.61044
u0013656:i2179136,6.61044
u0013656:i2245084,6.61044
u0013656:i2278388,6.61044
u0013656:i2322441,6.61044
u0013656:i2446042,6.61044
u0013656:i2515034,6.61044
u0013656:i2788710,6.61044
u0013656:i2802144,6.61044
u0013656:i2872750,6.61044
u0013663:i1392190,6.85533
u0013663:i1528100,7.20972
u0013663:i2358925,6.75586
u0013663:i2387559,6.24775
u0013663:i3713166,6.63764
u0013689:i0068473,6.63579
u0013689:i0119472,6.63579
u0013689:i0369610,6.63579
u0013689:i0418763,6.63579
u0013689:i1100089,6.63579
u0013689:i1121096,6.63579
u0013689:i1216491,6.63579
u0013689:i1433811,6.63579
u0013689:i1647668,6.63579
u0013689:i1654523,6.63579
u0013689:i1767354,6.63579
u0013689:i1872194,6.63579
u0013689:i1911658,6.63579
u0013689:i1922777,6.63579
u0013689:i1979320,6.63579
u0013689:i2084970,6.63579
u0013689:i2223990,6.63579
u0013689:i2278388,6.63579
u0013689:i2336960,6.63579
u0013689:i2370248,6.63579
u0013689:i2717822,6.63579
u0013689:i2737050,6.63579
u0013689:i2854894,6.63579
u0013689:i2872718,6.63579
u0013689:i2937898,6.63579
u0013689:i2980516,6.63579
u0013689:i3042408,6.63579
u0013689:i3235888,6.63579
u0013689:i3541262,6.63579
u0013690:i0884328,7.88114
u0013690:i1130884,7.88114
u0013690:i1189073,7.88114
u0013690:i2077886,7.88114
u0013690:i2272918,7.88114
u0013698:i0369610,6.87776
u0013698:i1020072,6.87776
u0013698:i1392190,6.87776
u0013698:i1617661,6.87776
u0013698:i1638355,6.87776
u0013698:i1661199,6.87776
u0013698:i2088003,6.87776
u0013698:i2126355,6.87776
u0013698:i2179136,6.87776
u0013698:i2224026,6.87776
u0013698:i2245084,6.87776
u0013698:i2268016,6.87776
u0013698:i2322441,6.87776
u0013698:i2381249,6.87776
u0013698:i2395427,6.87776
u0013698:i2404425,6.87776
u0013698:i2446042,6.87776
u0013698:i2555736,6.87776
u0013698:i2562232,6.87776
u0013698:i2802144,6.87776
u0013698:i2820852,6.87776
u0013698:i2848292,6.87776
u0013698:i2870648,6.87776
u0013698:i3079380,6.87776
u0013698:i3152624,6.87776
u0013698:i3181822,6.87776
u0013698:i3294200,6.87776
u0013698:i3622592,6.87776
u0013698:i3787590,6.87776
u0013718:i0079579,6.25177
u0013718:i0120601,6.25177
u0013718:i0268126,6.25177
u0013718:i0878804,6.25177
u0013718:i1212450,6.25177
u0013718:i1255953,6.25177
u0013718:i1276104,6.25177
u0013718:i1392190,6.25177
u0013718:i2305051,6.25177
u0013719:i0369610,6.95131
u0013719:i0386117,6.95131
u0013719:i0470752,6.95131
u0013719:i0829150,6.95131
u0013719:i0870984,6.95131
u0013719:i0898367,6.95131
u0013719:i1139328,6.95131
u0013719:i1392190,6.95131
u0013719:i1527186,6.95131
u0013719:i1535108,6.95131
u0013719:i1549572,6.95131
u0013719:i1560747,6.95131
u0013719:i1579361,6.95131
u0013719:i1631867,6.95131
u0013719:i1692486,6.95131
u0013719:i1798709,6.95131
u0013719:i1823672,6.95131
u0013719:i1931533,6.95131
u0013719:i1937390,6.95131
u0013719:i2079571,6.95131
u0013719:i2310332,6.95131
u0013719:i2395427,6.95131
u0013719:i2562232,6.95131
u0013719:i2582802,6.95131
u0013719:i2718492,6.95131
u0013719:i2872718,6.95131
u0013719:i2884206,6.95131
u0013719:i2911666,6.95131
u0013766:i0816692,6.37331
u0013766:i1872194,6.37331
u0013766:i2562232,6.37331
u0013766:i2582802,6.37331
u0013766:i2788710,6.37331
u0013766:i2980516,6.37331
u0013790:i0478970,8.00189
u0013790:i1253863,8.00189
u0013790:i1502712,8.00189
u0013790:i2039393,8.00189
u0013790:i2088003,8.00189
u0013790:i2120120,8.00189
u0013790:i2140379,8.00189
u0013790:i2177771,8.00189
u0013790:i2224026,8.00189
u0013790:i2231253,8.00189
u0013790:i2293640,8.00189
u0013790:i2381249,8.00189
u0013790:i2395427,8.00189
u0013790:i2555736,8.00189
u0013790:i2637276,8.00189
u0013790:i2788710,8.00189
u0013790:i2820852,8.00189
u0013790:i2911666,8.00189
u0013790:i3152624,8.00189
u0013790:i3605418,8.00189
u0013801:i1100089,7.05356
u0013801:i1781769,5.88488
u0013801:i2179136,7.1189
u0013801:i2582802,7.11865
u0013801:i3179568,6.93231
u0013885:i2179116,7.8599
u0013885:i2459156,7.8599
u0013885:i2582802,7.8599
u0013900:i0046250,6.42625
u0013900:i0047437,6.42625
u0013900:i0052357,6.42625
u0013900:i0054698,6.42625
u0013900:i0056869,6.42625
u0013900:i0058385,6.42625
u0013900:i0084945,6.42625
u0013900:i0090142,6.42625
u0013900:i0091790,6.42625
u0013900:i0243655,6.42625
u0013900:i0369610,6.42625
u0013900:i0431021,6.42625
u0013900:i0477348,6.42625
u0013900:i1661199,6.42625
u0013900:i1790864,6.42625
u0013900:i1951181,6.42625
u0013900:i2179136,6.42625
u0013900:i2193215,6.42625
u0013900:i2381249,6.42625
u0013900:i2395427,6.42625
u0013900:i2908446,6.42625
u0013901:i0470752,6.8936
u0013901:i1655441,6.8936
u0013901:i1823672,6.8936
u0013901:i2713180,6.8936
u0013901:i2980516,6.8936
u0013901:i2980592,6.8936
u0013908:i0879870,7.67
u0013908:i0993846,7.67
u0013908:i1010048,7.67
u0013908:i1029360,7.67
u0013908:i1065073,7.67
u0013908:i1121096,7.67
u0013908:i1182937,7.67
u0013908:i1392190,7.67
u0013908:i1552224,7.67
u0013908:i1964418,7.67
u0013908:i2084970,7.67
u0013908:i2180411,7.67
u0013908:i2401097,7.67
u0013908:i2404181,7.67
u0013908:i2446042,7.67
u0013908:i2582802,7.67
u0013908:i2582846,7.67
u0013908:i2848292,7.67
u0013908:i2908446,7.67
u0013908:i2923316,7.67
u0013908:i2967224,7.67
u0013908:i2980516,7.67
u0013908:i3195644,7.67
u0013908:i3268458,7.67
u0013908:i3450116,7.67
u0013924:i1392190,7.65621
u0013924:i2387433,7.65621
u0013924:i2639344,7.65621
u0013956:i0470752,7.45669
u0013956:i0884732,7.45669
u0013956:i1086772,7.45669
u0013956:i1126590,7.45669
u0013956:i1291150,7.45669
u0013956:i1392190,7.45669
u0013956:i1666801,7.45669
u0013956:i1698641,7.45669
u0013956:i1767354,7.45669
u0013956:i1791682,7.45669
u0013956:i1809398,7.45669
u0013956:i1881002,7.45669
u0013956:i1937264,7.45669
u0013956:i2034031,7.45669
u0013956:i2170593,7.45669
u0013956:i2180411,7.45669
u0013956:i2199571,7.45669
u0013956:i2231253,7.45669
u0013956:i2321549,7.45669
u0013956:i2401097,7.45669
u0013956:i2436386,7.45669
u0013956:i2446042,7.45669
u0013956:i2465146,7.45669
u0013956:i2562232,7.45669
u0013956:i2820852,7.45669
u0013956:i2910508,7.45669
u0013956:i2962876,7.45669
u0013956:i2965412,7.45669
u0013956:i2994190,7.45669
u0013956:i3181822,7.45669
u0013956:i3235888,7.45669
u0013956:i3442006,7.45669
u0013956:i3799372,7.45669
u0013956:i4189442,7.45669
u0013968:i0259711,6.97
u0013968:i0976051,6.97
u0013968:i1126590,6.97
u0013968:i2014338,6.97
u0013968:i2278388,6.97
u0013968:i2322441,6.97
u0013968:i2582802,6.97
u0013968:i2980516,6.97
u0013973:i0478970,6.77766
u0013973:i2582802,7.1265
u0013973:i2872718,7.1316
u0013997:i0369610,7.89127
u0013997:i1020072,7.89127
u0013997:i2395427,7.89127
u0013997:i2562232,7.89127
u0013997:i2872718,7.89127
u0014000:i0369610,6.95423
u0014000:i0765443,6.95423
u0014000:i0831387,6.95423
u0014000:i0848228,6.95423
u0014000:i1392190,6.95423
u0014000:i1617661,6.95423
u0014000:i2170439,6.95423
u0014000:i2179136,6.95423
u0014000:i2245084,6.95423
u0014000:i2395427,6.95423
u0014000:i3079380,6.95423
u0014046:i0211933,7.60697
u0014046:i0298203,7.60697
u0014046:i2396436,7.60697
u0014046:i2446042,7.60697
u0014047:i0066921,7.71036
u0014047:i0093560,7.71036
u0014047:i0093693,7.71036
u0014047:i0098273,7.71036
u0014047:i0103783,7.71036
u0014047:i0106246,7.71036
u0014047:i0111503,7.71036
u0014047:i0120915,7.71036
u0014047:i0150377,7.71036
u0014047:i0161083,7.71036
u0014047:i0181875,7.71036
u0014047:i0241527,7.71036
u0014047:i0295297,7.71036
u0014047:i0338094,7.71036
u0014047:i0359950,7.71036
u0014047:i0369610,7.71036
u0014047:i0385880,7.71036
u0014047:i0405296,7.71036
u0014047:i0470752,7.71036
u0014047:i0478970,7.71036
u0014047:i0790636,7.71036
u0014047:i0800039,7.71036
u0014047:i0816692,7.71036
u0014047:i0829150,7.71036
u0014047:i0884732,7.71036
u0014047:i1340138,7.71036
u0014047:i1392190,7.71036
u0014047:i1528071,7.71036
u0014047:i1528100,7.71036
u0014047:i1587310,7.71036
u0014047:i1670345,7.71036
u0014047:i1690953,7.71036
u0014047:i1790864,7.71036
u0014047:i1798684,7.71036
u0014047:i1823672,7.71036
u0014047:i1850397,7.71036
u0014047:i1872194,7.71036
u0014047:i2084970,7.71036
u0014047:i2126355,7.71036
u0014047:i2170439,7.71036
u0014047:i2170593,7.71036
u0014047:i2179136,7.71036
u0014047:i2199571,7.71036
u0014047:i2209764,7.71036
u0014047:i2224026,7.71036
u0014047:i2245084,7.71036
u0014047:i2261331,7.71036
u0014047:i2262227,7.71036
u0014047:i2278388,7.71036
u0014047:i2381941,7.71036
u0014047:i2395427,7.71036
u0014047:i2561572,7.71036
u0014047:i2562232,7.71036
u0014047:i2582802,7.71036
u0014047:i2637276,7.71036
u0014047:i2637294,7.71036
u0014047:i2717822,7.71036
u0014047:i2788710,7.71036
u0014047:i2802144,7.71036
u0014047:i2820852,7.71036
u0014047:i2828996,7.71036
u0014047:i2872732,7.71036
u0014047:i2883512,7.71036
u0014047:i2908446,7.71036
u0014047:i2911666,7.71036
u0014047:i2918436,7.71036
u0014047:i2937898,7.71036
u0014047:i3152624,7.71036
u0014047:i3235888,7.71036
u0014047:i3322940,7.71036
u0014078:i1398426,7.18311
u0014078:i1524930,6.53965
u0014078:i1781922,6.49855
u0014078:i1798684,6.72595
u0014078:i2381249,6.9165
u0014082:i0061512,5.20721
u0014082:i0780571,6.75133
u0014082:i1392190,6.86112
u0014082:i1683526,5.31158
u0014082:i2872732,7.00056
u0014082:i3011894,7.21784
u0014082:i4009460,5.03868
u0014082:i4877114,2.10463
u0014100:i0209144,7.94266
u0014100:i0365907,7.94266
u0014100:i0816692,7.94266
u0014100:i1204977,7.94266
u0014100:i1823672,7.94266
u0014100:i2084970,7.94266
u0014100:i2096673,7.94266
u0014100:i2179136,7.94266
u0014100:i2294449,7.94266
u0014100:i2562232,7.94266
u0014100:i2582802,7.94266
u0014100:i2911666,7.94266
u0014100:i2980592,7.94266
u0014116:i0352248,6.81776
u0014116:i0478970,6.81776
u0014116:i2582802,6.81776
u0014182:i1024648,6.09464
u0014182:i1188988,3.96299
u0014182:i2106476,6.44956
u0014182:i2893490,5.75877
u0014182:i3196174,3.835
u0014182:i3346824,5.28793
u0014182:i3765326,1.78515
u0014182:i3792960,0
u0014185:i0416449,7.01876
u0014185:i0435651,7.01876
u0014185:i1121096,7.01876
u0014185:i1253863,7.01876
u0014185:i1446714,7.01876
u0014185:i1617661,7.01876
u0014185:i1731141,7.01876
u0014185:i1790864,7.01876
u0014185:i2404181,7.01876
u0014185:i2802144,7.01876
u0014185:i3416742,7.01876
u0014232:i0044391,0
u0014232:i0085244,0
u0014232:i2713180,7.11101
u0014232:i2872732,7.03438
u0014240:i0073195,6.73324
u0014240:i0077766,6.73324
u0014240:i0369610,6.73324
u0014240:i0411477,6.73324
u0014240:i0800369,6.73324
u0014240:i1264904,6.73324
u0014240:i1267297,6.73324
u0014240:i1340138,6.73324
u0014240:i1392190,6.73324
u0014240:i1661382,6.73324
u0014240:i1780798,6.73324
u0014240:i1823672,6.73324
u0014240:i1840309,6.73324
u0014240:i1964418,6.73324
u0014240:i2106361,6.73324
u0014240:i2381249,6.73324
u0014240:i2395427,6.73324
u0014261:i0369610,6.85083
u0014261:i1674771,6.85083
u0014261:i2126355,6.85083
u0014261:i2199571,6.85083
u0014261:i2802144,6.85083
u0014261:i2911666,6.85083
u0014276:i0369610,6.94919
u0014276:i1674771,6.82942
u0014276:i1964418,6.64169
u0014287:i0365907,7.34963
u0014287:i0470752,7.34963
u0014287:i0816692,7.34963
u0014287:i1103153,7.34963
u0014287:i1226273,7.34963
u0014287:i1667355,7.34963
u0014287:i1872194,7.34963
u0014287:i1951265,7.34963
u0014287:i2084970,7.34963
u0014287:i2179136,7.34963
u0014287:i2245084,7.34963
u0014287:i2273657,7.34963
u0014287:i2401097,7.34963
u0014287:i2562232,7.34963
u0014287:i2582802,7.34963
u0014287:i2802144,7.34963
u0014287:i2876428,7.34963
u0014287:i2883512,7.34963
u0014287:i2911666,7.34963
u0014287:i3007512,7.34963
u0014287:i3479316,7.34963
u0014287:i3970854,7.34963
u0014294:i1823672,8.3439
u0014294:i1872194,8.3439
u0014294:i1972779,8.3439
u0014294:i2214941,8.3439
u0014294:i2268458,8.3439
u0014294:i2446042,8.3439
u0014294:i2505294,8.3439
u0014294:i2637276,8.3439
u0014294:i2820852,8.3439
u0014294:i2911666,8.3439
u0014305:i0093894,7.02857
u0014305:i0369610,7.02857
u0014305:i0470752,7.02857
u0014305:i1020072,7.02857
u0014305:i1029360,7.02857
u0014305:i1121096,7.02857
u0014305:i1392190,7.02857
u0014305:i1617661,7.02857
u0014305:i1638355,7.02857
u0014305:i1661199,7.02857
u0014305:i1666801,7.02857
u0014305:i1727770,7.02857
u0014305:i1772288,7.02857
u0014305:i1823672,7.02857
u0014305:i1921149,7.02857
u0014305:i1935302,7.02857
u0014305:i1964418,7.02857
u0014305:i2039393,7.02857
u0014305:i2088003,7.02857
u0014305:i2126355,7.02857
u0014305:i2199571,7.02857
u0014305:i2224026,7.02857
u0014305:i2245084,7.02857
u0014305:i2305051,7.02857
u0014305:i2322441,7.02857
u0014305:i2381941,7.02857
u0014305:i2395427,7.02857
u0014305:i2404425,7.02857
u0014305:i2436386,7.02857
u0014305:i2555736,7.02857
u0014305:i2561572,7.02857
u0014305:i2639254,7.02857
u0014305:i2717822,7.02857
u0014305:i2720680,7.02857
u0014305:i2784678,7.02857
u0014305:i2788710,7.02857
u0014305:i2802144,7.02857
u0014305:i2820852,7.02857
u0014305:i2848292,7.02857
u0014305:i2872750,7.02857
u0014305:i2908446,7.02857
u0014305:i2911666,7.02857
u0014305:i2935476,7.02857
u0014305:i2937898,7.02857
u0014305:i3007512,7.02857
u0014305:i3045616,7.02857
u0014305:i3079380,7.02857
u0014305:i3181822,7.02857
u0014305:i3235888,7.02857
u0014305:i3316960,7.02857
u0014305:i3411432,7.02857
u0014305:i3442006,7.02857
u0014305:i3713166,7.02857
u0014340:i0369610,6.70622
u0014340:i0478970,6.70622
u0014340:i1781922,6.70622
u0014340:i1823672,6.70622
u0014340:i1964418,6.70622
u0014340:i2096673,6.70622
u0014340:i2126355,6.70622
u0014340:i2273657,6.70622
u0014340:i2395427,6.70622
u0014340:i2820852,6.70622
u0014340:i3007512,6.70622
u0014370:i0111161,7.92598
u0014370:i0828154,7.92598
u0014370:i1863192,7.92598
u0014370:i2190332,7.92598
u0014370:i2368635,7.92598
u0014370:i2414040,7.92598
u0014370:i2936180,7.92598
u0014370:i3235888,7.92598
u0014370:i3591984,7.92598
u0014375:i0038650,7.82764
u0014375:i0041959,7.82764
u0014375:i0043014,7.82764
u0014375:i0046912,7.82764
u0014375:i0047296,7.82764
u0014375:i0047396,7.82764
u0014375:i0048728,7.82764
u0014375:i0052357,7.82764
u0014375:i0053125,7.82764
u0014375:i0053291,7.82764
u0014375:i0053604,7.82764
u0014375:i0054215,7.82764
u0014375:i0065988,7.82764
u0014375:i0071524,7.82764
u0014375:i0081398,7.82764
u0014375:i0107207,7.82764
u0014375:i0113247,7.82764
u0014375:i0120663,7.82764
u0014375:i0221027,7.82764
u0014375:i0277027,7.82764
u0014375:i0289879,7.82764
u0014375:i0309698,7.82764
u0014375:i0316356,7.82764
u0014375:i0401711,7.82764
u0014375:i0414387,7.82764
u0014375:i0469494,7.82764
u0014375:i0783233,7.82764
u0014375:i0816692,7.82764
u0014375:i1392190,7.82764
u0014375:i1683526,7.82764
u0014375:i1742044,7.82764
u0014375:i1931533,7.82764
u0014375:i2084970,7.82764
u0014375:i2194499,7.82764
u0014375:i2310332,7.82764
u0014375:i2562232,7.82764
u0014375:i2567712,7.82764
u0014375:i2582802,7.82764
u0014375:i2802144,7.82764
u0014375:i2872718,7.82764
u0014375:i2980516,7.82764
u0014375:i2994190,7.82764
u0014375:i3011894,7.82764
u0014375:i3205376,7.82764
u0014375:i3253930,7.82764
u0014377:i2084970,7.36606
u0014377:i2278388,7.36606
u0014377:i2334873,7.36606
u0014387:i0050083,5.86679
u0014387:i0369610,6.95675
u0014387:i0443465,6.31153
u0014387:i0478970,6.78892
u0014387:i0900387,6.27038
u0014387:i1243974,6.71824
u0014387:i1392190,6.86692
u0014387:i1638355,6.80329
u0014387:i1791682,7.08953
u0014387:i2381249,6.92887
u0014387:i2404425,6.86702
u0014387:i2637276,6.57554
u0014387:i2848292,6.93673
u0014387:i3062976,4.85307
u0014387:i3152624,6.72628
u0014387:i3622592,6.27204
u0014396:i0268978,5.91389
u0014396:i1560747,6.81748
u0014396:i2802144,6.97172
u0014396:i3007512,7.00891
u0014400:i3422462,6.83384
u0014400:i4023852,6.83384
u0014400:i4354740,6.83384
u0014423:i0369339,6.92805
u0014423:i1790864,6.92805
u0014423:i2872718,6.92805
u0014424:i0023302,8.93182
u0014424:i0026261,8.93182
u0014424:i0027258,8.93182
u0014424:i0028004,8.93182
u0014424:i0029861,8.93182
u0014424:i0045506,8.93182
u0014424:i0051201,8.93182
u0014424:i0059742,8.93182
u0014424:i0060104,8.93182
u0014424:i0067668,8.93182
u0014424:i0135647,8.93182
u0014424:i0149345,8.93182
u0014424:i0175735,8.93182
u0014424:i0175908,8.93182
u0014424:i0178181,8.93182
u0014424:i0229950,8.93182
u0014424:i0230141,8.93182
u0014424:i0232081,8.93182
u0014424:i0239452,8.93182
u0014424:i0258690,8.93182
u0014424:i0266752,8.93182
u0014424:i0268394,8.93182
u0014424:i0274944,8.93182
u0014424:i0284978,8.93182
u0014424:i0305689,8.93182
u0014424:i0367695,8.93182
u0014424:i0460745,8.93182
u0014424:i0758774,8.93182
u0014424:i0765429,8.93182
u0014424:i0796366,8.93182
u0014424:i0832266,8.93182
u0014424:i0936501,8.93182
u0014424:i1186370,8.93182
u0014424:i1195478,8.93182
u0014424:i1210166,8.93182
u0014424:i1220627,8.93182
u0014424:i1261047,8.93182
u0014424:i1300155,8.93182
u0014424:i1321869,8.93182
u0014424:i1392170,8.93182
u0014424:i1401143,8.93182
u0014424:i1438251,8.93182
u0014424:i1621045,8.93182
u0014424:i1634136,8.93182
u0014424:i1642665,8.93182
u0014424:i1647668,8.93182
u0014424:i1716777,8.93182
u0014424:i1787837,8.93182
u0014424:i1831806,8.93182
u0014424:i1852076,8.93182
u0014424:i1859650,8.93182
u0014424:i1931601,8.93182
u0014424:i1954818,8.93182
u0014424:i2011159,8.93182
u0014424:i2077721,8.93182
u0014424:i2139555,8.93182
u0014424:i2170593,8.93182
u0014424:i2215673,8.93182
u0014424:i2222716,8.93182
u0014424:i2243393,8.93182
u0014424:i2309764,8.93182
u0014424:i2317135,8.93182
u0014424:i2322441,8.93182
u0014424:i2372222,8.93182
u0014424:i2577172,8.93182
u0014424:i2631186,8.93182
u0014424:i2691010,8.93182
u0014424:i2714380,8.93182
u0014424:i2752688,8.93182
u0014424:i2870756,8.93182
u0014424:i2871010,8.93182
u0014424:i2905838,8.93182
u0014424:i2978626,8.93182
u0014424:i2998196,8.93182
u0014424:i3001638,8.93182
u0014424:i3078752,8.93182
u0014424:i3144266,8.93182
u0014424:i3213622,8.93182
u0014424:i3279176,8.93182
u0014424:i3380264,8.93182
u0014424:i3398052,8.93182
u0014424:i3430042,8.93182
u0014424:i3465916,8.93182
u0014424:i3484800,8.93182
u0014424:i3495000,8.93182
u0014424:i3524410,8.93182
u0014424:i3565354,8.93182
u0014424:i3619854,8.93182
u0014424:i3636776,8.93182
u0014424:i3640942,8.93182
u0014424:i3683702,8.93182
u0014424:i3780532,8.93182
u0014424:i3794302,8.93182
u0014424:i3796006,8.93182
u0014424:i3848888,8.93182
u0014424:i3863552,8.93182
u0014424:i4187650,8.93182
u0014424:i4192214,8.93182
u0014424:i4228746,8.93182
u0014438:i1670345,7.28593
u0014438:i2004420,7.28593
u0014438:i2140373,7.28593
u0014438:i2802144,7.28593
u0014482:i1100089,7.49751
u0014482:i2039393,7.49751
u0014482:i2179136,7.49751
u0014482:i2582802,7.49751
u0014487:i0832266,5.69438
u0014487:i1126590,7.20178
u0014487:i1441953,6.55189
u0014487:i1655441,6.68581
u0014487:i1964418,6.67019
u0014487:i2267998,6.89267
u0014487:i2395427,7.03359
u0014487:i3079380,6.77212
u0014490:i0419887,7.90696
u0014490:i0431197,7.90696
u0014490:i0914797,7.90696
u0014490:i1264904,7.90696
u0014490:i2084970,7.90696
u0014490:i2179136,7.90696
u0014490:i2278388,7.90696
u0014490:i2614684,7.90696
u0014490:i2802154,7.90696
u0014490:i2980648,7.90696
u0014543:i3317208,0
u0014543:i3416742,7.11168
u0014543:i3662066,0
u0014543:i4180576,3.59448
u0014562:i0443274,7.92598
u0014562:i0478970,7.92598
u0014562:i0498399,7.92598
u0014562:i1321511,7.92598
u0014562:i1392190,7.92598
u0014562:i1726592,7.92598
u0014562:i1772264,7.92598
u0014562:i1840309,7.92598
u0014562:i2084970,7.92598
u0014562:i2179136,7.92598
u0014562:i2199571,7.92598
u0014562:i2395427,7.92598
u0014562:i2493486,7.92598
u0014562:i2820852,7.92598
u0014562:i2908446,7.92598
u0014562:i3079380,7.92598
u0014567:i0478970,6.65508
u0014567:i1392190,6.65508
u0014567:i2096673,6.65508
u0014567:i2245084,6.65508
u0014567:i2395427,6.65508
u0014567:i2820852,6.65508
u0014575:i0038559,6.82276
u0014575:i0041838,6.82276
u0014575:i0043265,6.82276
u0014575:i0046250,6.82276
u0014575:i0054215,6.82276
u0014575:i0054698,6.82276
u0014575:i0057413,6.82276
u0014575:i0252444,6.82276
u0014575:i0427392,6.82276
u0014575:i1126590,6.82276
u0014575:i1340123,6.82276
u0014575:i1385826,6.82276
u0014575:i1403981,6.82276
u0014575:i1758595,6.82276
u0014575:i2338151,6.82276
u0014575:i2381941,6.82276
u0014575:i2404181,6.82276
u0014575:i2562232,6.82276
u0014575:i2980516,6.82276
u0014575:i4195278,6.82276
u0014627:i0369610,7.57696
u0014627:i0478970,7.57696
u0014627:i1502712,7.57696
u0014627:i2302755,7.57696
u0014627:i2395427,7.57696
u0014627:i2582802,7.57696
u0014627:i2872732,7.57696
u0014642:i0120768,6.95423
u0014642:i0452623,6.95423
u0014642:i0465551,6.95423
u0014642:i1130884,6.95423
u0014642:i1392190,6.95423
u0014642:i1809398,6.95423
u0014642:i2180411,6.95423
u0014642:i2562232,6.95423
u0014642:i2582802,6.95423
u0014642:i2848292,6.95423
u0014642:i3316960,6.95423
u0014646:i0022913,7.60697
u0014646:i0048028,7.60697
u0014646:i0058700,7.60697
u0014646:i0060315,7.60697
u0014646:i0074559,7.60697
u0014646:i0074811,7.60697
u0014646:i0077889,7.60697
u0014646:i0079641,7.60697
u0014646:i0080678,7.60697
u0014646:i0082136,7.60697
u0014646:i0082817,7.60697
u0014646:i0089374,7.60697
u0014646:i0091064,7.60697
u0014646:i0094964,7.60697
u0014646:i0095403,7.60697
u0014646:i0099088,7.60697
u0014646:i0101540,7.60697
u0014646:i0103644,7.60697
u0014646:i0104070,7.60697
u0014646:i0105323,7.60697
u0014646:i0105414,7.60697
u0014646:i0106246,7.60697
u0014646:i0106856,7.60697
u0014646:i0109506,7.60697
u0014646:i0109707,7.60697
u0014646:i0112792,7.60697
u0014646:i0112864,7.60697
u0014646:i0114369,7.60697
u0014646:i0114746,7.60697
u0014646:i0116583,7.60697
u0014646:i0116996,7.60697
u0014646:i0117666,7.60697
u0014646:i0118655,7.60697
u0014646:i0118715,7.60697
u0014646:i0118971,7.60697
u0014646:i0118972,7.60697
u0014646:i0120148,7.60697
u0014646:i0120655,7.60697
u0014646:i0120749,7.60697
u0014646:i0120891,7.60697
u0014646:i0144084,7.60697
u0014646:i0145660,7.60697
u0014646:i0177789,7.60697
u0014646:i0243133,7.60697
u0014646:i0244244,7.60697
u0014646:i0253474,7.60697
u0014646:i0258463,7.60697
u0014646:i0265459,7.60697
u0014646:i0287978,7.60697
u0014646:i0295178,7.60697
u0014646:i0312549,7.60697
u0014646:i0313542,7.60697
u0014646:i0340855,7.60697
u0014646:i0350258,7.60697
u0014646:i0352520,7.60697
u0014646:i0363473,7.60697
u0014646:i0373469,7.60697
u0014646:i0396171,7.60697
u0014646:i0424938,7.60697
u0014646:i0427969,7.60697
u0014646:i0450336,7.60697
u0014646:i0455944,7.60697
u0014646:i0477080,7.60697
u0014646:i0478970,7.60697
u0014646:i0488988,7.60697
u0014646:i0787475,7.60697
u0014646:i0790636,7.60697
u0014646:i0840361,7.60697
u0014646:i1028528,7.60697
u0014646:i1033575,7.60697
u0014646:i1175709,7.60697
u0014646:i1179056,7.60697
u0014646:i1231587,7.60697
u0014646:i1234721,7.60697
u0014646:i1278340,7.60697
u0014646:i1291580,7.60697
u0014646:i1343092,7.60697
u0014646:i1408101,7.60697
u0014646:i1502404,7.60697
u0014646:i1524930,7.60697
u0014646:i1570728,7.60697
u0014646:i1638355,7.60697
u0014646:i1723121,7.60697
u0014646:i1748179,7.60697
u0014646:i1798684,7.60697
u0014646:i1798709,7.60697
u0014646:i1825157,7.60697
u0014646:i1850397,7.60697
u0014646:i1853728,7.60697
u0014646:i1855199,7.60697
u0014646:i1864288,7.60697
u0014646:i1959490,7.60697
u0014646:i2139555,7.60697
u0014646:i2265171,7.60697
u0014646:i2267998,7.60697
u0014646:i2316411,7.60697
u0014646:i2333804,7.60697
u0014646:i2345737,7.60697
u0014646:i2381249,7.60697
u0014646:i2381941,7.60697
u0014646:i2402157,7.60697
u0014646:i2713180,7.60697
u0014646:i2911666,7.60697
u0014646:i3045616,7.60697
u0014646:i3294200,7.60697
u0014653:i0078718,3.93932
u0014653:i0114814,5.7924
u0014653:i0816692,6.7257
u0014655:i0418689,6.33114
u0014655:i1392190,6.87273
u0014655:i1942884,3.44864
u0014656:i0070666,7.60697
u0014656:i0072890,7.60697
u0014656:i0078718,7.60697
u0014656:i0086250,7.60697
u0014656:i0087843,7.60697
u0014656:i0094226,7.60697
u0014656:i0101540,7.60697
u0014656:i0105323,7.60697
u0014656:i0105695,7.60697
u0014656:i0106519,7.60697
u0014656:i0113277,7.60697
u0014656:i0114814,7.60697
u0014656:i0118971,7.60697
u0014656:i0119008,7.60697
u0014656:i0119488,7.60697
u0014656:i0140352,7.60697
u0014656:i0217505,7.60697
u0014656:i0253474,7.60697
u0014656:i0257044,7.60697
u0014656:i0289992,7.60697
u0014656:i0338751,7.60697
u0014656:i0363163,7.60697
u0014656:i0407887,7.60697
u0014656:i0469494,7.60697
u0014656:i0482571,7.60697
u0014656:i0816442,7.60697
u0014656:i0816692,7.60697
u0014656:i0976051,7.60697
u0014656:i1375666,7.60697
u0014656:i1504320,7.60697
u0014656:i1872194,7.60697
u0014656:i1924396,7.60697
u0014656:i2084970,7.60697
u0014656:i2267998,7.60697
u0014656:i2322441,7.60697
u0014656:i2493486,7.60697
u0014669:i0470752,6.89727
u0014669:i1392190,6.89727
u0014669:i2096673,6.89727
u0014673:i0481499,7.73126
u0014673:i1667889,7.73126
u0014673:i1790864,7.73126
u0014673:i2431286,7.73126
u0014673:i2872718,7.73126
u0014685:i0048021,5.62761
u0014685:i0066206,5.64525
u0014685:i0070509,2.72519
u0014685:i0210070,0
u0014685:i0340377,6.2037
u0014685:i0365907,7.08727
u0014685:i0369610,6.96432
u0014685:i0418819,0
u0014685:i0427312,5.11378
u0014685:i0470705,0
u0014685:i0478970,6.8002
u0014685:i0813547,0
u0014685:i1210166,7.19748
u0014685:i1211956,6.26461
u0014685:i1234721,7.13157
u0014685:i1242460,6.71889
u0014685:i1289451,3.80348
u0014685:i1293751,3.53938
u0014685:i1300854,6.83928
u0014685:i1430132,5.83665
u0014685:i1535108,6.36188
u0014685:i1790885,6.36944
u0014685:i1800241,7.0187
u0014685:i1843866,6.68768
u0014685:i1853739,5.27365
u0014685:i1872181,6.72688
u0014685:i1885335,0
u0014685:i2024469,6.51332
u0014685:i2084970,6.98141
u0014685:i2103281,7.27351
u0014685:i2321549,7.26107
u0014685:i2381249,6.94127
u0014685:i2488042,0
u0014685:i2614684,6.58222
u0014685:i2720680,6.35315
u0014685:i2802144,6.97831
u0014685:i2966760,5.83432
u0014685:i2975578,6.17909
u0014685:i2980592,6.86756
u0014685:i3074780,6.53729
u0014685:i3129484,0
u0014685:i3235888,7.07707
u0014685:i3399112,5.27925
u0014685:i3445270,5.32983
u0014688:i0213149,5.56427
u0014688:i0253474,5.61895
u0014688:i0257044,5.94153
u0014688:i0332280,5.93901
u0014688:i0364569,6.01456
u0014688:i0381681,7.04093
u0014688:i0421715,6.32924
u0014688:i0434409,6.75393
u0014688:i0470752,7.01264
u0014688:i0478970,6.81149
u0014688:i0482571,5.24554
u0014688:i1220719,3.59521
u0014688:i1247690,6.26486
u0014688:i1340138,6.93183
u0014688:i1355630,6.67101
u0014688:i1374992,6.83594
u0014688:i1375666,6.10591
u0014688:i1392190,6.87854
u0014688:i1483013,6.35776
u0014688:i1606384,0
u0014688:i1655441,6.71378
u0014688:i1706620,7.10477
u0014688:i1798684,6.75123
u0014688:i1823672,7.04361
u0014688:i1840417,5.50112
u0014688:i1877832,6.75523
u0014688:i1881002,6.93808
u0014688:i1979320,6.90571
u0014688:i2024544,6.68802
u0014688:i2084970,6.98865
u0014688:i2140379,6.48918
u0014688:i2199571,6.79251
u0014688:i2231253,7.06494
u0014688:i2267998,6.90965
u0014688:i2381249,6.95369
u0014688:i2395427,7.04121
u0014688:i2401097,6.77369
u0014688:i2402101,6.57085
u0014688:i2436386,7.07223
u0014688:i2452200,6.35115
u0014688:i2493486,6.65587
u0014688:i2558318,5.06578
u0014688:i2582846,6.43154
u0014688:i2720680,6.57222
u0014688:i2726560,6.42773
u0014688:i2820852,6.90487
u0014688:i2872732,7.06836
u0014688:i2908446,6.79097
u0014688:i2937898,7.04516
u0014688:i3181822,6.89089
u0014688:i3316960,7.03733
u0014688:i3541262,6.50952
u0014714:i0377092,7.26779
u0014714:i0411267,7.26779
u0014714:i0440803,7.26779
u0014714:i0470752,7.26779
u0014714:i0800240,7.26779
u0014714:i1392190,7.26779
u0014714:i1528100,7.26779
u0014714:i1617661,7.26779
u0014714:i1791528,7.26779
u0014714:i1823672,7.26779
u0014714:i1881002,7.26779
u0014714:i1951265,7.26779
u0014714:i2042568,7.26779
u0014714:i2084970,7.26779
u0014714:i2094877,7.26779
u0014714:i2122313,7.26779
u0014714:i2179136,7.26779
u0014714:i2238050,7.26779
u0014714:i2305051,7.26779
u0014714:i2322441,7.26779
u0014714:i2343793,7.26779
u0014714:i2381941,7.26779
u0014714:i2395427,7.26779
u0014714:i2562232,7.26779
u0014714:i2581244,7.26779
u0014714:i2582802,7.26779
u0014714:i2717822,7.26779
u0014714:i2720680,7.26779
u0014714:i2793490,7.26779
u0014714:i2802144,7.26779
u0014714:i2870756,7.26779
u0014714:i2872718,7.26779
u0014714:i2908446,7.26779
u0014714:i2911666,7.26779
u0014714:i2923652,7.26779
u0014714:i2980516,7.26779
u0014714:i3090670,7.26779
u0014714:i3177316,7.26779
u0014714:i3263614,7.26779
u0014714:i3472226,7.26779
u0014714:i3479316,7.26779
u0014714:i3630276,7.26779
u0014720:i0119643,7.37416
u0014720:i2096673,7.37416
u0014720:i2820852,7.37416
u0014720:i3455224,7.37416
u0014737:i0065051,7.60697
u0014737:i0067809,7.60697
u0014737:i0075029,7.60697
u0014737:i0075213,7.60697
u0014737:i1065073,7.60697
u0014737:i1809398,7.60697
u0014737:i1872194,7.60697
u0014737:i1951265,7.60697
u0014737:i2446042,7.60697
u0014737:i2908446,7.60697
u0014742:i0172495,5.81368
u0014742:i1675434,6.12552
u0014742:i1921064,6.59817
u0014742:i3622592,6.34761
u0014749:i0111161,7.89903
u0014749:i0112471,7.89903
u0014749:i0125439,7.89903
u0014749:i0172495,7.89903
u0014749:i0381681,7.89903
u0014749:i1322312,7.89903
u0014749:i1588173,7.89903
u0014749:i1972779,7.89903
u0014749:i2179136,7.89903
u0014749:i2180411,7.89903
u0014749:i2209418,7.89903
u0014749:i2245084,7.89903
u0014749:i2322441,7.89903
u0014749:i2562232,7.89903
u0014749:i2802144,7.89903
u0014749:i2820852,7.89903
u0014749:i2848292,7.89903
u0014749:i3316960,7.89903
u0014749:i3868492,7.89903
u0014761:i1392190,6.88435
u0014761:i1666801,6.39457
u0014761:i1850397,6.88075
u0014761:i2199571,6.81677
u0014761:i2381941,7.07394
u0014761:i2473794,6.89752
u0014761:i2515034,6.75637
u0014761:i2555736,7.29566
u0014761:i2561572,6.91036
u0014761:i2726560,6.49201
u0014761:i2737050,7.08164
u0014761:i2802144,6.9849
u0014761:i2820852,6.91396
u0014761:i2908446,6.80984
u0014761:i2937898,7.08661
u0014761:i3007512,7.05139
u0014761:i3316960,7.05905
u0014761:i3409392,6.50478
u0014766:i0369610,7.41959
u0014766:i0470752,7.41959
u0014766:i1340138,7.41959
u0014766:i1392190,7.41959
u0014766:i3045616,7.41959
u0014802:i0082085,7.92598
u0014802:i0086998,7.92598
u0014802:i0086999,7.92598
u0014802:i0088247,7.92598
u0014802:i0110729,7.92598
u0014802:i0120667,7.92598
u0014802:i0369610,7.92598
u0014802:i0435651,7.92598
u0014802:i0470752,7.92598
u0014802:i0478970,7.92598
u0014802:i0486576,7.92598
u0014802:i0816692,7.92598
u0014802:i0959306,7.92598
u0014802:i0985694,7.92598
u0014802:i1046173,7.92598
u0014802:i1065073,7.92598
u0014802:i1100089,7.92598
u0014802:i1126590,7.92598
u0014802:i1174042,7.92598
u0014802:i1204977,7.92598
u0014802:i1340138,7.92598
u0014802:i1392190,7.92598
u0014802:i1398426,7.92598
u0014802:i1457767,7.92598
u0014802:i1502712,7.92598
u0014802:i1591095,7.92598
u0014802:i1679248,7.92598
u0014802:i1791528,7.92598
u0014802:i1798684,7.92598
u0014802:i1821641,7.92598
u0014802:i1899353,7.92598
u0014802:i1922777,7.92598
u0014802:i1971325,7.92598
u0014802:i2002718,7.92598
u0014802:i2011159,7.92598
u0014802:i2012665,7.92598
u0014802:i2096673,7.92598
u0014802:i2172584,7.92598
u0014802:i2205401,7.92598
u0014802:i2215077,7.92598
u0014802:i2226417,7.92598
u0014802:i2235108,7.92598
u0014802:i2238050,7.92598
u0014802:i2305051,7.92598
u0014802:i2321549,7.92598
u0014802:i2370224,7.92598
u0014802:i2387433,7.92598
u0014802:i2388715,7.92598
u0014802:i2395427,7.92598
u0014802:i2402085,7.92598
u0014802:i2436386,7.92598
u0014802:i2495104,7.92598
u0014802:i2582802,7.92598
u0014802:i2692904,7.92598
u0014802:i2820852,7.92598
u0014802:i2872718,7.92598
u0014802:i2872732,7.92598
u0014802:i2911666,7.92598
u0014802:i2937898,7.92598
u0014802:i2980592,7.92598
u0014802:i3104930,7.92598
u0014802:i3128900,7.92598
u0014802:i3235888,7.92598
u0014802:i3322940,7.92598
u0014802:i3442006,7.92598
u0014802:i4257858,7.92598
u0014858:i0887912,7.91834
u0014858:i1398426,7.91834
u0014858:i1587310,7.91834
u0014858:i1758595,7.91834
u0014858:i2267998,7.91834
u0014858:i2294629,7.91834
u0014858:i2357129,7.91834
u0014858:i2562232,7.91834
u0014858:i3152624,7.91834
u0014858:i4178092,7.91834
u0014860:i1065073,7.50419
u0014860:i1980929,7.50419
u0014860:i2267998,7.50419
u0014877:i0765429,7.32101
u0014877:i1336617,7.32101
u0014877:i1666801,7.32101
u0014877:i1809398,7.32101
u0014877:i1850397,7.32101
u0014877:i1907668,7.32101
u0014877:i2179136,7.32101
u0014877:i2194826,7.32101
u0014877:i2224026,7.32101
u0014877:i2381249,7.32101
u0014877:i2381941,7.32101
u0014877:i2395427,7.32101
u0014877:i2446042,7.32101
u0014877:i2561572,7.32101
u0014877:i2582802,7.32101
u0014877:i2717822,7.32101
u0014877:i2784678,7.32101
u0014877:i2802144,7.32101
u0014877:i2820852,7.32101
u0014877:i3045616,7.32101
u0014877:i3203616,7.32101
u0014877:i3461252,7.32101
u0014881:i0147800,4.70082
u0014881:i0423866,2.47093
u0014881:i1659337,6.77024
u0014911:i0288477,7.50908
u0014911:i0481369,7.50908
u0014911:i1130884,7.50908
u0014911:i1790864,7.50908
u0014911:i2294629,7.50908
u0014911:i2908446,7.50908
u0014917:i0071853,6.57572
u0014917:i0083987,6.57572
u0014917:i0088258,6.57572
u0014917:i0088846,6.57572
u0014917:i0093058,6.57572
u0014917:i0118715,6.57572
u0014917:i0217869,6.57572
u0014917:i0361748,6.57572
u0014917:i0469494,6.57572
u0014917:i1392190,6.57572
u0014917:i1560747,6.57572
u0014917:i1706620,6.57572
u0014917:i1748122,6.57572
u0014917:i1823672,6.57572
u0014917:i1848926,6.57572
u0014917:i2017561,6.57572
u0014917:i2245084,6.57572
u0014917:i2333804,6.57572
u0014917:i2980648,6.57572
u0014923:i0083658,6.37331
u0014923:i0369610,6.37331
u0014923:i0481369,6.37331
u0014923:i0903624,6.37331
u0014923:i1001526,6.37331
u0014923:i1170358,6.37331
u0014923:i1213663,6.37331
u0014923:i1234719,6.37331
u0014923:i1262415,6.37331
u0014923:i1340138,6.37331
u0014923:i1392190,6.37331
u0014923:i1433108,6.37331
u0014923:i1454468,6.37331
u0014923:i1535108,6.37331
u0014923:i1790864,6.37331
u0014923:i1790885,6.37331
u0014923:i1907668,6.37331
u0014923:i1980209,6.37331
u0014923:i2293640,6.37331
u0014923:i2310332,6.37331
u0014923:i2357129,6.37331
u0014923:i2377322,6.37331
u0014923:i2387513,6.37331
u0014923:i2395427,6.37331
u0014923:i2582802,6.37331
u0014923:i2713180,6.37331
u0014943:i0035896,8.14021
u0014943:i0099088,8.14021
u0014943:i0120032,8.14021
u0014943:i0151804,8.14021
u0014943:i0382932,8.14021
u0014943:i0387808,8.14021
u0014943:i0477348,8.14021
u0014943:i0910970,8.14021
u0014943:i1105263,8.14021
u0014943:i1278060,8.14021
u0014943:i1392190,8.14021
u0014943:i2180411,8.14021
u0014943:i2224026,8.14021
u0014943:i2279373,8.14021
u0014953:i0268978,6.52404
u0014953:i0369610,6.52404
u0014953:i0478970,6.52404
u0014953:i1823672,6.52404
u0014953:i2179136,6.52404
u0014953:i2381249,6.52404
u0014953:i2679042,6.52404
u0014953:i2717822,6.52404
u0014953:i2802144,6.52404
u0014953:i2937898,6.52404
u0014953:i2980516,6.52404
u0014953:i3007512,6.52404
u0014953:i3029476,6.52404
u0014953:i3168230,6.52404
u0014953:i4178092,6.52404
u0014981:i0816692,6.95423
u0014981:i2785032,6.95423
u0014981:i2872718,6.95423
u0015040:i0070047,6.3924
u0015040:i0084516,5.89011
u0015040:i0109830,6.02049
u0015040:i0758758,6.2159
u0015040:i0804516,4.85509
u0015040:i1035736,4.60058
u0015040:i1655441,6.74187
u0015040:i1661199,7.02961
u0015040:i1682180,5.80888
u0015040:i1922777,6.32154
u0015040:i1972779,7.11245
u0015040:i2109248,6.74363
u0015040:i2267998,6.92667
u0015040:i2802144,6.99149
u0015053:i1823672,7.75664
u0015053:i2172584,7.75664
u0015053:i2908446,7.75664
u0015053:i3235888,7.75664
u0015083:i1666801,6.4698
u0015083:i2614684,6.64612
u0015083:i2937898,7.12829
u0015090:i0470752,5.71033
u0015090:i1020072,5.71033
u0015090:i1598778,5.71033
u0015090:i1976000,5.71033
u0015090:i2008006,5.71033
u0015090:i2016940,5.71033
u0015090:i2076856,5.71033
u0015090:i2084970,5.71033
u0015090:i2179136,5.71033
u0015090:i2246565,5.71033
u0015090:i2321549,5.71033
u0015090:i2334649,5.71033
u0015090:i2562232,5.71033
u0015090:i2582802,5.71033
u0015090:i2674040,5.71033
u0015090:i2732932,5.71033
u0015090:i2980516,5.71033
u0015090:i3013258,5.71033
u0015090:i3089788,5.71033
u0015090:i3521744,5.71033
u0015090:i3576060,5.71033
u0015090:i4257858,5.71033
u0015118:i0027996,7.48988
u0015118:i0030241,7.48988
u0015118:i0034198,7.48988
u0015118:i0036172,7.48988
u0015118:i0041716,7.48988
u0015118:i0056592,7.48988
u0015118:i0067824,7.48988
u0015118:i0093137,7.48988
u0015118:i0113089,7.48988
u0015118:i0173910,7.48988
u0015118:i0251114,7.48988
u0015118:i0338526,7.48988
u0015118:i0358135,7.48988
u0015118:i0433035,7.48988
u0015118:i0464041,7.48988
u0015118:i1433811,7.48988
u0015118:i1600196,7.48988
u0015118:i1872194,7.48988
u0015118:i2024469,7.48988
u0015118:i2044729,7.48988
u0015118:i2058107,7.48988
u0015118:i2240784,7.48988
u0015118:i2267998,7.48988
u0015155:i0167260,7.342
u0015155:i0371746,7.342
u0015155:i0407887,7.342
u0015155:i0454876,7.342
u0015155:i0468569,7.342
u0015155:i0816692,7.342
u0015155:i0986264,7.342
u0015155:i1285016,7.342
u0015155:i1535108,7.342
u0015155:i1726592,7.342
u0015155:i1823672,7.342
u0015155:i1872194,7.342
u0015155:i2103281,7.342
u0015155:i2310332,7.342
u0015158:i1552224,7.60697
u0015158:i2179136,7.60697
u0015158:i2231253,7.60697
u0015158:i2446042,7.60697
u0015167:i0896529,7.50908
u0015167:i1638002,7.50908
u0015167:i1772288,7.50908
u0015167:i1872194,7.50908
u0015167:i2084970,7.50908
u0015167:i2278388,7.50908
u0015167:i2322441,7.50908
u0015167:i2350496,7.50908
u0015167:i2562232,7.50908
u0015167:i2582802,7.50908
u0015167:i2713180,7.50908
u0015167:i2883512,7.50908
u0015167:i2980516,7.50908
u0015167:i2980648,7.50908
u0015171:i0401711,5.91283
u0015171:i1243957,6.11593
u0015171:i1579361,4.07838
u0015171:i1964418,6.69882
u0015171:i2095649,5.71289
u0015183:i0369610,7.58261
u0015183:i0418689,7.58261
u0015183:i0478970,7.58261
u0015183:i0482571,7.58261
u0015183:i1823672,7.58261
u0015183:i2084970,7.58261
u0015183:i2179136,7.58261
u0015183:i2199571,7.58261
u0015183:i2436386,7.58261
u0015183:i2883512,7.58261
u0015183:i3280916,7.58261
u0015191:i0055254,7.05348
u0015191:i0057012,7.05348
u0015191:i0078748,7.05348
u0015191:i0078788,7.05348
u0015191:i0082971,7.05348
u0015191:i0116583,7.05348
u0015191:i0118615,7.05348
u0015191:i0118694,7.05348
u0015191:i0120338,7.05348
u0015191:i0133093,7.05348
u0015191:i0133240,7.05348
u0015191:i0165982,7.05348
u0015191:i0230011,7.05348
u0015191:i0243155,7.05348
u0015191:i0253474,7.05348
u0015191:i0271367,7.05348
u0015191:i0311113,7.05348
u0015191:i0325710,7.05348
u0015191:i0328880,7.05348
u0015191:i0338013,7.05348
u0015191:i0401792,7.05348
u0015191:i0434409,7.05348
u0015191:i0458481,7.05348
u0015191:i0910970,7.05348
u0015191:i0985699,7.05348
u0015191:i1877832,7.05348
u0015191:i2582846,7.05348
u0015223:i0050083,7.7408
u0015223:i0053125,7.7408
u0015223:i0056592,7.7408
u0015223:i0070735,7.7408
u0015223:i0090756,7.7408
u0015223:i0106856,7.7408
u0015223:i0169547,7.7408
u0015223:i0470752,7.7408
u0015223:i1626146,7.7408
u0015223:i1706598,7.7408
u0015223:i2273657,7.7408
u0015223:i2402101,7.7408
u0015223:i2802144,7.7408
u0015223:i3011894,7.7408
u0015223:i3042408,7.7408
u0015223:i3235888,7.7408
u0015227:i0470752,7.02475
u0015227:i1392190,6.89017
u0015227:i2637276,6.60153
u0015227:i4430212,5.43947
u0015264:i0770828,7.52325
u0015264:i0814314,7.52325
u0015264:i1219289,7.52325
u0015264:i1683526,7.52325
u0015264:i1979385,7.52325
u0015264:i2528814,7.52325
u0015278:i0318627,4.92436
u0015278:i0478970,6.82281
u0015278:i1024715,0
u0015278:i1220634,3.55154
u0015278:i1600196,6.94103
u0015278:i1617661,7.06799
u0015278:i1657510,6.16409
u0015278:i1823672,7.05886
u0015278:i2064968,6.74964
u0015278:i2103267,6.49701
u0015278:i2199571,6.84112
u0015278:i2267998,6.94373
u0015278:i2505294,6.02553
u0015278:i2561572,6.94094
u0015278:i2717822,7.13869
u0015278:i2788716,6.78574
u0015278:i2802144,6.9981
u0015278:i2908446,6.82875
u0015278:i2911666,7.18819
u0015278:i3137764,5.34405
u0015278:i4178092,6.55086
u0015279:i0079501,7.3807
u0015279:i0082694,7.3807
u0015279:i0104868,7.3807
u0015279:i0112442,7.3807
u0015279:i0119654,7.3807
u0015279:i0120812,7.3807
u0015279:i0172156,7.3807
u0015279:i0371746,7.3807
u0015279:i0390022,7.3807
u0015279:i0431197,7.3807
u0015279:i0458339,7.3807
u0015279:i0470752,7.3807
u0015279:i0800080,7.3807
u0015279:i0816692,7.3807
u0015279:i0829150,7.3807
u0015279:i0848228,7.3807
u0015279:i0944835,7.3807
u0015279:i1100089,7.3807
u0015279:i1228705,7.3807
u0015279:i1274586,7.3807
u0015279:i1300854,7.3807
u0015279:i1361318,7.3807
u0015279:i1392190,7.3807
u0015279:i1567437,7.3807
u0015279:i1583421,7.3807
u0015279:i1674771,7.3807
u0015279:i1726669,7.3807
u0015279:i1790864,7.3807
u0015279:i1798684,7.3807
u0015279:i1823672,7.3807
u0015279:i1850397,7.3807
u0015279:i1905041,7.3807
u0015279:i1951265,7.3807
u0015279:i2084970,7.3807
u0015279:i2096672,7.3807
u0015279:i2103254,7.3807
u0015279:i2126355,7.3807
u0015279:i2170439,7.3807
u0015279:i2199571,7.3807
u0015279:i2231253,7.3807
u0015279:i2302755,7.3807
u0015279:i2310332,7.3807
u0015279:i2334649,7.3807
u0015279:i2395427,7.3807
u0015279:i2397535,7.3807
u0015279:i2446042,7.3807
u0015279:i2467046,7.3807
u0015279:i2515034,7.3807
u0015279:i2561572,7.3807
u0015279:i2567712,7.3807
u0015279:i2582802,7.3807
u0015279:i2637276,7.3807
u0015279:i2717822,7.3807
u0015279:i2781516,7.3807
u0015279:i2802144,7.3807
u0015279:i2872718,7.3807
u0015279:i2908446,7.3807
u0015279:i2911666,7.3807
u0015279:i2923316,7.3807
u0015279:i2980516,7.3807
u0015279:i3816458,7.3807
u0015279:i4293752,7.3807
u0015284:i0038669,7.73514
u0015284:i0038890,7.73514
u0015284:i0042041,7.73514
u0015284:i0058458,7.73514
u0015284:i0059749,7.73514
u0015284:i0061709,7.73514
u0015284:i0069467,7.73514
u0015284:i0072228,7.73514
u0015284:i0369610,7.73514
u0015284:i1392190,7.73514
u0015284:i2170593,7.73514
u0015284:i2180411,7.73514
u0015284:i3079380,7.73514
u0015284:i3235888,7.73514
u0015300:i0104691,6.70282
u0015300:i0238380,6.70282
u0015300:i0443272,6.70282
u0015300:i0780536,6.70282
u0015300:i0816692,6.70282
u0015300:i1020530,6.70282
u0015300:i1951265,6.70282
u0015300:i2024544,6.70282
u0015300:i2084970,6.70282
u0015300:i2179136,6.70282
u0015300:i2562232,6.70282
u0015300:i2713180,6.70282
u0015305:i0087843,5.64562
u0015305:i0112641,5.6974
u0015305:i2273657,6.37004
u0015305:i3042408,5.86017
u0015319:i2802144,7.50908
u0015319:i3205376,7.50908
u0015319:i3235888,7.50908
u0015344:i0328107,7.63196
u0015344:i0795421,7.63196
u0015344:i0976222,7.63196
u0015344:i1964418,7.63196
u0015344:i2096673,7.63196
u0015344:i2120120,7.63196
u0015344:i2203939,7.63196
u0015344:i2273657,7.63196
u0015344:i2309260,7.63196
u0015344:i2381249,7.63196
u0015344:i3079380,7.63196
u0015344:i3713166,7.63196
u0015351:i0369610,7.67
u0015351:i0478970,7.67
u0015351:i0887912,7.67
u0015351:i1069238,7.67
u0015351:i1661199,7.67
u0015351:i2096673,7.67
u0015351:i2582802,7.67
u0015351:i2631186,7.67
u0015351:i3495030,7.67
u0015351:i3678782,7.67
u0015351:i3802576,7.67
u0015351:i3863552,7.67
u0015351:i4430212,7.67
u0015356:i0062622,8.01667
u0015356:i0119217,8.01667
u0015356:i1182345,8.01667
u0015356:i1661199,8.01667
u0015356:i2084970,8.01667
u0015356:i2199571,8.01667
u0015356:i2245084,8.01667
u0015356:i2582802,8.01667
u0015356:i2802144,8.01667
u0015356:i2980516,8.01667
u0015356:i3316960,8.01667
u0015395:i0077405,7.21482
u0015395:i0114369,7.21482
u0015395:i0181875,7.21482
u0015395:i0327056,7.21482
u0015395:i0457430,7.21482
u0015395:i0477302,7.21482
u0015395:i0478304,7.21482
u0015395:i0497465,7.21482
u0015395:i0780536,7.21482
u0015395:i0887883,7.21482
u0015395:i0887912,7.21482
u0015395:i0929632,7.21482
u0015395:i0976051,7.21482
u0015395:i1019452,7.21482
u0015395:i1174732,7.21482
u0015395:i1193138,7.21482
u0015395:i1243957,7.21482
u0015395:i1245526,7.21482
u0015395:i1399683,7.21482
u0015395:i1504320,7.21482
u0015395:i1542344,7.21482
u0015395:i1568911,7.21482
u0015395:i1602620,7.21482
u0015395:i1655420,7.21482
u0015395:i1707386,7.21482
u0015395:i2267998,7.21482
u0015406:i0997152,6.0794
u0015406:i1458175,5.16023
u0015406:i2802144,7.0047
u0015406:i2820852,6.92307
u0015409:i1723121,5.9734
u0015409:i1778931,4.11906
u0015409:i2911666,7.20423
u0015423:i0190332,6.94301
u0015423:i0211946,6.94301
u0015423:i0367479,6.94301
u0015423:i1648179,6.94301
u0015423:i1772288,6.94301
u0015423:i2084970,6.94301
u0015423:i2130270,6.94301
u0015423:i2305051,6.94301
u0015423:i2334879,6.94301
u0015423:i3045616,6.94301
u0015423:i3316960,6.94301
u0015423:i4229236,6.94301
u0015439:i0107048,6.16237
u0015439:i0119217,6.4402
u0015439:i0369610,6.9719
u0015439:i1100089,7.07875
u0015439:i1502712,6.79124
u0015439:i2179136,7.12657
u0015439:i2802144,7.01132
u0015439:i3819668,6.72384
u0015450:i0478970,7.42311
u0015450:i1638355,7.42311
u0015450:i2381249,7.42311
u0015450:i2820852,7.42311
u0015467:i0369610,6.72251
u0015467:i0829150,6.72251
u0015467:i1294970,6.72251
u0015467:i1403241,6.72251
u0015467:i1617661,6.72251
u0015467:i1698641,6.72251
u0015467:i1798684,6.72251
u0015467:i1911658,6.72251
u0015467:i1924435,6.72251
u0015467:i2088003,6.72251
u0015467:i2096672,6.72251
u0015467:i2103254,6.72251
u0015467:i2112131,6.72251
u0015467:i2170299,6.72251
u0015467:i2183034,6.72251
u0015467:i2231253,6.72251
u0015467:i2245084,6.72251
u0015467:i2294449,6.72251
u0015467:i2436386,6.72251
u0015467:i2446042,6.72251
u0015467:i2461132,6.72251
u0015467:i2692250,6.72251
u0015467:i2784678,6.72251
u0015467:i2802144,6.72251
u0015467:i2820852,6.72251
u0015467:i2911666,6.72251
u0015467:i3203616,6.72251
u0015483:i0052357,8.01558
u0015483:i0070735,8.01558
u0015483:i0075686,8.01558
u0015483:i0081505,8.01558
u0015483:i0099348,8.01558
u0015483:i0405094,8.01558
u0015483:i0816692,8.01558
u0015483:i2084970,8.01558
u0015483:i2872718,8.01558
u0015486:i0028944,7.04584
u0015486:i0032904,7.04584
u0015486:i0035013,7.04584
u0015486:i0043859,7.04584
u0015486:i0144117,7.04584
u0015486:i1046997,7.04584
u0015486:i1528071,7.04584
u0015486:i1655420,7.04584
u0015486:i1791528,7.04584
u0015486:i2084970,7.04584
u0015486:i2179136,7.04584
u0015486:i2402157,7.04584
u0015486:i2582802,7.04584
u0015486:i2802144,7.04584
u0015486:i2870756,7.04584
u0015486:i2872718,7.04584
u0015486:i2980516,7.04584
u0015486:i3205376,7.04584
u0015494:i0369610,7.92598
u0015494:i0470752,7.92598
u0015494:i0478970,7.92598
u0015494:i0816692,7.92598
u0015494:i1392190,7.92598
u0015494:i1674771,7.92598
u0015494:i1798684,7.92598
u0015494:i1964418,7.92598
u0015494:i2096673,7.92598
u0015494:i2126355,7.92598
u0015494:i2179136,7.92598
u0015494:i2937898,7.92598
u0015494:i3152624,7.92598
u0015494:i3195644,7.92598
u0015494:i3235888,7.92598
u0015494:i3316948,7.92598
u0015495:i0369610,7.26241
u0015495:i0470752,7.26241
u0015495:i1020072,7.26241
u0015495:i1065073,7.26241
u0015495:i1392190,7.26241
u0015495:i1398426,7.26241
u0015495:i1600196,7.26241
u0015495:i2096673,7.26241
u0015495:i2179136,7.26241
u0015495:i2381941,7.26241
u0015498:i0068646,7.29028
u0015498:i0108052,7.29028
u0015498:i0112818,7.29028
u0015498:i0278504,7.29028
u0015498:i0327056,7.29028
u0015498:i0332280,7.29028
u0015498:i0346631,7.29028
u0015498:i0380510,7.29028
u0015498:i0420223,7.29028
u0015498:i0426578,7.29028
u0015498:i0947798,7.29028
u0015498:i1862079,7.29028
u0015498:i1959490,7.29028
u0015498:i2084970,7.29028
u0015498:i2170593,7.29028
u0015498:i2245084,7.29028
u0015498:i2382396,7.29028
u0015498:i2397535,7.29028
u0015498:i2562232,7.29028
u0015498:i2980516,7.29028
u0015498:i3450650,7.29028
u0015504:i1216491,6.86827
u0015504:i1956620,6.97763
u0015504:i2179136,7.13424
u0015522:i0365907,7.14747
u0015522:i0369610,7.14747
u0015522:i0376136,7.14747
u0015522:i0816692,7.14747
u0015522:i1392190,7.14747
u0015522:i2322441,7.14747
u0015522:i2802144,7.14747
u0015522:i2872732,7.14747
u0015564:i0470752,7.3998
u0015564:i0816692,7.3998
u0015564:i2039393,7.3998
u0015564:i2637276,7.3998
u0015572:i0093058,7.00479
u0015572:i0265086,7.00479
u0015572:i0418689,7.00479
u0015572:i0418763,7.00479
u0015572:i0455944,7.00479
u0015572:i0478970,7.00479
u0015572:i0816692,7.00479
u0015572:i0887912,7.00479
u0015572:i0949731,7.00479
u0015572:i1091191,7.00479
u0015572:i1247692,7.00479
u0015572:i1371150,7.00479
u0015572:i1502712,7.00479
u0015572:i1637725,7.00479
u0015572:i1790885,7.00479
u0015572:i1872194,7.00479
u0015572:i1964418,7.00479
u0015572:i2024469,7.00479
u0015572:i2179136,7.00479
u0015572:i2273657,7.00479
u0015572:i2713180,7.00479
u0015572:i3122764,7.00479
u0015572:i3576038,7.00479
u0015572:i4257858,7.00479
u0015579:i0061512,7.37463
u0015579:i0080365,7.37463
u0015579:i0081505,7.37463
u0015579:i0096283,7.37463
u0015579:i0116282,7.37463
u0015579:i0158983,7.37463
u0015579:i0243655,7.37463
u0015579:i0286244,7.37463
u0015579:i0309987,7.37463
u0015579:i0369610,7.37463
u0015579:i0405094,7.37463
u0015579:i0470752,7.37463
u0015579:i0478970,7.37463
u0015579:i0762107,7.37463
u0015579:i1392190,7.37463
u0015579:i1440741,7.37463
u0015579:i1571249,7.37463
u0015579:i1588173,7.37463
u0015579:i1617661,7.37463
u0015579:i1638355,7.37463
u0015579:i1655441,7.37463
u0015579:i1661199,7.37463
u0015579:i1698641,7.37463
u0015579:i1702014,7.37463
u0015579:i1823672,7.37463
u0015579:i1850397,7.37463
u0015579:i1964418,7.37463
u0015579:i2084970,7.37463
u0015579:i2096673,7.37463
u0015579:i2113681,7.37463
u0015579:i2126355,7.37463
u0015579:i2179136,7.37463
u0015579:i2180411,7.37463
u0015579:i2279373,7.37463
u0015579:i2293640,7.37463
u0015579:i2322441,7.37463
u0015579:i2326554,7.37463
u0015579:i2381249,7.37463
u0015579:i2381941,7.37463
u0015579:i2395427,7.37463
u0015579:i2562232,7.37463
u0015579:i2582802,7.37463
u0015579:i2614684,7.37463
u0015579:i2718492,7.37463
u0015579:i2801746,7.37463
u0015579:i2802144,7.37463
u0015579:i2820852,7.37463
u0015579:i2848292,7.37463
u0015579:i2870612,7.37463
u0015579:i2870756,7.37463
u0015579:i2872750,7.37463
u0015579:i2908446,7.37463
u0015579:i2943352,7.37463
u0015579:i2980648,7.37463
u0015579:i3007302,7.37463
u0015579:i3079380,7.37463
u0015579:i3128900,7.37463
u0015579:i3169706,7.37463
u0015579:i3181822,7.37463
u0015579:i3195644,7.37463
u0015579:i3235888,7.37463
u0015588:i0470752,7.41959
u0015588:i0765010,7.41959
u0015588:i0884732,7.41959
u0015588:i0993846,7.41959
u0015588:i1100089,7.41959
u0015588:i1109624,7.41959
u0015588:i1126590,7.41959
u0015588:i1204977,7.41959
u0015588:i1216491,7.41959
u0015588:i1232829,7.41959
u0015588:i1247690,7.41959
u0015588:i1486834,7.41959
u0015588:i1528071,7.41959
u0015588:i1528100,7.41959
u0015588:i1567437,7.41959
u0015588:i1605798,7.41959
u0015588:i1617661,7.41959
u0015588:i1626146,7.41959
u0015588:i1638002,7.41959
u0015588:i1661820,7.41959
u0015588:i1666801,7.41959
u0015588:i1694021,7.41959
u0015588:i1698641,7.41959
u0015588:i1726592,7.41959
u0015588:i1772288,7.41959
u0015588:i1809398,7.41959
u0015588:i1823672,7.41959
u0015588:i1841642,7.41959
u0015588:i1850397,7.41959
u0015588:i1872194,7.41959
u0015588:i1951265,7.41959
u0015588:i1972779,7.41959
u0015588:i1978532,7.41959
u0015588:i1988621,7.41959
u0015588:i2039393,7.41959
u0015588:i2044801,7.41959
u0015588:i2084970,7.41959
u0015588:i2096672,7.41959
u0015588:i2124787,7.41959
u0015588:i2139555,7.41959
u0015588:i2140619,7.41959
u0015588:i2141751,7.41959
u0015588:i2165765,7.41959
u0015588:i2170439,7.41959
u0015588:i2170593,7.41959
u0015588:i2179136,7.41959
u0015588:i2180994,7.41959
u0015588:i2224026,7.41959
u0015588:i2231253,7.41959
u0015588:i2238050,7.41959
u0015588:i2245171,7.41959
u0015588:i2258285,7.41959
u0015588:i2261331,7.41959
u0015588:i2273657,7.41959
u0015588:i2294629,7.41959
u0015588:i2310332,7.41959
u0015588:i2322441,7.41959
u0015588:i2326612,7.41959
u0015588:i2334733,7.41959
u0015588:i2343793,7.41959
u0015588:i2358925,7.41959
u0015588:i2366608,7.41959
u0015588:i2381941,7.41959
u0015588:i2393845,7.41959
u0015588:i2403558,7.41959
u0015588:i2404425,7.41959
u0015588:i2436386,7.41959
u0015588:i2446042,7.41959
u0015588:i2452254,7.41959
u0015588:i2473794,7.41959
u0015588:i2509850,7.41959
u0015588:i2517658,7.41959
u0015588:i2548208,7.41959
u0015588:i2558318,7.41959
u0015588:i2561572,7.41959
u0015588:i2562232,7.41959
u0015588:i2582802,7.41959
u0015588:i2669336,7.41959
u0015588:i2713180,7.41959
u0015588:i2717822,7.41959
u0015588:i2726560,7.41959
u0015588:i2758904,7.41959
u0015588:i2784678,7.41959
u0015588:i2785032,7.41959
u0015588:i2788710,7.41959
u0015588:i2788716,7.41959
u0015588:i2799166,7.41959
u0015588:i2802136,7.41959
u0015588:i2870808,7.41959
u0015588:i2872718,7.41959
u0015588:i2872724,7.41959
u0015588:i2911666,7.41959
u0015588:i2911668,7.41959
u0015588:i2917388,7.41959
u0015588:i2918436,7.41959
u0015588:i2924442,7.41959
u0015588:i2926810,7.41959
u0015588:i2948790,7.41959
u0015588:i2962876,7.41959
u0015588:i2965412,7.41959
u0015588:i2967008,7.41959
u0015588:i2967224,7.41959
u0015588:i2980516,7.41959
u0015588:i2980708,7.41959
u0015588:i2994190,7.41959
u0015588:i2994948,7.41959
u0015588:i2996684,7.41959
u0015588:i3045616,7.41959
u0015588:i3125220,7.41959
u0015588:i3125324,7.41959
u0015588:i3128900,7.41959
u0015588:i3177316,7.41959
u0015588:i3179568,7.41959
u0015588:i3181822,7.41959
u0015588:i3203616,7.41959
u0015588:i3235888,7.41959
u0015588:i3247714,7.41959
u0015588:i3280916,7.41959
u0015588:i3316960,7.41959
u0015588:i3328716,7.41959
u0015588:i3387648,7.41959
u0015588:i3442006,7.41959
u0015588:i3442990,7.41959
u0015588:i3450650,7.41959
u0015588:i3713166,7.41959
u0015588:i3729920,7.41959
u0015588:i4577398,7.41959
u0015612:i1392190,6.83384
u0015612:i1649443,6.83384
u0015612:i2096673,6.83384
u0015612:i2126355,6.83384
u0015612:i2179136,6.83384
u0015612:i2199571,6.83384
u0015612:i2279373,6.83384
u0015612:i2381249,6.83384
u0015612:i2395427,6.83384
u0015612:i2679042,6.83384
u0015612:i2820852,6.83384
u0015613:i1126590,7.67
u0015613:i2305051,7.67
u0015613:i2381941,7.67
u0015613:i3316960,7.67
u0015613:i3547740,7.67
u0015626:i0253200,7.60697
u0015626:i0337692,7.60697
u0015626:i0420609,7.60697
u0015626:i1020072,7.60697
u0015626:i1392190,7.60697
u0015626:i1723811,7.60697
u0015626:i2802144,7.60697
u0015627:i0119008,7.36989
u0015627:i0203019,7.36989
u0015627:i3007512,7.36989
u0015630:i0258463,7.60697
u0015630:i1161864,7.60697
u0015630:i1323973,7.60697
u0015630:i1327194,7.60697
u0015630:i3103412,7.60697
u0015646:i0369610,7.60697
u0015646:i0452694,7.60697
u0015646:i0472160,7.60697
u0015646:i0477347,7.60697
u0015646:i0940642,7.60697
u0015646:i1023114,7.60697
u0015646:i1386703,7.60697
u0015646:i1638002,7.60697
u0015646:i1661199,7.60697
u0015646:i1972779,7.60697
u0015646:i2015381,7.60697
u0015646:i2267998,7.60697
u0015646:i2872718,7.60697
u0015646:i2908446,7.60697
u0015646:i2980516,7.60697
u0015649:i1093357,5.78679
u0015649:i1253863,6.91649
u0015649:i1340138,6.94845
u0015649:i1617661,7.09195
u0015649:i1661199,7.05565
u0015649:i2802144,7.01794
u0015649:i2820852,6.93219
u0015649:i3280916,6.82421
u0015658:i0100502,7.92598
u0015658:i0105128,7.92598
u0015658:i0110148,7.92598
u0015658:i0110413,7.92598
u0015658:i0110475,7.92598
u0015658:i0119528,7.92598
u0015658:i0120888,7.92598
u0015658:i0151738,7.92598
u0015658:i0183505,7.92598
u0015658:i0203009,7.92598
u0015658:i0223897,7.92598
u0015658:i0246578,7.92598
u0015658:i0257076,7.92598
u0015658:i0267913,7.92598
u0015658:i0272338,7.92598
u0015658:i0284674,7.92598
u0015658:i0305711,7.92598
u0015658:i0315327,7.92598
u0015658:i0327597,7.92598
u0015658:i0331632,7.92598
u0015658:i0332280,7.92598
u0015658:i0338526,7.92598
u0015658:i0358273,7.92598
u0015658:i0375785,7.92598
u0015658:i0382932,7.92598
u0015658:i0389860,7.92598
u0015658:i0413099,7.92598
u0015658:i0424136,7.92598
u0015658:i0446029,7.92598
u0015658:i0448157,7.92598
u0015658:i0452702,7.92598
u0015658:i0465580,7.92598
u0015658:i0473075,7.92598
u0015658:i0477071,7.92598
u0015658:i0477078,7.92598
u0015658:i0478970,7.92598
u0015658:i0481369,7.92598
u0015658:i0486822,7.92598
u0015658:i0762107,7.92598
u0015658:i0790628,7.92598
u0015658:i0808510,7.92598
u0015658:i0810913,7.92598
u0015658:i0837562,7.92598
u0015658:i0938283,7.92598
u0015658:i0938330,7.92598
u0015658:i0945513,7.92598
u0015658:i1013752,7.92598
u0015658:i1045772,7.92598
u0015658:i1065073,7.92598
u0015658:i1083456,7.92598
u0015658:i1155076,7.92598
u0015658:i1204975,7.92598
u0015658:i1298650,7.92598
u0015658:i1323973,7.92598
u0015658:i1355630,7.92598
u0015658:i1392190,7.92598
u0015658:i1396218,7.92598
u0015658:i1397514,7.92598
u0015658:i1418377,7.92598
u0015658:i1567437,7.92598
u0015658:i1661382,7.92598
u0015658:i1706593,7.92598
u0015658:i1706620,7.92598
u0015658:i1714206,7.92598
u0015658:i1735898,7.92598
u0015658:i1741243,7.92598
u0015658:i1809398,7.92598
u0015658:i1823672,7.92598
u0015658:i1911658,7.92598
u0015658:i1935896,7.92598
u0015658:i2024432,7.92598
u0015658:i2101441,7.92598
u0015658:i2126355,7.92598
u0015658:i2179136,7.92598
u0015658:i2194499,7.92598
u0015658:i2209764,7.92598
u0015658:i2231554,7.92598
u0015658:i2245084,7.92598
u0015658:i2364006,7.92598
u0015658:i2369135,7.92598
u0015658:i2387433,7.92598
u0015658:i2395427,7.92598
u0015658:i2397535,7.92598
u0015658:i2561572,7.92598
u0015658:i2562232,7.92598
u0015658:i2752758,7.92598
u0015658:i2788710,7.92598
u0015658:i2802144,7.92598
u0015658:i2820852,7.92598
u0015658:i2872732,7.92598
u0015658:i2908446,7.92598
u0015658:i2918436,7.92598
u0015658:i2926810,7.92598
u0015658:i2980516,7.92598
u0015658:i3504048,7.92598
u0015658:i3713166,7.92598
u0015670:i1798709,7.67
u0015670:i2231253,7.67
u0015670:i2802144,7.67
u0015680:i1791528,7.60697
u0015680:i2179136,7.60697
u0015680:i2322441,7.60697
u0015680:i2802144,7.60697
u0015680:i2980516,7.60697
u0015684:i0114814,7.58686
u0015684:i0134119,7.58686
u0015684:i0169547,7.58686
u0015684:i0230600,7.58686
u0015684:i0369610,7.58686
u0015684:i0405159,7.58686
u0015684:i0477348,7.58686
u0015684:i1065073,7.58686
u0015684:i1204977,7.58686
u0015684:i1274586,7.58686
u0015684:i1385956,7.58686
u0015684:i1392190,7.58686
u0015684:i1418754,7.58686
u0015684:i1598642,7.58686
u0015684:i1631867,7.58686
u0015684:i1655441,7.58686
u0015684:i1877832,7.58686
u0015684:i2034031,7.58686
u0015684:i2170593,7.58686
u0015684:i2179136,7.58686
u0015684:i2199571,7.58686
u0015684:i2231253,7.58686
u0015684:i2321549,7.58686
u0015684:i2381249,7.58686
u0015684:i2420166,7.58686
u0015684:i2582802,7.58686
u0015684:i2693664,7.58686
u0015684:i2820852,7.58686
u0015684:i2937898,7.58686
u0015684:i2980708,7.58686
u0015684:i3416742,7.58686
u0015700:i0100758,7.41959
u0015700:i0369610,7.41959
u0015700:i0478970,7.41959
u0015700:i1392190,7.41959
u0015700:i2084970,7.41959
u0015700:i2096673,7.41959
u0015700:i2294629,7.41959
u0015700:i2562232,7.41959
u0015700:i2788710,7.41959
u0015700:i2980516,7.41959
u0015700:i3819668,7.41959
u0015734:i0046912,5.89243
u0015734:i0081505,6.02904
u0015734:i0114814,5.86136
u0015734:i0118715,6.60984
u0015734:i0123964,4.49784
u0015734:i0151804,6.19459
u0015734:i0209144,6.08124
u0015734:i0369610,6.97949
u0015734:i0482571,5.3103
u0015734:i0884732,6.93154
u0015734:i1216491,6.94056
u0015734:i1258197,4.89715
u0015734:i1964418,6.72757
u0015734:i2126355,7.05233
u0015734:i2170439,6.99747
u0015734:i2316411,6.85173
u0015734:i2381941,7.0868
u0015734:i2614684,6.71065
u0015734:i2802144,7.02457
u0015734:i2994190,6.79534
u0015734:i3042408,5.94271
u0015734:i3079380,6.7884
u0015734:i3247714,6.7906
u0015734:i3713166,6.6991
u0015744:i0015064,7.50908
u0015744:i0047296,7.50908
u0015744:i0050976,7.50908
u0015744:i0056172,7.50908
u0015744:i0060827,7.50908
u0015744:i0075148,7.50908
u0015744:i0078788,7.50908
u0015744:i0081398,7.50908
u0015744:i0083987,7.50908
u0015744:i0087843,7.50908
u0015744:i0097937,7.50908
u0015744:i0106519,7.50908
u0015744:i0107207,7.50908
u0015744:i0113247,7.50908
u0015744:i0118715,7.50908
u0015744:i0118799,7.50908
u0015744:i0253474,7.50908
u0015744:i0358273,7.50908
u0015744:i0443272,7.50908
u0015744:i1074638,7.50908
u0015744:i1433811,7.50908
u0015744:i1742044,7.50908
u0015744:i2015381,7.50908
u0015744:i2084970,7.50908
u0015744:i2096672,7.50908
u0015744:i2179136,7.50908
u0015744:i2278388,7.50908
u0015744:i2562232,7.50908
u0015745:i0048394,7.77424
u0015745:i0053168,7.77424
u0015745:i0096332,7.77424
u0015745:i0117407,7.77424
u0015745:i0385703,7.77424
u0015745:i0918927,7.77424
u0015745:i1020072,7.77424
u0015745:i1100089,7.77424
u0015745:i1674771,7.77424
u0015745:i2084970,7.77424
u0015745:i2179116,7.77424
u0015745:i2231253,7.77424
u0015745:i2235108,7.77424
u0015745:i2259306,7.77424
u0015745:i2582802,7.77424
u0015745:i2718492,7.77424
u0015745:i2937898,7.77424
u0015745:i2980516,7.77424
u0015745:i3089326,7.77424
u0015745:i3399112,7.77424
u0015745:i4135844,7.77424
u0015754:i0455944,7.64072
u0015754:i2359810,7.64072
u0015754:i2770694,7.64072
u0015754:i4003648,7.64072
u0015759:i0307987,7.41959
u0015759:i0369610,7.41959
u0015759:i1392190,7.41959
u0015759:i1798684,7.41959
u0015759:i2381249,7.41959
u0015807:i0114369,5.30436
u0015807:i0206634,6.22905
u0015807:i0209144,6.16811
u0015807:i0268978,6.00629
u0015807:i0482571,5.37586
u0015807:i0816692,6.73544
u0015807:i1100089,7.10403
u0015807:i1130884,5.53006
u0015807:i1568346,6.52002
u0015807:i2084970,6.99589
u0015807:i2170439,7.03469
u0015807:i2179136,7.14192
u0015807:i2182972,7.08354
u0015807:i2272918,6.37786
u0015807:i2305051,7.20067
u0015807:i2562232,7.07715
u0015807:i2785032,7.09164
u0015807:i2872718,7.14332
u0015807:i2980516,7.04322
u0015858:i0012349,6.42409
u0015858:i0025316,6.42409
u0015858:i0027977,6.42409
u0015858:i0032553,6.42409
u0015858:i0050212,6.42409
u0015858:i0050825,6.42409
u0015858:i0063522,6.42409
u0015858:i0071315,6.42409
u0015858:i0084787,6.42409
u0015858:i0095327,6.42409
u0015858:i0095765,6.42409
u0015858:i0112950,6.42409
u0015858:i0113568,6.42409
u0015858:i0114746,6.42409
u0015858:i0118715,6.42409
u0015858:i0125664,6.42409
u0015858:i0180093,6.42409
u0015858:i0276919,6.42409
u0015858:i0369610,6.42409
u0015858:i0424136,6.42409
u0015858:i0435651,6.42409
u0015858:i0448134,6.42409
u0015858:i0453562,6.42409
u0015858:i0455944,6.42409
u0015858:i0460791,6.42409
u0015858:i0478970,6.42409
u0015858:i0480025,6.42409
u0015858:i0795421,6.42409
u0015858:i0829150,6.42409
u0015858:i0907657,6.42409
u0015858:i0978762,6.42409
u0015858:i1028532,6.42409
u0015858:i1065073,6.42409
u0015858:i1121096,6.42409
u0015858:i1126590,6.42409
u0015858:i1204975,6.42409
u0015858:i1205537,6.42409
u0015858:i1258972,6.42409
u0015858:i1355630,6.42409
u0015858:i1371150,6.42409
u0015858:i1386703,6.42409
u0015858:i1392190,6.42409
u0015858:i1398426,6.42409
u0015858:i1411704,6.42409
u0015858:i1450321,6.42409
u0015858:i1486834,6.42409
u0015858:i1528100,6.42409
u0015858:i1567437,6.42409
u0015858:i1571249,6.42409
u0015858:i1598642,6.42409
u0015858:i1600196,6.42409
u0015858:i1605798,6.42409
u0015858:i1617661,6.42409
u0015858:i1645916,6.42409
u0015858:i1647668,6.42409
u0015858:i1655441,6.42409
u0015858:i1661382,6.42409
u0015858:i1675434,6.42409
u0015858:i1772288,6.42409
u0015858:i1791528,6.42409
u0015858:i1809398,6.42409
u0015858:i1823672,6.42409
u0015858:i1838603,6.42409
u0015858:i1865505,6.42409
u0015858:i1872194,6.42409
u0015858:i1935156,6.42409
u0015858:i1951265,6.42409
u0015858:i1964418,6.42409
u0015858:i1972571,6.42409
u0015858:i2004420,6.42409
u0015858:i2016335,6.42409
u0015858:i2039393,6.42409
u0015858:i2042568,6.42409
u0015858:i2084970,6.42409
u0015858:i2096672,6.42409
u0015858:i2096673,6.42409
u0015858:i2125608,6.42409
u0015858:i2145829,6.42409
u0015858:i2179136,6.42409
u0015858:i2180411,6.42409
u0015858:i2180994,6.42409
u0015858:i2224026,6.42409
u0015858:i2245084,6.42409
u0015858:i2261331,6.42409
u0015858:i2265171,6.42409
u0015858:i2273657,6.42409
u0015858:i2279373,6.42409
u0015858:i2293640,6.42409
u0015858:i2310332,6.42409
u0015858:i2321549,6.42409
u0015858:i2345737,6.42409
u0015858:i2366608,6.42409
u0015858:i2375605,6.42409
u0015858:i2381941,6.42409
u0015858:i2395427,6.42409
u0015858:i2404425,6.42409
u0015858:i2465146,6.42409
u0015858:i2493486,6.42409
u0015858:i2509850,6.42409
u0015858:i2555736,6.42409
u0015858:i2556874,6.42409
u0015858:i2561572,6.42409
u0015858:i2562232,6.42409
u0015858:i2567712,6.42409
u0015858:i2582802,6.42409
u0015858:i2614684,6.42409
u0015858:i2637276,6.42409
u0015858:i2637294,6.42409
u0015858:i2639344,6.42409
u0015858:i2652092,6.42409
u0015858:i2692250,6.42409
u0015858:i2725962,6.42409
u0015858:i2756032,6.42409
u0015858:i2788716,6.42409
u0015858:i2802136,6.42409
u0015858:i2802144,6.42409
u0015858:i2820852,6.42409
u0015858:i2848292,6.42409
u0015858:i2872750,6.42409
u0015858:i2908446,6.42409
u0015858:i2911666,6.42409
u0015858:i2937898,6.42409
u0015858:i2962876,6.42409
u0015858:i2967224,6.42409
u0015858:i3045616,6.42409
u0015858:i3079380,6.42409
u0015858:i3128900,6.42409
u0015858:i3149038,6.42409
u0015858:i3152624,6.42409
u0015858:i3205376,6.42409
u0015858:i3235888,6.42409
u0015858:i3263614,6.42409
u0015858:i3265262,6.42409
u0015858:i3297330,6.42409
u0015858:i3316960,6.42409
u0015858:i3636326,6.42409
u0015858:i4229236,6.42409
u0015868:i0054698,6.95423
u0015868:i0079945,6.95423
u0015868:i1392190,6.95423
u0015868:i1441953,6.95423
u0015868:i1542344,6.95423
u0015868:i2024469,6.95423
u0015868:i2582802,6.95423
u0015868:i2980516,6.95423
u0015868:i3675568,6.95423
u0015877:i0405159,5.79351
u0015877:i1683526,5.52405
u0015877:i2582802,7.13437
u0015877:i2741806,5.77748
u0015924:i0081398,7.39115
u0015924:i0187393,7.39115
u0015924:i0277027,7.39115
u0015924:i0317705,7.39115
u0015924:i0369610,7.39115
u0015924:i0372784,7.39115
u0015924:i0375679,7.39115
u0015924:i0449059,7.39115
u0015924:i0478970,7.39115
u0015924:i0480249,7.39115
u0015924:i0770828,7.39115
u0015924:i0884732,7.39115
u0015924:i0914863,7.39115
u0015924:i0947798,7.39115
u0015924:i1065073,7.39115
u0015924:i1119646,7.39115
u0015924:i1340138,7.39115
u0015924:i1371150,7.39115
u0015924:i1392190,7.39115
u0015924:i1411697,7.39115
u0015924:i1502712,7.39115
u0015924:i1524930,7.39115
u0015924:i1535109,7.39115
u0015924:i1567437,7.39115
u0015924:i1571249,7.39115
u0015924:i1655441,7.39115
u0015924:i1661199,7.39115
u0015924:i1698641,7.39115
u0015924:i1850397,7.39115
u0015924:i1881002,7.39115
u0015924:i1951261,7.39115
u0015924:i1964418,7.39115
u0015924:i1980209,7.39115
u0015924:i2039393,7.39115
u0015924:i2084970,7.39115
u0015924:i2088003,7.39115
u0015924:i2096673,7.39115
u0015924:i2120120,7.39115
u0015924:i2126355,7.39115
u0015924:i2179136,7.39115
u0015924:i2224026,7.39115
u0015924:i2293640,7.39115
u0015924:i2381249,7.39115
u0015924:i2381941,7.39115
u0015924:i2395427,7.39115
u0015924:i2404425,7.39115
u0015924:i2561572,7.39115
u0015924:i2562232,7.39115
u0015924:i2582802,7.39115
u0015924:i2713180,7.39115
u0015924:i2802144,7.39115
u0015924:i2820852,7.39115
u0015924:i2967224,7.39115
u0015924:i3079380,7.39115
u0015924:i3203616,7.39115
u0015924:i3302706,7.39115
u0015924:i3450650,7.39115
u0015924:i3863552,7.39115
u0015924:i4178092,7.39115
u0015946:i1210166,7.41959
u0015946:i1480295,7.41959
u0015946:i1592525,7.41959
u0015946:i1921064,7.41959
u0015946:i2193215,7.41959
u0015946:i2294449,7.41959
u0015967:i0369610,7.9112
u0015967:i0478970,7.9112
u0015967:i1502712,7.9112
u0015967:i1798684,7.9112
u0015967:i2096673,7.9112
u0015967:i2179136,7.9112
u0015967:i2245084,7.9112
u0015967:i2293640,7.9112
u0015967:i2322441,7.9112
u0015967:i2395427,7.9112
u0015967:i2446042,7.9112
u0015967:i2637276,7.9112
u0015967:i2820852,7.9112
u0016004:i0435651,6.72096
u0016004:i1502712,6.8324
u0016004:i1655441,6.77008
u0016004:i1964418,6.75644
u0016004:i2088003,6.25537
u0016004:i2268016,6.96626
u0016004:i3079380,6.80472
u0016055:i0369610,7.83619
u0016055:i0478970,7.83619
u0016055:i1029360,7.83619
u0016055:i1065073,7.83619
u0016055:i1086772,7.83619
u0016055:i1198156,7.83619
u0016055:i1205537,7.83619
u0016055:i1216491,7.83619
u0016055:i1340138,7.83619
u0016055:i1371150,7.83619
u0016055:i1499658,7.83619
u0016055:i1524930,7.83619
u0016055:i1798684,7.83619
u0016055:i1972779,7.83619
u0016055:i2120120,7.83619
u0016055:i2126355,7.83619
u0016055:i2140379,7.83619
u0016055:i2170439,7.83619
u0016055:i2180994,7.83619
u0016055:i2224026,7.83619
u0016055:i2267998,7.83619
u0016055:i2279373,7.83619
u0016055:i2293640,7.83619
u0016055:i2309260,7.83619
u0016055:i2679042,7.83619
u0016055:i2713180,7.83619
u0016055:i2820852,7.83619
u0016055:i2872732,7.83619
u0016055:i2911666,7.83619
u0016055:i3179568,7.83619
u0016055:i3450650,7.83619
u0016083:i0081070,7.44805
u0016083:i1392190,7.44805
u0016083:i2179136,7.44805
u0016083:i2562232,7.44805
u0016083:i2567712,7.44805
u0016130:i0045152,5.64832
u0016130:i0045810,6.19427
u0016130:i0046250,5.88605
u0016130:i0047437,6.15476
u0016130:i0048605,5.48326
u0016130:i0053291,4.66382
u0016130:i0054698,5.73871
u0016130:i0054743,4.65618
u0016130:i0056923,3.33737
u0016130:i0058385,4.60264
u0016130:i0060522,3.11023
u0016130:i0062407,0
u0016130:i0068646,5.33291
u0016130:i0101414,6.86171
u0016130:i0107290,6.36909
u0016130:i0111161,5.60373
u0016130:i0114709,5.77623
u0016130:i0117571,6.87577
u0016130:i0120338,5.32693
u0016130:i0195714,4.57357
u0016130:i0198781,6.60352
u0016130:i0241527,6.30596
u0016130:i0253474,5.71928
u0016130:i0295700,3.04165
u0016130:i0332280,6.10398
u0016130:i0387564,5.95567
u0016130:i0892769,6.42077
u0016130:i0978762,4.09364
u0016130:i1049413,5.4998
u0016130:i1099212,5.90672
u0016130:i1392170,5.34816
u0016130:i1454029,6.00883
u0016130:i1454468,6.39694
u0016130:i1951264,6.13013
u0016130:i1951265,7.03353
u0016130:i2015381,6.84907
u0016130:i2194499,6.62859
u0016179:i0032976,7.92598
u0016179:i0038355,7.92598
u0016179:i0043014,7.92598
u0016179:i0063522,7.92598
u0016179:i0065126,7.92598
u0016179:i0081283,7.92598
u0016179:i0108550,7.92598
u0016179:i0119528,7.92598
u0016179:i0181536,7.92598
u0016179:i0208092,7.92598
u0016179:i0213149,7.92598
u0016179:i0327850,7.92598
u0016179:i0359950,7.92598
u0016179:i0421238,7.92598
u0016179:i0455944,7.92598
u0016179:i0486822,7.92598
u0016179:i0805564,7.92598
u0016179:i0947798,7.92598
u0016179:i1131729,7.92598
u0016179:i1176740,7.92598
u0016179:i1389137,7.92598
u0016179:i1392214,7.92598
u0016179:i1706620,7.92598
u0016179:i1772341,7.92598
u0016179:i1951181,7.92598
u0016179:i2024544,7.92598
u0016179:i2179136,7.92598
u0016179:i2692904,7.92598
u0016179:i2788710,7.92598
u0016179:i2802144,7.92598
u0016210:i1964418,7.60812
u0016210:i2395427,7.60812
u0016210:i2908446,7.60812
u0016210:i3110770,7.60812
u0016251:i0084855,4.95052
u0016251:i0114369,5.36604
u0016251:i0114814,5.93114
u0016251:i0119051,5.91066
u0016251:i0119217,6.60968
u0016251:i0120184,5.07134
u0016251:i0120689,6.11771
u0016251:i0181536,4.98403
u0016251:i0251127,5.68321
u0016251:i0252076,0
u0016251:i0268978,6.10014
u0016251:i0272152,6.27604
u0016251:i0277027,5.97449
u0016251:i0281358,5.6415
u0016251:i0317740,6.15725
u0016251:i0327056,6.78383
u0016251:i0407887,5.86702
u0016251:i0414387,6.20356
u0016251:i0450232,3.90332
u0016251:i0465580,5.26143
u0016251:i0471042,2.72822
u0016251:i0488120,6.04261
u0016251:i0758794,4.58815
u0016251:i0783233,4.79413
u0016251:i0790636,7.27775
u0016251:i0790724,6.60389
u0016251:i0829150,7.19518
u0016251:i0951216,0
u0016251:i1078588,4.87328
u0016251:i1136608,5.85041
u0016251:i1161864,5.86749
u0016251:i1188996,6.31622
u0016251:i1189340,6.35638
u0016251:i1198156,5.79371
u0016251:i1231583,5.11934
u0016251:i1245526,5.18126
u0016251:i1392190,6.89599
u0016251:i1392214,6.23927
u0016251:i1446714,6.75651
u0016251:i1535109,5.64974
u0016251:i1570728,5.95615
u0016251:i1600196,6.99207
u0016251:i1606389,5.37096
u0016251:i1638002,6.48437
u0016251:i1655441,6.79841
u0016251:i1675434,6.23299
u0016251:i1972779,7.21263
u0016251:i2053463,6.44059
u0016251:i2084970,7.00314
u0016251:i2267998,6.96083
u0016251:i2273657,6.43189
u0016251:i2582802,7.14225
u0016251:i2726560,6.55693
u0016251:i2872718,7.15507
u0016251:i2948790,5.97125
u0016251:i3165630,0
u0016251:i3442990,6.41989
u0016252:i0470752,6.84962
u0016252:i2170593,6.84962
u0016252:i2321549,6.84962
u0016252:i2393845,6.84962
u0016263:i0068646,7.67
u0016263:i0071562,7.67
u0016263:i0110116,7.67
u0016263:i0117381,7.67
u0016263:i0118715,7.67
u0016263:i0120663,7.67
u0016263:i0120885,7.67
u0016263:i0241527,7.67
u0016263:i0295297,7.67
u0016263:i0304141,7.67
u0016263:i0313542,7.67
u0016263:i0330373,7.67
u0016263:i0358273,7.67
u0016263:i0373889,7.67
u0016263:i0417741,7.67
u0016263:i0478970,7.67
u0016263:i0884732,7.67
u0016263:i0898367,7.67
u0016263:i1201607,7.67
u0016263:i1285016,7.67
u0016263:i1392190,7.67
u0016263:i1528100,7.67
u0016263:i1850397,7.67
u0016263:i2321549,7.67
u0016263:i2395427,7.67
u0016263:i2562232,7.67
u0016263:i2582802,7.67
u0016263:i2802144,7.67
u0016263:i2820852,7.67
u0016263:i3007512,7.67
u0016268:i0365907,7.60697
u0016268:i1790864,7.60697
u0016268:i1823672,7.60697
u0016268:i2084970,7.60697
u0016268:i2096672,7.60697
u0016268:i2446042,7.60697
u0016268:i2802144,7.60697
u0016268:i2911666,7.60697
u0016286:i0209144,7.67
u0016286:i0450259,7.67
u0016286:i0477348,7.67
u0016286:i1392190,7.67
u0016286:i2994190,7.67
u0016286:i3369806,7.67
u0016307:i0265086,5.84098
u0016307:i0381061,5.93862
u0016307:i1074638,6.6401
u0016307:i1091191,6.56031
u0016315:i0369610,6.98708
u0016315:i0478970,6.83414
u0016315:i2562232,7.08464
u0016316:i0097165,7.92598
u0016316:i0119177,7.92598
u0016316:i0369610,7.92598
u0016316:i1065073,7.92598
u0016316:i1139797,7.92598
u0016316:i1334260,7.92598
u0016316:i2084970,7.92598
u0016316:i2096673,7.92598
u0016316:i2179136,7.92598
u0016316:i2180411,7.92598
u0016316:i2322441,7.92598
u0016316:i2562232,7.92598
u0016316:i2908446,7.92598
u0016316:i2980516,7.92598
u0016316:i3079380,7.92598
u0016323:i0023194,7.0061
u0016323:i0023694,7.0061
u0016323:i0026912,7.0061
u0016323:i2301592,7.0061
u0016323:i3157224,7.0061
u0016327:i0169547,7.67
u0016327:i0363163,7.67
u0016327:i2872718,7.67
u0016349:i0088247,7.92598
u0016349:i0110912,7.92598
u0016349:i0119396,7.92598
u0016349:i0195685,7.92598
u0016353:i0057183,0
u0016353:i0058124,0
u0016353:i0060827,5.3439
u0016353:i0106226,2.44988
u0016353:i0107034,3.85706
u0016353:i0110912,5.78869
u0016353:i0301357,6.41978
u0016353:i0323120,5.41565
u0016353:i0363163,6.3272
u0016353:i0404030,5.75758
u0016353:i0405094,6.51663
u0016353:i0435651,6.84316
u0016353:i1179258,0
u0016353:i1276419,6.43828
u0016353:i1286809,0
u0016353:i1343092,5.86191
u0016353:i1661199,7.08178
u0016353:i1674057,0
u0016353:i1692504,0
u0016353:i1808454,0
u0016353:i1859522,3.38149
u0016353:i1932767,5.2071
u0016353:i1979320,7.01361
u0016353:i2357129,6.8453
u0016353:i2708782,0
u0016353:i3365778,4.38931
u0016379:i0478970,7.92598
u0016379:i1392190,7.92598
u0016379:i1843866,7.92598
u0016379:i2126355,7.92598
u0016379:i2381249,7.92598
u0016381:i0027977,7.92598
u0016381:i0034583,7.92598
u0016381:i0037674,7.92598
u0016381:i0038650,7.92598
u0016381:i0050083,7.92598
u0016381:i0053472,7.92598
u0016381:i0055572,7.92598
u0016381:i0056663,7.92598
u0016381:i0060675,7.92598
u0016381:i0066921,7.92598
u0016381:i0074851,7.92598
u0016381:i0101540,7.92598
u0016381:i0108052,7.92598
u0016381:i0110413,7.92598
u0016381:i0144084,7.92598
u0016381:i0169547,7.92598
u0016381:i0192718,7.92598
u0016381:i0253474,7.92598
u0016381:i0424880,7.92598
u0016381:i0478304,7.92598
u0016381:i0816692,7.92598
u0016381:i1554091,7.92598
u0016381:i1655441,7.92598
u0016381:i2084989,7.92598
u0016381:i2106476,7.92598
u0016381:i2327430,7.92598
u0016381:i2884206,7.92598
u0016387:i0421238,5.08836
u0016387:i0463854,6.07152
u0016387:i0945513,6.32451
u0016387:i2614684,6.7758
u0016387:i3079380,6.82107
u0016393:i0454848,7.43569
u0016393:i2381941,7.43569
u0016393:i2562232,7.43569
u0016397:i0359950,7.41959
u0016397:i0816692,7.41959
u0016397:i2084970,7.41959
u0016397:i2980516,7.41959
u0016420:i0790712,7.24473
u0016420:i0816692,7.24473
u0016420:i1152758,7.24473
u0016420:i1255953,7.24473
u0016420:i1791682,7.24473
u0016420:i1980929,7.24473
u0016420:i2084970,7.24473
u0016420:i2170593,7.24473
u0016420:i2305051,7.24473
u0016420:i2562232,7.24473
u0016420:i2567712,7.24473
u0016420:i2582802,7.24473
u0016420:i2788710,7.24473
u0016420:i2872718,7.24473
u0016420:i2980516,7.24473
u0016420:i3316960,7.24473
u0016420:i3630276,7.24473
u0016433:i0119008,7.35242
u0016433:i0217505,7.35242
u0016433:i0443706,7.35242
u0016433:i1392190,7.35242
u0016433:i1964418,7.35242
u0016464:i1211956,6.41377
u0016464:i1979320,7.1232
u0016464:i2199571,6.86555
u0016464:i2279373,7.03691
u0016464:i2820852,6.94133
u0016464:i2872718,7.16684
u0016464:i2908446,6.84772
u0016469:i0034384,6.59233
u0016469:i0147800,6.59233
u0016469:i1020072,6.59233
u0016469:i1121096,6.59233
u0016469:i1282140,6.59233
u0016469:i2278388,6.59233
u0016469:i2382396,6.59233
u0016508:i1964418,6.78544
u0016508:i2179136,7.1496
u0016508:i2199571,6.89007
u0016508:i2245084,7.18322
u0016508:i2820852,6.95047
u0016510:i0036775,7.10807
u0016510:i0038057,7.10807
u0016510:i0040746,7.10807
u0016510:i0058586,7.10807
u0016510:i0063415,7.10807
u0016510:i0068611,7.10807
u0016510:i0071853,7.10807
u0016510:i0072081,7.10807
u0016510:i0079417,7.10807
u0016510:i0094226,7.10807
u0016510:i0098282,7.10807
u0016510:i0098536,7.10807
u0016510:i0117293,7.10807
u0016510:i0119229,7.10807
u0016510:i0227445,7.10807
u0016510:i0258000,7.10807
u0016510:i0318649,7.10807
u0016510:i0446029,7.10807
u0016510:i0472033,7.10807
u0016510:i0478970,7.10807
u0016510:i0790636,7.10807
u0016510:i0800369,7.10807
u0016510:i0806102,7.10807
u0016510:i1065073,7.10807
u0016510:i1109624,7.10807
u0016510:i1227378,7.10807
u0016510:i1318514,7.10807
u0016510:i1321860,7.10807
u0016510:i1340800,7.10807
u0016510:i1650062,7.10807
u0016510:i1659337,7.10807
u0016510:i1706620,7.10807
u0016510:i1727388,7.10807
u0016510:i1790864,7.10807
u0016510:i1798709,7.10807
u0016510:i1800241,7.10807
u0016510:i1821549,7.10807
u0016510:i1847746,7.10807
u0016510:i1981677,7.10807
u0016510:i2028530,7.10807
u0016510:i2084970,7.10807
u0016510:i2140373,7.10807
u0016510:i2245084,7.10807
u0016510:i2267998,7.10807
u0016510:i2304426,7.10807
u0016510:i2310332,7.10807
u0016510:i2363178,7.10807
u0016510:i2363471,7.10807
u0016510:i2368672,7.10807
u0016510:i2381335,7.10807
u0016510:i2872718,7.10807
u0016510:i2925642,7.10807
u0016510:i2980648,7.10807
u0016510:i3126460,7.10807
u0016510:i3455822,7.10807
u0016510:i3472226,7.10807
u0016510:i3630276,7.10807
u0016510:i3722248,7.10807
u0016510:i3823690,7.10807
u0016510:i4044364,7.10807
u0016510:i4257858,7.10807
u0016510:i4365412,7.10807
u0016510:i4382552,7.10807
u0016555:i0110322,7.92598
u0016555:i0113824,7.92598
u0016555:i0435651,7.92598
u0016555:i0446046,7.92598
u0016555:i0498505,7.92598
u0016555:i0790636,7.92598
u0016555:i0962711,7.92598
u0016555:i0964517,7.92598
u0016555:i0993846,7.92598
u0016555:i1068649,7.92598
u0016555:i1094241,7.92598
u0016555:i1152398,7.92598
u0016555:i1182350,7.92598
u0016555:i1247690,7.92598
u0016555:i1284575,7.92598
u0016555:i1314652,7.92598
u0016555:i1399683,7.92598
u0016555:i1423894,7.92598
u0016555:i1441952,7.92598
u0016555:i1528100,7.92598
u0016555:i1531924,7.92598
u0016555:i1571222,7.92598
u0016555:i1611115,7.92598
u0016555:i1638002,7.92598
u0016555:i1655441,7.92598
u0016555:i1726592,7.92598
u0016555:i1790864,7.92598
u0016555:i1924396,7.92598
u0016555:i1971325,7.92598
u0016555:i1972779,7.92598
u0016555:i1980929,7.92598
u0016555:i2084970,7.92598
u0016555:i2094018,7.92598
u0016555:i2101341,7.92598
u0016555:i2126355,7.92598
u0016555:i2245084,7.92598
u0016555:i2305051,7.92598
u0016555:i2316411,7.92598
u0016555:i2333784,7.92598
u0016555:i2380331,7.92598
u0016555:i2381249,7.92598
u0016555:i2381941,7.92598
u0016555:i2496620,7.92598
u0016555:i2576828,7.92598
u0016555:i2576858,7.92598
u0016555:i2582802,7.92598
u0016555:i2802144,7.92598
u0016555:i2870756,7.92598
u0016555:i2908446,7.92598
u0016555:i2964120,7.92598
u0016555:i2980516,7.92598
u0016555:i3007512,7.92598
u0016555:i3316960,7.92598
u0016555:i3614922,7.92598
u0016555:i3720788,7.92598
u0016555:i3974790,7.92598
u0016555:i4788638,7.92598
u0016568:i0212338,7.342
u0016568:i2245084,7.342
u0016568:i3395184,7.342
u0016577:i0816692,7.60455
u0016577:i0884732,7.60455
u0016577:i0926762,7.60455
u0016577:i1214962,7.60455
u0016577:i1535108,7.60455
u0016577:i1655441,7.60455
u0016577:i1726592,7.60455
u0016577:i1781922,7.60455
u0016577:i1924396,7.60455
u0016577:i1959490,7.60455
u0016577:i2084970,7.60455
u0016577:i2179136,7.60455
u0016577:i2261331,7.60455
u0016577:i2273657,7.60455
u0016577:i2322441,7.60455
u0016577:i2446042,7.60455
u0016577:i2493486,7.60455
u0016577:i2561572,7.60455
u0016577:i2562232,7.60455
u0016577:i2582802,7.60455
u0016577:i2614684,7.60455
u0016577:i2679042,7.60455
u0016577:i2802144,7.60455
u0016577:i2884206,7.60455
u0016577:i2911666,7.60455
u0016577:i2948790,7.60455
u0016577:i2975578,7.60455
u0016577:i2980516,7.60455
u0016577:i3011894,7.60455
u0016577:i3079380,7.60455
u0016577:i3168230,7.60455
u0016577:i3715320,7.60455
u0016577:i4178092,7.60455
u0016594:i0078841,7.06092
u0016594:i0257360,7.06092
u0016594:i0352343,7.06092
u0016594:i0455590,7.06092
u0016594:i1204773,7.06092
u0016594:i1424432,7.06092
u0016594:i1532503,7.06092
u0016594:i1979320,7.06092
u0016594:i2027140,7.06092
u0016594:i2170593,7.06092
u0016594:i2562232,7.06092
u0016594:i2737050,7.06092
u0016594:i2980516,7.06092
u0016594:i4192740,7.06092
u0016615:i1014763,6.70198
u0016615:i1392190,6.90182
u0016615:i2395427,7.04884
u0016615:i2802144,7.0312
u0016637:i0091949,7.67
u0016637:i0103596,7.67
u0016637:i0105104,7.67
u0016637:i0109369,7.67
u0016637:i0110213,7.67
u0016637:i0110366,7.67
u0016637:i0113442,7.67
u0016637:i0116040,7.67
u0016637:i0119116,7.67
u0016637:i0134619,7.67
u0016637:i0158493,7.67
u0016637:i0180052,7.67
u0016637:i0185371,7.67
u0016637:i0186975,7.67
u0016637:i0207201,7.67
u0016637:i0277371,7.67
u0016637:i0297037,7.67
u0016637:i0338337,7.67
u0016637:i0410297,7.67
u0016637:i0417225,7.67
u0016637:i0423977,7.67
u0016637:i0424993,7.67
u0016637:i0425112,7.67
u0016637:i0429493,7.67
u0016637:i0430634,7.67
u0016637:i0437405,7.67
u0016637:i0449010,7.67
u0016637:i0455782,7.67
u0016637:i0456554,7.67
u0016637:i0462322,7.67
u0016637:i0463854,7.67
u0016637:i0467406,7.67
u0016637:i0486822,7.67
u0016637:i0770703,7.67
u0016637:i0770772,7.67
u0016637:i0810922,7.67
u0016637:i0816692,7.67
u0016637:i0816711,7.67
u0016637:i0848228,7.67
u0016637:i0881891,7.67
u0016637:i0884732,7.67
u0016637:i0910554,7.67
u0016637:i0976222,7.67
u0016637:i1001508,7.67
u0016637:i1017451,7.67
u0016637:i1020072,7.67
u0016637:i1028528,7.67
u0016637:i1031969,7.67
u0016637:i1172233,7.67
u0016637:i1197628,7.67
u0016637:i1201607,7.67
u0016637:i1213663,7.67
u0016637:i1289419,7.67
u0016637:i1296373,7.67
u0016637:i1392190,7.67
u0016637:i1411250,7.67
u0016637:i1477837,7.67
u0016637:i1512235,7.67
u0016637:i1583420,7.67
u0016637:i1639826,7.67
u0016637:i1666801,7.67
u0016637:i1701990,7.67
u0016637:i1767354,7.67
u0016637:i1836212,7.67
u0016637:i2126355,7.67
u0016637:i2140379,7.67
u0016637:i2309260,7.67
u0016637:i2390237,7.67
u0016637:i2395427,7.67
u0016637:i2436386,7.67
u0016637:i2788710,7.67
u0016637:i2802144,7.67
u0016637:i2820852,7.67
u0016637:i2975578,7.67
u0016637:i3079380,7.67
u0016637:i3152624,7.67
u0016637:i3316948,7.67
u0016637:i3472226,7.67
u0016637:i3704538,7.67
u0016637:i3850214,7.67
u0016637:i4189442,7.67
u0016675:i0369610,6.11433
u0016675:i0478970,6.11433
u0016675:i1392190,6.11433
u0016675:i1810683,6.11433
u0016675:i2381941,6.11433
u0016675:i2397535,6.11433
u0016675:i2802144,6.11433
u0016675:i2820852,6.11433
u0016675:i3767372,6.11433
u0016675:i3863552,6.11433
u0016681:i0086250,5.14583
u0016681:i0111161,5.67292
u0016681:i0327056,6.92228
u0016681:i0454848,5.81274
u0016681:i0790724,6.81692
u0016681:i1258197,5.06601
u0016681:i1321870,6.34759
u0016681:i1645155,6.10823
u0016681:i1850397,6.94821
u0016681:i2199571,6.91468
u0016706:i1100089,8.15188
u0016706:i1321511,8.15188
u0016706:i2172985,8.15188
u0016706:i2179136,8.15188
u0016706:i2304953,8.15188
u0016706:i2669336,8.15188
u0016740:i0478970,6.84549
u0016740:i1392190,6.90766
u0016740:i1490017,7.0049
u0016740:i2395427,7.05647
u0016742:i1798684,6.77661
u0016742:i3787590,5.21937
u0016742:i4178092,6.61446
u0016766:i0079588,0
u0016766:i0083791,3.31273
u0016766:i0087755,0
u0016766:i0091369,4.77705
u0016766:i0104940,0
u0016766:i1014759,5.06752
u0016766:i1667353,5.10728
u0016766:i2294629,6.80011
u0016773:i1661199,6.52389
u0016773:i1798709,6.52389
u0016773:i2395427,6.52389
u0016773:i2820852,6.52389
u0016773:i3007512,6.52389
u0016787:i0068833,7.10271
u0016787:i0086312,7.10271
u0016787:i0103772,7.10271
u0016787:i0118884,7.10271
u0016787:i0133240,7.10271
u0016787:i0164052,7.10271
u0016787:i0369610,7.10271
u0016787:i0432402,7.10271
u0016787:i0443706,7.10271
u0016787:i0485061,7.10271
u0016787:i0816692,7.10271
u0016787:i0923811,7.10271
u0016787:i1100089,7.10271
u0016787:i1121096,7.10271
u0016787:i1392190,7.10271
u0016787:i1666801,7.10271
u0016787:i1702014,7.10271
u0016787:i2084970,7.10271
u0016787:i2241750,7.10271
u0016787:i2305051,7.10271
u0016787:i2395427,7.10271
u0016787:i2428170,7.10271
u0016787:i2617828,7.10271
u0016787:i2623502,7.10271
u0016787:i2884206,7.10271
u0016787:i2944198,7.10271
u0016787:i2980516,7.10271
u0016787:i3235888,7.10271
u0016787:i3986532,7.10271
u0016800:i0070511,7.35284
u0016800:i0309987,7.35284
u0016800:i0340012,7.35284
u0016800:i0371746,7.35284
u0016800:i0800369,7.35284
u0016800:i0848228,7.35284
u0016800:i1228705,7.35284
u0016800:i1300854,7.35284
u0016800:i1655413,7.35284
u0016800:i1698641,7.35284
u0016800:i1843866,7.35284
u0016800:i1981115,7.35284
u0016800:i2015381,7.35284
u0016800:i2321549,7.35284
u0016800:i2322441,7.35284
u0016800:i2395427,7.35284
u0016800:i2582802,7.35284
u0016800:i2802154,7.35284
u0016832:i0101765,7.62816
u0016832:i0168629,7.62816
u0016832:i0389557,7.62816
u0016832:i0401711,7.62816
u0016832:i0434409,7.62816
u0016832:i0453467,7.62816
u0016832:i0454876,7.62816
u0016832:i0470752,7.62816
u0016832:i1013753,7.62816
u0016832:i1035736,7.62816
u0016832:i1273204,7.62816
u0016832:i1412386,7.62816
u0016832:i1655441,7.62816
u0016832:i1674773,7.62816
u0016832:i1951265,7.62816
u0016832:i2011953,7.62816
u0016832:i2053463,7.62816
u0016832:i2084970,7.62816
u0016832:i2582802,7.62816
u0016832:i2980516,7.62816
u0016832:i3316960,7.62816
u0016832:i3612616,7.62816
u0016837:i0470752,8.5991
u0016837:i1971325,8.5991
u0016837:i2179136,8.5991
u0016837:i2381249,8.5991
u0016837:i2397535,8.5991
u0016837:i2872718,8.5991
u0016837:i3079380,8.5991
u0016869:i1029360,7.22284
u0016869:i1119646,6.08652
u0016869:i1392190,6.9135
u0016869:i1666801,6.54591
u0016869:i1790864,6.86566
u0016869:i2279373,7.12488
u0016869:i2820852,6.95963
u0016927:i0435651,7.50908
u0016927:i0470752,7.50908
u0016927:i1100089,7.50908
u0016927:i1267319,7.50908
u0016927:i1655441,7.50908
u0016927:i1661199,7.50908
u0016927:i1706620,7.50908
u0016927:i1865505,7.50908
u0016927:i1975159,7.50908
u0016927:i2034031,7.50908
u0016927:i2084970,7.50908
u0016927:i2267998,7.50908
u0016927:i2347569,7.50908
u0016927:i2436386,7.50908
u0016939:i0206634,7.64811
u0016939:i0467406,7.64811
u0016939:i0481536,7.64811
u0016939:i0884732,7.64811
u0016939:i0914863,7.64811
u0016939:i1182345,7.64811
u0016939:i1570728,7.64811
u0016939:i2084970,7.64811
u0016939:i2179136,7.64811
u0016939:i2562232,7.64811
u0016939:i2713180,7.64811
u0016939:i2802144,7.64811
u0016939:i2820852,7.64811
u0016939:i2980516,7.64811
u0016939:i3149038,7.64811
u0016939:i3316960,7.64811
u0016941:i1100089,7.10271
u0016941:i1392190,7.10271
u0016941:i2802144,7.10271
u0016964:i0369610,7.90656
u0016964:i0478970,7.90656
u0016964:i1020072,7.90656
u0016964:i1100089,7.90656
u0016964:i1340138,7.90656
u0016964:i1392190,7.90656
u0016964:i1502712,7.90656
u0016964:i1638355,7.90656
u0016964:i1655441,7.90656
u0016964:i1661199,7.90656
u0016964:i1791682,7.90656
u0016964:i1809398,7.90656
u0016964:i1823672,7.90656
u0016964:i1881002,7.90656
u0016964:i1964418,7.90656
u0016964:i2084970,7.90656
u0016964:i2096673,7.90656
u0016964:i2120120,7.90656
u0016964:i2126355,7.90656
u0016964:i2179136,7.90656
u0016964:i2224026,7.90656
u0016964:i2279373,7.90656
u0016964:i2293640,7.90656
u0016964:i2305051,7.90656
u0016964:i2309260,7.90656
u0016964:i2322441,7.90656
u0016964:i2381249,7.90656
u0016964:i2381941,7.90656
u0016964:i2395427,7.90656
u0016964:i2562232,7.90656
u0016964:i2570858,7.90656
u0016964:i2802144,7.90656
u0016964:i2820852,7.90656
u0016964:i2935476,7.90656
u0016964:i2937898,7.90656
u0016964:i2980516,7.90656
u0016964:i3011894,7.90656
u0016964:i3079380,7.90656
u0016964:i3152624,7.90656
u0016964:i3195644,7.90656
u0016964:i3612616,7.90656
u0016964:i3622592,7.90656
u0016964:i3713166,7.90656
u0016983:i1617661,7.22385
u0016983:i2179136,7.22385
u0016983:i2446042,7.22385
u0016983:i2717822,7.22385
u0016992:i0072860,8.43487
u0016992:i0118971,8.43487
u0016992:i0119177,8.43487
u0016992:i0120863,8.43487
u0016992:i0264464,8.43487
u0016992:i0343737,8.43487
u0016992:i1210819,8.43487
u0016992:i2652092,8.43487
u0016993:i0097814,7.1353
u0016993:i0125439,7.1353
u0016993:i0134084,7.1353
u0016993:i0144120,7.1353
u0016993:i0206275,7.1353
u0016993:i0369610,7.1353
u0016993:i0458352,7.1353
u0016993:i0787474,7.1353
u0016993:i1282140,7.1353
u0016993:i1294226,7.1353
u0016993:i1655441,7.1353
u0016993:i1661199,7.1353
u0016993:i1666801,7.1353
u0016993:i1951265,7.1353
u0016993:i2224026,7.1353
u0016993:i2245084,7.1353
u0016993:i2294629,7.1353
u0016993:i2788716,7.1353
u0016993:i2883434,7.1353
u0016993:i3079380,7.1353
u0017008:i0455944,6.91787
u0017008:i0470752,7.03688
u0017008:i0816692,6.74521
u0017008:i0829150,7.26059
u0017008:i1121096,6.99113
u0017008:i1343092,6.051
u0017008:i1615147,5.836
u0017008:i1617661,7.11599
u0017008:i2084970,7.0104
u0017008:i2106361,7.1644
u0017008:i2224026,7.0668
u0017008:i2310332,7.05203
u0017008:i2713180,7.1287
u0017008:i2802144,7.03784
u0017015:i0109830,7.60697
u0017015:i0120586,7.60697
u0017015:i0172495,7.60697
u0017015:i0209144,7.60697
u0017015:i0257044,7.60697
u0017015:i0289879,7.60697
u0017015:i1726592,7.60697
u0017015:i2084970,7.60697
u0017015:i2358911,7.60697
u0017015:i2562232,7.60697
u0017021:i0120177,6.742
u0017021:i0369610,6.742
u0017021:i0478970,6.742
u0017021:i1392190,6.742
u0017021:i2395427,6.742
u0017024:i0052357,7.46924
u0017024:i0071315,7.46924
u0017024:i0078788,7.46924
u0017024:i0095765,7.46924
u0017024:i0130827,7.46924
u0017024:i0206634,7.46924
u0017024:i0246578,7.46924
u0017024:i0319061,7.46924
u0017024:i0352248,7.46924
u0017024:i0816692,7.46924
u0017024:i1255953,7.46924
u0017024:i2562232,7.46924
u0017024:i2582802,7.46924
u0017024:i2872718,7.46924
u0017024:i3592542,7.46924
u0017025:i0993846,7.69718
u0017025:i1392190,7.69718
u0017025:i1809398,7.69718
u0017025:i2980516,7.69718
u0017041:i0369610,7.64649
u0017041:i0478970,7.64649
u0017041:i2126355,7.64649
u0017041:i2395427,7.64649
u0017041:i2820852,7.64649
u0017041:i3863552,7.64649
u0017055:i0369610,7.17345
u0017055:i1438173,7.17345
u0017055:i2103267,7.17345
u0017055:i2395427,7.17345
u0017055:i2713180,7.17345
u0017055:i2908446,7.17345
u0017103:i0049406,7.18035
u0017103:i1356864,7.18035
u0017103:i1528071,7.18035
u0017103:i1798709,7.18035
u0017103:i2172584,7.18035
u0017103:i2179136,7.18035
u0017103:i2199571,7.18035
u0017103:i2382298,7.18035
u0017103:i2395427,7.18035
u0017103:i2788710,7.18035
u0017103:i2872718,7.18035
u0017103:i2937898,7.18035
u0017121:i1100089,8.07
u0017121:i2084970,8.07
u0017121:i4359416,8.07
u0017125:i0059727,7.50396
u0017125:i0071230,7.50396
u0017125:i0075222,7.50396
u0017125:i0077745,7.50396
u0017125:i0083951,7.50396
u0017125:i0085636,7.50396
u0017125:i0085811,7.50396
u0017125:i0093409,7.50396
u0017125:i0093560,7.50396
u0017125:i0095016,7.50396
u0017125:i0096754,7.50396
u0017125:i0097733,7.50396
u0017125:i0102685,7.50396
u0017125:i0104431,7.50396
u0017125:i0104714,7.50396
u0017125:i0105690,7.50396
u0017125:i0111503,7.50396
u0017125:i0119698,7.50396
u0017125:i0120611,7.50396
u0017125:i0122151,7.50396
u0017125:i0122718,7.50396
u0017125:i0134847,7.50396
u0017125:i0187738,7.50396
u0017125:i0320691,7.50396
u0017125:i0359013,7.50396
u0017125:i0359950,7.50396
u0017125:i0365907,7.50396
u0017125:i0370263,7.50396
u0017125:i0401792,7.50396
u0017125:i0401855,7.50396
u0017125:i0434409,7.50396
u0017125:i0452608,7.50396
u0017125:i0454848,7.50396
u0017125:i0455944,7.50396
u0017125:i0458481,7.50396
u0017125:i0461703,7.50396
u0017125:i0480255,7.50396
u0017125:i0480687,7.50396
u0017125:i0758730,7.50396
u0017125:i0780504,7.50396
u0017125:i0780653,7.50396
u0017125:i0790628,7.50396
u0017125:i0822847,7.50396
u0017125:i0829150,7.50396
u0017125:i0831387,7.50396
u0017125:i0834001,7.50396
u0017125:i0892769,7.50396
u0017125:i0945513,7.50396
u0017125:i0978764,7.50396
u0017125:i1034331,7.50396
u0017125:i1047540,7.50396
u0017125:i1086772,7.50396
u0017125:i1132285,7.50396
u0017125:i1204975,7.50396
u0017125:i1214962,7.50396
u0017125:i1229340,7.50396
u0017125:i1267297,7.50396
u0017125:i1318514,7.50396
u0017125:i1320239,7.50396
u0017125:i1321870,7.50396
u0017125:i1335975,7.50396
u0017125:i1371111,7.50396
u0017125:i1411250,7.50396
u0017125:i1418377,7.50396
u0017125:i1424381,7.50396
u0017125:i1441395,7.50396
u0017125:i1486185,7.50396
u0017125:i1496025,7.50396
u0017125:i1591095,7.50396
u0017125:i1606378,7.50396
u0017125:i1616195,7.50396
u0017125:i1646971,7.50396
u0017125:i1661382,7.50396
u0017125:i1682180,7.50396
u0017125:i1723121,7.50396
u0017125:i1800241,7.50396
u0017125:i1833844,7.50396
u0017125:i1843866,7.50396
u0017125:i1924435,7.50396
u0017125:i1932718,7.50396
u0017125:i1980929,7.50396
u0017125:i2004420,7.50396
u0017125:i2005374,7.50396
u0017125:i2083383,7.50396
u0017125:i2084970,7.50396
u0017125:i2103281,7.50396
u0017125:i2107861,7.50396
u0017125:i2177771,7.50396
u0017125:i2180411,7.50396
u0017125:i2234261,7.50396
u0017125:i2333784,7.50396
u0017125:i2334879,7.50396
u0017125:i2339741,7.50396
u0017125:i2369135,7.50396
u0017125:i2395427,7.50396
u0017125:i2404463,7.50396
u0017125:i2557490,7.50396
u0017125:i2692904,7.50396
u0017125:i2802144,7.50396
u0017125:i2872732,7.50396
u0017125:i2883512,7.50396
u0017125:i2962726,7.50396
u0017125:i3013528,7.50396
u0017125:i3079380,7.50396
u0017125:i3636326,7.50396
u0017137:i0100332,6.95423
u0017137:i1659253,6.95423
u0017137:i1951265,6.95423
u0017137:i2245084,6.95423
u0017137:i2318092,6.95423
u0017137:i2785032,6.95423
u0017137:i2870808,6.95423
u0017137:i3125324,6.95423
u0017137:i3179568,6.95423
u0017137:i3442006,6.95423
u0017150:i0369610,8.05722
u0017150:i2096673,8.05722
u0017150:i2126355,8.05722
u0017150:i2381941,8.05722
u0017150:i2582802,8.05722
u0017150:i2820852,8.05722
u0017150:i2994190,8.05722
u0017150:i3316948,8.05722
u0017150:i3316960,8.05722
u0017150:i3477480,8.05722
u0017150:i3863552,8.05722
u0017151:i0901481,7.50052
u0017151:i0940585,7.50052
u0017151:i1654523,7.50052
u0017161:i0478970,6.85686
u0017161:i0816692,6.75498
u0017161:i1340138,6.96512
u0017161:i1398426,7.24612
u0017161:i2140379,6.64368
u0017161:i2305051,7.23018
u0017161:i2582496,6.43085
u0017161:i2752772,6.80689
u0017166:i0079501,7.10271
u0017166:i0082694,7.10271
u0017166:i0089530,7.10271
u0017166:i1340138,7.10271
u0017166:i2381249,7.10271
u0017186:i1371150,7.85277
u0017186:i1571249,7.85277
u0017186:i1631867,7.85277
u0017186:i1706620,7.85277
u0017186:i1758830,7.85277
u0017186:i2170593,7.85277
u0017186:i2788716,7.85277
u0017186:i2870708,7.85277
u0017186:i2883512,7.85277
u0017186:i2911666,7.85277
u0017205:i0470752,7.46211
u0017205:i1216491,7.46211
u0017205:i1392190,7.46211
u0017205:i1441395,7.46211
u0017205:i1528100,7.46211
u0017205:i1567437,7.46211
u0017205:i1605717,7.46211
u0017205:i1714915,7.46211
u0017205:i1726592,7.46211
u0017205:i2334649,7.46211
u0017205:i2785032,7.46211
u0017205:i2820852,7.46211
u0017205:i2872718,7.46211
u0017205:i3416742,7.46211
u0017209:i0369610,7.43514
u0017209:i0470752,7.43514
u0017209:i1392190,7.43514
u0017209:i2180411,7.43514
u0017231:i0243017,7.67
u0017231:i0289992,7.67
u0017231:i0376968,7.67
u0017231:i1850397,7.67
u0017231:i2084970,7.67
u0017231:i2096672,7.67
u0017231:i2103281,7.67
u0017231:i2267998,7.67
u0017231:i2397535,7.67
u0017231:i2553424,7.67
u0017231:i2713180,7.67
u0017237:i0478970,7.67
u0017237:i1340138,7.67
u0017237:i2126355,7.67
u0017237:i2381249,7.67
u0017237:i2562232,7.67
u0017237:i2802144,7.67
u0017237:i2820852,7.67
u0017305:i0077745,7.0893
u0017305:i1340138,7.0893
u0017305:i2216240,7.0893
u0017305:i2380247,7.0893
u0017310:i0092965,7.67
u0017310:i0112641,7.67
u0017310:i0756683,7.67
u0017310:i0985699,7.67
u0017310:i1392190,7.67
u0017310:i2084970,7.67
u0017310:i2562232,7.67
u0017310:i2802144,7.67
u0017310:i2872718,7.67
u0017310:i2980516,7.67
u0017310:i3011894,7.67
u0017319:i1392190,7.60697
u0017319:i1991245,7.60697
u0017319:i2170593,7.60697
u0017319:i2203939,7.60697
u0017319:i3079380,7.60697
u0017337:i1100089,7.43514
u0017337:i1398426,7.43514
u0017337:i2179136,7.43514
u0017337:i2562232,7.43514
u0017346:i2096673,7.42503
u0017346:i2381249,7.42503
u0017346:i2395427,7.42503
u0017346:i3316960,7.42503
u0017349:i0110475,7.72584
u0017349:i0206634,7.72584
u0017349:i0338013,7.72584
u0017349:i0375912,7.72584
u0017349:i0907657,7.72584
u0017349:i1065073,7.72584
u0017349:i1392190,7.72584
u0017349:i1483013,7.72584
u0017349:i1922777,7.72584
u0017349:i2267998,7.72584
u0017349:i2278388,7.72584
u0017349:i2322441,7.72584
u0017349:i2395427,7.72584
u0017349:i2436386,7.72584
u0017349:i2562232,7.72584
u0017349:i2582802,7.72584
u0017349:i2692904,7.72584
u0017349:i2802144,7.72584
u0017349:i2820852,7.72584
u0017349:i2911666,7.72584
u0017349:i3235888,7.72584
u0017349:i3345472,7.72584
u0017364:i1375666,6.18223
u0017364:i2637276,6.62762
u0017364:i2802136,7.04756
u0017366:i0120382,5.62703
u0017366:i0420293,5.68921
u0017366:i1242422,4.52601
u0017369:i0119698,7.74899
u0017369:i0190332,7.74899
u0017369:i0199683,7.74899
u0017369:i0373074,7.74899
u0017369:i0780536,7.74899
u0017369:i0816692,7.74899
u0017369:i0876563,7.74899
u0017369:i1065073,7.74899
u0017369:i1205489,7.74899
u0017369:i1798709,7.74899
u0017369:i2013293,7.74899
u0017369:i2275946,7.74899
u0017369:i2582802,7.74899
u0017369:i2911666,7.74899
u0017395:i0082694,7.67
u0017395:i0088944,7.67
u0017395:i0096283,7.67
u0017395:i0100814,7.67
u0017395:i0104652,7.67
u0017395:i0111503,7.67
u0017395:i0265086,7.67
u0017395:i0275847,7.67
u0017395:i0277371,7.67
u0017395:i0347149,7.67
u0017395:i0347618,7.67
u0017395:i0369610,7.67
u0017395:i0470752,7.67
u0017395:i0478970,7.67
u0017395:i0876563,7.67
u0017395:i1272878,7.67
u0017395:i1340138,7.67
u0017395:i1450321,7.67
u0017395:i1502404,7.67
u0017395:i1524930,7.67
u0017395:i1568921,7.67
u0017395:i1605717,7.67
u0017395:i1727770,7.67
u0017395:i1798684,7.67
u0017395:i1823672,7.67
u0017395:i1964418,7.67
u0017395:i2013293,7.67
u0017395:i2120120,7.67
u0017395:i2126355,7.67
u0017395:i2172934,7.67
u0017395:i2179136,7.67
u0017395:i2293640,7.67
u0017395:i2381249,7.67
u0017395:i2381941,7.67
u0017395:i2395427,7.67
u0017395:i2802144,7.67
u0017395:i2911666,7.67
u0017395:i3064298,7.67
u0017395:i3824386,7.67
u0017395:i4660980,7.67
u0017400:i0247586,7.32783
u0017400:i0369610,7.32783
u0017400:i0470752,7.32783
u0017400:i1126590,7.32783
u0017400:i1260712,7.32783
u0017400:i1276419,7.32783
u0017400:i2179136,7.32783
u0017400:i2293640,7.32783
u0017400:i2562232,7.32783
u0017424:i0072890,5.56449
u0017424:i0085794,4.47809
u0017424:i0087800,6.60864
u0017424:i0087843,6.04888
u0017424:i0102926,6.13925
u0017424:i0110413,5.56738
u0017424:i0110912,5.8885
u0017424:i0111161,5.74295
u0017424:i0252503,3.81635
u0017424:i0317248,6.50603
u0017424:i0327056,7.06355
u0017424:i1120985,5.35023
u0017424:i1212450,5.54976
u0017424:i1392190,6.91934
u0017424:i1853728,5.61368
u0017435:i0106856,6.89727
u0017435:i0112864,6.89727
u0017435:i0113855,6.89727
u0017435:i0119081,6.89727
u0017435:i0208092,6.89727
u0017435:i0369610,6.89727
u0017435:i0435625,6.89727
u0017435:i0458339,6.89727
u0017435:i0499549,6.89727
u0017435:i0901487,6.89727
u0017435:i0910970,6.89727
u0017435:i1091191,6.89727
u0017435:i1392190,6.89727
u0017435:i1706620,6.89727
u0017435:i1790864,6.89727
u0017435:i1921064,6.89727
u0017435:i2072230,6.89727
u0017435:i2267998,6.89727
u0017435:i2557490,6.89727
u0017435:i2911666,6.89727
u0017439:i0087866,0
u0017439:i0088847,5.8296
u0017439:i0099487,4.6416
u0017439:i0108160,3.01527
u0017439:i0159097,5.9756
u0017439:i0167404,5.90498
u0017439:i0804497,5.11578
u0017439:i0929632,5.35559
u0017439:i1355630,6.7769
u0017439:i1527186,5.98047
u0017439:i1572781,3.68485
u0017439:i1645080,5.17765
u0017439:i1853614,4.15
u0017439:i1931533,6.22943
u0017439:i2321549,7.32209
u0017439:i2582846,6.50222
u0017439:i2652092,7.13932
u0017439:i2788716,6.96914
u0017442:i0433412,7.50908
u0017442:i1924435,7.50908
u0017442:i2006721,7.50908
u0017442:i2446042,7.50908
u0017443:i0079417,7.67
u0017443:i0103874,7.67
u0017443:i0478970,7.67
u0017443:i0790724,7.67
u0017443:i1340138,7.67
u0017443:i1392190,7.67
u0017443:i1433813,7.67
u0017443:i1823672,7.67
u0017443:i1840309,7.67
u0017443:i1911658,7.67
u0017443:i2039393,7.67
u0017443:i2084970,7.67
u0017443:i2096672,7.67
u0017443:i2096673,7.67
u0017443:i2199571,7.67
u0017443:i2231253,7.67
u0017443:i2245084,7.67
u0017443:i2293640,7.67
u0017443:i2294449,7.67
u0017443:i2364841,7.67
u0017443:i2381941,7.67
u0017443:i2395427,7.67
u0017443:i2673812,7.67
u0017443:i2717822,7.67
u0017443:i2802144,7.67
u0017443:i2802154,7.67
u0017443:i2820852,7.67
u0017443:i2872718,7.67
u0017443:i2908446,7.67
u0017443:i2917388,7.67
u0017443:i2980516,7.67
u0017443:i3045616,7.67
u0017443:i3213684,7.67
u0017443:i4084744,7.67
u0017481:i0470752,7.31364
u0017481:i0478970,7.31364
u0017481:i0816692,7.31364
u0017481:i1038988,7.31364
u0017481:i2084970,7.31364
u0017481:i2103281,7.31364
u0017481:i2179136,7.31364
u0017481:i2381249,7.31364
u0017481:i2395427,7.31364
u0017481:i2582802,7.31364
u0017481:i2802144,7.31364
u0017481:i2872718,7.31364
u0017481:i3011894,7.31364
u0017500:i0112442,6.95423
u0017500:i0401792,6.95423
u0017500:i0458481,6.95423
u0017500:i0790636,6.95423
u0017500:i0816692,6.95423
u0017500:i1229238,6.95423
u0017500:i1921149,6.95423
u0017500:i2039393,6.95423
u0017500:i2084970,6.95423
u0017500:i2096672,6.95423
u0017500:i2170439,6.95423
u0017500:i2179136,6.95423
u0017500:i2267998,6.95423
u0017500:i2275946,6.95423
u0017500:i2310332,6.95423
u0017500:i2321549,6.95423
u0017500:i2338151,6.95423
u0017500:i2351310,6.95423
u0017500:i2436386,6.95423
u0017500:i2785032,6.95423
u0017500:i2820852,6.95423
u0017500:i2872718,6.95423
u0017500:i2911666,6.95423
u0017500:i3029558,6.95423
u0017500:i3475504,6.95423
u0017500:i3516378,6.95423
u0017500:i3697626,6.95423
u0017513:i0091203,7.63569
u0017513:i0245844,7.63569
u0017513:i0328107,7.63569
u0017513:i0340163,7.63569
u0017513:i0453467,7.63569
u0017513:i0477080,7.63569
u0017513:i1216491,7.63569
u0017513:i1418754,7.63569
u0017513:i1568338,7.63569
u0017513:i1617661,7.63569
u0017513:i1872194,7.63569
u0017513:i1925431,7.63569
u0017513:i1951265,7.63569
u0017513:i2084970,7.63569
u0017513:i2103281,7.63569
u0017513:i2179136,7.63569
u0017513:i2231253,7.63569
u0017513:i2267998,7.63569
u0017513:i2376218,7.63569
u0017513:i2381941,7.63569
u0017513:i2395427,7.63569
u0017513:i2446042,7.63569
u0017513:i2493486,7.63569
u0017513:i2820852,7.63569
u0017513:i2872718,7.63569
u0017513:i2872732,7.63569
u0017513:i2908446,7.63569
u0017513:i2911666,7.63569
u0017516:i0375063,7.60697
u0017516:i0470752,7.60697
u0017516:i0498380,7.60697
u0017516:i1065073,7.60697
u0017516:i1502712,7.60697
u0017516:i1821549,7.60697
u0017516:i1980929,7.60697
u0017516:i2101569,7.60697
u0017516:i2170593,7.60697
u0017516:i2179136,7.60697
u0017516:i2245084,7.60697
u0017516:i2322441,7.60697
u0017516:i2381249,7.60697
u0017516:i2381941,7.60697
u0017516:i2395427,7.60697
u0017516:i2562232,7.60697
u0017516:i2582802,7.60697
u0017516:i2802144,7.60697
u0017516:i2883512,7.60697
u0017516:i2884206,7.60697
u0017516:i2980516,7.60697
u0017516:i3005242,7.60697
u0017516:i3079016,7.60697
u0017516:i3638598,7.60697
u0017529:i0120382,7.64982
u0017529:i0470752,7.64982
u0017529:i1020072,7.64982
u0017529:i1617661,7.64982
u0017529:i2179136,7.64982
u0017529:i2310332,7.64982
u0017529:i2381941,7.64982
u0017529:i2614684,7.64982
u0017529:i2802144,7.64982
u0017554:i0117008,0
u0017554:i0268978,6.19545
u0017554:i0369610,6.99468
u0017554:i0454876,5.7406
u0017554:i0455944,6.94946
u0017554:i0482571,5.44223
u0017554:i0970179,5.63076
u0017554:i1074638,6.9288
u0017554:i1100089,7.1294
u0017554:i1182345,6.2057
u0017554:i1340138,6.98182
u0017554:i1392190,6.92519
u0017554:i1798684,6.80209
u0017554:i2273657,6.49433
u0017554:i2713180,7.14644
u0017554:i3079380,6.83747
u0017558:i0426931,7.60697
u0017558:i1029360,7.60697
u0017558:i1392190,7.60697
u0017558:i1798684,7.60697
u0017558:i2980516,7.60697
u0017558:i3007512,7.60697
u0017567:i0166896,7.10271
u0017567:i1726669,7.10271
u0017567:i1791528,7.10271
u0017581:i0057115,6.23202
u0017581:i0119174,5.81846
u0017581:i0208092,6.26954
u0017581:i0246460,5.37692
u0017581:i0375679,5.28193
u0017581:i0454921,5.19006
u0017581:i0475276,5.55932
u0017581:i0485947,5.32625
u0017581:i0918927,6.14427
u0017581:i0945513,6.48667
u0017581:i0947798,5.76879
u0017581:i0985699,7.12267
u0017581:i1355630,6.88447
u0017581:i1392190,6.93104
u0017581:i1615147,6.1139
u0017581:i1649419,6.57014
u0017581:i1655441,6.82685
u0017581:i1702439,6.44069
u0017581:i1972571,7.0047
u0017581:i2096672,7.169
u0017581:i2199571,6.93937
u0017581:i2515034,6.84527
u0017581:i2582802,7.15013
u0017581:i2726560,6.6225
u0017581:i2820852,6.9688
u0017581:i2908446,6.86674
u0017581:i3063516,6.71954
u0017581:i3316960,7.08084
u0017611:i0369610,7.0023
u0017611:i0478970,6.86826
u0017611:i1392190,6.9369
u0017611:i1524930,6.62924
u0017611:i1798684,6.82766
u0017611:i1823672,7.07414
u0017611:i2381249,6.96613
u0017611:i2395427,7.06412
u0017611:i2637276,6.65382
u0017611:i2802144,7.04448
u0017611:i3152624,6.78141
u0017611:i3235888,7.10309
u0017611:i3850214,7.1028
u0017613:i1065073,8.52381
u0017613:i1126590,8.52381
u0017613:i1823672,8.52381
u0017613:i1921064,8.52381
u0017613:i2084970,8.52381
u0017613:i2338151,8.52381
u0017613:i2562232,8.52381
u0017613:i2582802,8.52381
u0017632:i0105236,7.50908
u0017632:i0119488,7.50908
u0017632:i0209144,7.50908
u0017632:i0477348,7.50908
u0017632:i1020072,7.50908
u0017632:i1872194,7.50908
u0017632:i2084970,7.50908
u0017632:i2561572,7.50908
u0017632:i2713180,7.50908
u0017632:i3079380,7.50908
u0017644:i0435651,7.85396
u0017644:i1392190,7.85396
u0017644:i1617661,7.85396
u0017644:i2278388,7.85396
u0017667:i0010323,7.92598
u0017667:i0013626,7.92598
u0017667:i0015324,7.92598
u0017667:i0020530,7.92598
u0017667:i0129290,7.92598
u0017667:i0163651,7.92598
u0017667:i0252866,7.92598
u0017667:i0280590,7.92598
u0017667:i0322589,7.92598
u0017667:i0388482,7.92598
u0017667:i0770703,7.92598
u0017667:i0825232,7.92598
u0017667:i0947798,7.92598
u0017667:i1065073,7.92598
u0017667:i1109624,7.92598
u0017667:i1181840,7.92598
u0017667:i1263800,7.92598
u0017667:i1626146,7.92598
u0017667:i1629242,7.92598
u0017667:i1661199,7.92598
u0017667:i1666801,7.92598
u0017667:i1733105,7.92598
u0017667:i1821549,7.92598
u0017667:i1823664,7.92598
u0017667:i1827365,7.92598
u0017667:i2017020,7.92598
u0017667:i2083355,7.92598
u0017667:i2084970,7.92598
u0017667:i2180411,7.92598
u0017667:i2182972,7.92598
u0017667:i2261331,7.92598
u0017667:i2279373,7.92598
u0017667:i2322441,7.92598
u0017667:i2381941,7.92598
u0017667:i2401097,7.92598
u0017667:i2425466,7.92598
u0017667:i2523756,7.92598
u0017667:i2561572,7.92598
u0017667:i2562232,7.92598
u0017667:i2582802,7.92598
u0017667:i2614684,7.92598
u0017667:i2717860,7.92598
u0017667:i2802144,7.92598
u0017667:i2883434,7.92598
u0017667:i2908446,7.92598
u0017667:i2910274,7.92598
u0017667:i3107070,7.92598
u0017667:i3145220,7.92598
u0017667:i3203616,7.92598
u0017667:i3316960,7.92598
u0017667:i3318750,7.92598
u0017667:i3321428,7.92598
u0017667:i3369806,7.92598
u0017667:i3407894,7.92598
u0017667:i3446852,7.92598
u0017667:i3518096,7.92598
u0017694:i2096673,7.80848
u0017694:i2293640,7.80848
u0017694:i2310332,7.80848
u0017708:i2402101,6.67514
u0017708:i2752772,7.02647
u0017708:i3488328,6.67135
u0017708:i3717532,5.61245
u0017776:i2326554,7.60697
u0017776:i2366608,7.60697
u0017776:i2802144,7.60697
u0017793:i0066921,7.44242
u0017793:i0102926,7.44242
u0017793:i0110322,7.44242
u0017793:i0110912,7.44242
u0017793:i0112792,7.44242
u0017793:i0120689,7.44242
u0017793:i0133952,7.44242
u0017793:i0183790,7.44242
u0017793:i0266697,7.44242
u0017793:i0272152,7.44242
u0017793:i0325980,7.44242
u0017793:i0369339,7.44242
u0017793:i0383574,7.44242
u0017793:i0408306,7.44242
u0017793:i0429493,7.44242
u0017793:i0449088,7.44242
u0017793:i0453451,7.44242
u0017793:i0458413,7.44242
u0017793:i0926380,7.44242
u0017793:i1020072,7.44242
u0017793:i1065073,7.44242
u0017793:i1100089,7.44242
u0017793:i1216491,7.44242
u0017793:i1298650,7.44242
u0017793:i1392190,7.44242
u0017793:i1483324,7.44242
u0017793:i1535109,7.44242
u0017793:i1781922,7.44242
u0017793:i1798684,7.44242
u0017793:i2015381,7.44242
u0017793:i2084970,7.44242
u0017793:i2096672,7.44242
u0017793:i2097298,7.44242
u0017793:i2170439,7.44242
u0017793:i2179136,7.44242
u0017793:i2278388,7.44242
u0017793:i2294449,7.44242
u0017793:i2381249,7.44242
u0017793:i2381941,7.44242
u0017793:i2446042,7.44242
u0017793:i2493486,7.44242
u0017793:i2582802,7.44242
u0017793:i2637276,7.44242
u0017793:i2717822,7.44242
u0017793:i2802144,7.44242
u0017793:i2820852,7.44242
u0017793:i2872718,7.44242
u0017793:i2911666,7.44242
u0017793:i2980516,7.44242
u0017793:i3007512,7.44242
u0017793:i3079380,7.44242
u0017793:i3247714,7.44242
u0017797:i0061852,7.60697
u0017797:i0106582,7.60697
u0017797:i0109830,7.60697
u0017797:i0116583,7.60697
u0017797:i0120762,7.60697
u0017797:i0198781,7.60697
u0017797:i0364725,7.60697
u0017797:i1109624,7.60697
u0017797:i1242460,7.60697
u0017797:i2084970,7.60697
u0017797:i2187884,7.60697
u0017797:i2446042,7.60697
u0017797:i2980516,7.60697
u0017813:i0816692,7.55393
u0017813:i2084970,7.55393
u0017813:i2267998,7.55393
u0017813:i2388715,7.55393
u0017813:i2637276,7.55393
u0017819:i0088011,6.88216
u0017819:i0090022,6.88216
u0017819:i0107206,6.88216
u0017819:i0115759,6.88216
u0017819:i0369610,6.88216
u0017819:i0816692,6.88216
u0017819:i0949731,6.88216
u0017819:i1041829,6.88216
u0017819:i1216492,6.88216
u0017819:i1571249,6.88216
u0017819:i1617661,6.88216
u0017819:i1731141,6.88216
u0017819:i2024469,6.88216
u0017819:i2126355,6.88216
u0017819:i2381249,6.88216
u0017819:i2404425,6.88216
u0017819:i2692904,6.88216
u0017819:i2717822,6.88216
u0017819:i2802144,6.88216
u0017819:i2910274,6.88216
u0017819:i3079016,6.88216
u0017819:i3079380,6.88216
u0017819:i3137764,6.88216
u0017819:i3152624,6.88216
u0017819:i4368814,6.88216
u0017822:i0113247,5.7807
u0017822:i0317705,6.94876
u0017822:i0369610,7.00992
u0017822:i1392190,6.94277
u0017822:i2180411,7.07559
u0017837:i0206634,7.80091
u0017837:i1392190,7.80091
u0017837:i2345737,7.80091
u0017837:i2582802,7.80091
u0017837:i2802144,7.80091
u0017837:i2820852,7.80091
u0017879:i0470752,7.99496
u0017879:i1392190,7.99496
u0017879:i1502712,7.99496
u0017879:i1655441,7.99496
u0017879:i1823672,7.99496
u0017879:i1881002,7.99496
u0017879:i2126355,7.99496
u0017879:i2381249,7.99496
u0017879:i2802144,7.99496
u0017879:i2908446,7.99496
u0017879:i2935476,7.99496
u0017879:i4293752,7.99496
u0017883:i2293640,6.75838
u0017883:i2637276,6.75838
u0017883:i2637378,6.75838
u0017883:i3079380,6.75838
u0017883:i3671542,6.75838
u0017888:i0082096,3.76221
u0017888:i0093058,6.5447
u0017888:i0206634,6.37736
u0017888:i0352248,5.84548
u0017888:i0369610,7.01754
u0017888:i1216491,7.01362
u0017888:i1616195,5.09157
u0017888:i1726669,6.73506
u0017888:i1809398,7.04003
u0017888:i1911644,5.67132
u0017888:i2109248,6.87331
u0017888:i2226417,6.18499
u0017888:i2261331,6.69752
u0017888:i2275946,6.84832
u0017888:i2334879,6.48451
u0017888:i2446042,7.1255
u0017888:i2452200,6.50605
u0017888:i2614684,6.84158
u0017888:i2802144,7.05114
u0017888:i2820852,6.97798
u0017888:i3235888,7.12921
u0017888:i3630276,6.91835
u0017888:i3886722,3.32822
u0017896:i0006437,7.57106
u0017896:i0017925,7.57106
u0017896:i0047396,7.57106
u0017896:i0060196,7.57106
u0017896:i0064116,7.57106
u0017896:i0066921,7.57106
u0017896:i0068646,7.57106
u0017896:i0071562,7.57106
u0017896:i0074860,7.57106
u0017896:i0082275,7.57106
u0017896:i0099685,7.57106
u0017896:i0104348,7.57106
u0017896:i0108052,7.57106
u0017896:i0111161,7.57106
u0017896:i0113277,7.57106
u0017896:i0118715,7.57106
u0017896:i0137523,7.57106
u0017896:i0358273,7.57106
u0017896:i0485947,7.57106
u0017896:i0780504,7.57106
u0017896:i0816692,7.57106
u0017896:i0831387,7.57106
u0017896:i1065073,7.57106
u0017896:i1392190,7.57106
u0017896:i1433811,7.57106
u0017896:i1654523,7.57106
u0017896:i1791528,7.57106
u0017896:i2258345,7.57106
u0017896:i2339741,7.57106
u0017896:i2395427,7.57106
u0017896:i2562232,7.57106
u0017896:i2872718,7.57106
u0017896:i2980516,7.57106
u0017896:i3541262,7.57106
u0017896:i3674910,7.57106
u0017906:i0478970,6.87966
u0017906:i1029360,7.2891
u0017906:i1247690,6.46064
u0017906:i1340138,6.99856
u0017906:i1392190,6.94864
u0017906:i1418377,7.14354
u0017906:i1661199,7.10801
u0017906:i1726592,7.00346
u0017906:i1823672,7.08945
u0017906:i1964418,6.81456
u0017906:i2172934,6.72423
u0017906:i2322441,7.17144
u0017906:i2381249,6.97859
u0017906:i2395427,7.07177
u0017906:i2436386,7.12311
u0017906:i2820852,6.98717
u0017906:i3195644,6.83353
u0017908:i0021749,7.54879
u0017908:i0027977,7.54879
u0017908:i0032553,7.54879
u0017908:i0044837,7.54879
u0017908:i0054215,7.54879
u0017908:i0061418,7.54879
u0017908:i0084488,7.54879
u0017908:i0086250,7.54879
u0017908:i0088184,7.54879
u0017908:i0090967,7.54879
u0017908:i0103772,7.54879
u0017908:i0117615,7.54879
u0017908:i0142688,7.54879
u0017908:i0158371,7.54879
u0017908:i0167456,7.54879
u0017908:i0226737,7.54879
u0017908:i0227858,7.54879
u0017908:i0232500,7.54879
u0017908:i0253474,7.54879
u0017908:i0295178,7.54879
u0017908:i0308383,7.54879
u0017908:i0350258,7.54879
u0017908:i0420294,7.54879
u0017908:i0454776,7.54879
u0017908:i0800308,7.54879
u0017908:i1139328,7.54879
u0017908:i1152836,7.54879
u0017908:i1491044,7.54879
u0017908:i1613028,7.54879
u0017908:i1657507,7.54879
u0017908:i1794886,7.54879
u0017908:i2127305,7.54879
u0017909:i0114814,7.60697
u0017909:i0208092,7.60697
u0017909:i0363163,7.60697
u0017909:i2582802,7.60697
u0017909:i2802144,7.60697
u0017909:i2820852,7.60697
u0017909:i2848292,7.60697
u0017926:i0455944,6.98119
u0017926:i0470752,7.04904
u0017926:i1666801,6.62292
u0017926:i1911658,7.23662
u0017926:i1966604,5.95528
u0017926:i1971325,6.84908
u0017926:i2061712,5.81339
u0017926:i2084970,7.01766
u0017926:i2122313,6.02262
u0017926:i2317225,6.92976
u0017926:i2562232,7.09212
u0017926:i2714900,6.95487
u0017926:i2802144,7.05779
u0017927:i1528100,7.86456
u0017927:i1661199,7.86456
u0017927:i1698641,7.86456
u0017927:i2279373,7.86456
u0017927:i2713180,7.86456
u0017927:i2872718,7.86456
u0017939:i1371111,7.60697
u0017939:i1726592,7.60697
u0017939:i1840309,7.60697
u0017939:i2193215,7.60697
u0017939:i2278388,7.60697
u0017939:i2305051,7.60697
u0017939:i2322441,7.60697
u0017950:i0129387,7.10271
u0017950:i0264464,7.10271
u0017950:i0407887,7.10271
u0017950:i0450259,7.10271
u0017950:i1392190,7.10271
u0017950:i1661199,7.10271
u0017950:i2561572,7.10271
u0017950:i2562232,7.10271
u0017950:i2784678,7.10271
u0017950:i2820852,7.10271
u0017960:i0293715,7.42891
u0017960:i0409072,7.42891
u0017960:i0816692,7.42891
u0017960:i1392190,7.42891
u0017960:i2140465,7.42891
u0017960:i2302966,7.42891
u0017960:i2395427,7.42891
u0017960:i2397535,7.42891
u0017960:i2631186,7.42891
u0017960:i2802144,7.42891
u0017960:i2820852,7.42891
u0017960:i3449292,7.42891
u0017960:i3495030,7.42891
u0017960:i3678782,7.42891
u0017960:i3863552,7.42891
u0017960:i4430212,7.42891
u0017960:i4624138,7.42891
u0017986:i0338348,4.48616
u0017986:i0369610,7.02518
u0017986:i1781922,6.65328
u0017986:i2126355,7.07444
u0017986:i2309260,7.09169
u0017986:i2414212,0
u0017986:i3622592,6.42409
u0017986:i3787590,5.62085
u0017992:i1396218,7.50908
u0017992:i1709143,7.50908
u0017992:i2582802,7.50908
u0018005:i0365907,7.31589
u0018005:i0369610,7.31589
u0018005:i0478970,7.31589
u0018005:i0903624,7.31589
u0018005:i0948470,7.31589
u0018005:i1086772,7.31589
u0018005:i1100089,7.31589
u0018005:i1121096,7.31589
u0018005:i1340138,7.31589
u0018005:i1355630,7.31589
u0018005:i1375670,7.31589
u0018005:i1502712,7.31589
u0018005:i1528071,7.31589
u0018005:i1600196,7.31589
u0018005:i1617661,7.31589
u0018005:i1638355,7.31589
u0018005:i1655441,7.31589
u0018005:i1772264,7.31589
u0018005:i1823672,7.31589
u0018005:i1850397,7.31589
u0018005:i1930546,7.31589
u0018005:i1931602,7.31589
u0018005:i1956620,7.31589
u0018005:i1964418,7.31589
u0018005:i1972779,7.31589
u0018005:i2004420,7.31589
u0018005:i2084970,7.31589
u0018005:i2170439,7.31589
u0018005:i2179136,7.31589
u0018005:i2191701,7.31589
u0018005:i2238050,7.31589
u0018005:i2267998,7.31589
u0018005:i2278388,7.31589
u0018005:i2321549,7.31589
u0018005:i2322441,7.31589
u0018005:i2381249,7.31589
u0018005:i2395427,7.31589
u0018005:i2436386,7.31589
u0018005:i2509850,7.31589
u0018005:i2562232,7.31589
u0018005:i2679042,7.31589
u0018005:i2788710,7.31589
u0018005:i2802144,7.31589
u0018005:i2820852,7.31589
u0018005:i2848292,7.31589
u0018005:i2980516,7.31589
u0018005:i3181822,7.31589
u0018005:i3331846,7.31589
u0018005:i3672840,7.31589
u0018011:i0816692,7.35227
u0018011:i1587310,7.35227
u0018011:i1791528,7.35227
u0018011:i1809398,7.35227
u0018011:i1980929,7.35227
u0018011:i2103281,7.35227
u0018011:i2179136,7.35227
u0018011:i2245084,7.35227
u0018011:i2278388,7.35227
u0018011:i2582802,7.35227
u0018011:i2872718,7.35227
u0018011:i3316960,7.35227
u0018012:i0348529,7.50908
u0018012:i0367882,7.50908
u0018012:i0369610,7.50908
u0018012:i0453467,7.50908
u0018012:i0478970,7.50908
u0018012:i0989757,7.50908
u0018012:i1020072,7.50908
u0018012:i1245526,7.50908
u0018012:i1340138,7.50908
u0018012:i1392190,7.50908
u0018012:i1661199,7.50908
u0018012:i2096673,7.50908
u0018012:i2126355,7.50908
u0018012:i2224026,7.50908
u0018012:i2245084,7.50908
u0018012:i2275946,7.50908
u0018012:i2395427,7.50908
u0018012:i2404425,7.50908
u0018012:i2555736,7.50908
u0018012:i2673258,7.50908
u0018012:i2802144,7.50908
u0018012:i2820852,7.50908
u0018012:i3079380,7.50908
u0018012:i3168230,7.50908
u0018012:i3274484,7.50908
u0018012:i3492290,7.50908
u0018012:i3604944,7.50908
u0018028:i0478970,6.89109
u0018028:i1655441,6.85542
u0018028:i2820852,6.99638
u0018039:i0034583,7.41959
u0018039:i0038109,7.41959
u0018039:i0038787,7.41959
u0018039:i0042192,7.41959
u0018039:i0053318,7.41959
u0018039:i0056687,7.41959
u0018039:i0058213,7.41959
u0018039:i0059646,7.41959
u0018039:i0061395,7.41959
u0018039:i0061418,7.41959
u0018039:i0061735,7.41959
u0018039:i0062622,7.41959
u0018039:i0063688,7.41959
u0018039:i0071315,7.41959
u0018039:i0071562,7.41959
u0018039:i0072308,7.41959
u0018039:i0072890,7.41959
u0018039:i0075314,7.41959
u0018039:i0075686,7.41959
u0018039:i0076327,7.41959
u0018039:i0076759,7.41959
u0018039:i0077416,7.41959
u0018039:i0077530,7.41959
u0018039:i0078748,7.41959
u0018039:i0079522,7.41959
u0018039:i0080569,7.41959
u0018039:i0080684,7.41959
u0018039:i0081398,7.41959
u0018039:i0081505,7.41959
u0018039:i0082416,7.41959
u0018039:i0082846,7.41959
u0018039:i0082979,7.41959
u0018039:i0085701,7.41959
u0018039:i0086250,7.41959
u0018039:i0086312,7.41959
u0018039:i0086425,7.41959
u0018039:i0086879,7.41959
u0018039:i0087843,7.41959
u0018039:i0088846,7.41959
u0018039:i0089560,7.41959
u0018039:i0089755,7.41959
u0018039:i0089853,7.41959
u0018039:i0091167,7.41959
u0018039:i0091188,7.41959
u0018039:i0092563,7.41959
u0018039:i0093640,7.41959
u0018039:i0093818,7.41959
u0018039:i0094924,7.41959
u0018039:i0095647,7.41959
u0018039:i0099685,7.41959
u0018039:i0099871,7.41959
u0018039:i0101258,7.41959
u0018039:i0102926,7.41959
u0018039:i0103064,7.41959
u0018039:i0104466,7.41959
u0018039:i0104797,7.41959
u0018039:i0106307,7.41959
u0018039:i0107808,7.41959
u0018039:i0109424,7.41959
u0018039:i0110005,7.41959
u0018039:i0110413,7.41959
u0018039:i0111667,7.41959
u0018039:i0112641,7.41959
u0018039:i0113277,7.41959
u0018039:i0114369,7.41959
u0018039:i0114558,7.41959
u0018039:i0115964,7.41959
u0018039:i0116242,7.41959
u0018039:i0116999,7.41959
u0018039:i0117381,7.41959
u0018039:i0117665,7.41959
u0018039:i0118887,7.41959
u0018039:i0118971,7.41959
u0018039:i0119217,7.41959
u0018039:i0119396,7.41959
u0018039:i0119488,7.41959
u0018039:i0120586,7.41959
u0018039:i0122933,7.41959
u0018039:i0133093,7.41959
u0018039:i0137523,7.41959
u0018039:i0139654,7.41959
u0018039:i0140352,7.41959
u0018039:i0168629,7.41959
u0018039:i0169547,7.41959
u0018039:i0180093,7.41959
u0018039:i0209144,7.41959
u0018039:i0212338,7.41959
u0018039:i0234215,7.41959
u0018039:i0242653,7.41959
u0018039:i0245712,7.41959
u0018039:i0274558,7.41959
u0018039:i0278504,7.41959
u0018039:i0289848,7.41959
u0018039:i0290002,7.41959
u0018039:i0298228,7.41959
u0018039:i0307901,7.41959
u0018039:i0315733,7.41959
u0018039:i0333766,7.41959
u0018039:i0338013,7.41959
u0018039:i0343737,7.41959
u0018039:i0373450,7.41959
u0018039:i0376541,7.41959
u0018039:i0387131,7.41959
u0018039:i0416320,7.41959
u0018039:i0791303,7.41959
u0018039:i0891527,7.41959
u0018039:i0959337,7.41959
u0018039:i0970866,7.41959
u0018039:i0976051,7.41959
u0018039:i1045658,7.41959
u0018039:i1306980,7.41959
u0018039:i1315981,7.41959
u0018039:i1375666,7.41959
u0018039:i1392190,7.41959
u0018039:i1598778,7.41959
u0018039:i1605783,7.41959
u0018039:i2059255,7.41959
u0018039:i2125608,7.41959
u0018039:i2334873,7.41959
u0018039:i3316960,7.41959
u0018039:i3660370,7.41959
u0018041:i1020072,8.12667
u0018041:i1126590,8.12667
u0018041:i1441395,8.12667
u0018041:i1565434,8.12667
u0018041:i1600524,8.12667
u0018041:i1605717,8.12667
u0018041:i1650393,8.12667
u0018041:i1702014,8.12667
u0018041:i2033981,8.12667
u0018041:i2084970,8.12667
u0018041:i2096673,8.12667
u0018041:i2179136,8.12667
u0018041:i2235108,8.12667
u0018041:i2245084,8.12667
u0018041:i2305051,8.12667
u0018041:i2395427,8.12667
u0018041:i2494280,8.12667
u0018041:i2582802,8.12667
u0018041:i2614684,8.12667
u0018041:i2718492,8.12667
u0018041:i2872718,8.12667
u0018041:i2908446,8.12667
u0018041:i2937898,8.12667
u0018041:i3169706,8.12667
u0018041:i3316960,8.12667
u0018041:i3442006,8.12667
u0018041:i3970854,8.12667
u0018041:i4257858,8.12667
u0018043:i0073629,7.60697
u0018043:i0831387,7.60697
u0018043:i1631867,7.60697
u0018043:i1959490,7.60697
u0018043:i2395427,7.60697
u0018068:i2096673,7.01795
u0018068:i2414766,5.79146
u0018068:i2884206,6.93374
u0018075:i1528100,5.6668
u0018075:i2245084,5.6668
u0018075:i2562232,5.6668
u0018075:i3045616,5.6668
u0018076:i0455944,7.17119
u0018076:i1800241,7.17119
u0018076:i1872194,7.17119
u0018076:i2245084,7.17119
u0018076:i2395427,7.17119
u0018076:i3971732,7.17119
u0018104:i0119177,7.09546
u0018104:i2582802,7.09546
u0018104:i2582846,7.09546
u0018104:i2980516,7.09546
u0018104:i2980648,7.09546
u0018105:i0369610,7.09926
u0018105:i1014763,7.09926
u0018105:i1340138,7.09926
u0018105:i1392214,7.09926
u0018105:i1611224,7.09926
u0018128:i0145681,7.01589
u0018128:i0369610,7.03282
u0018128:i0409459,6.04362
u0018128:i0430357,6.11903
u0018128:i0455944,7.01307
u0018128:i0463985,5.58095
u0018128:i0816692,6.76477
u0018128:i1340138,7.01535
u0018128:i1392190,6.95451
u0018128:i1430612,6.33903
u0018128:i1458175,5.50425
u0018128:i1524137,4.11482
u0018128:i1547234,5.66822
u0018128:i1964418,6.84381
u0018128:i2013293,6.97707
u0018128:i2084970,7.02494
u0018128:i2267998,6.97797
u0018128:i2395427,7.07943
u0018128:i2820852,7.0056
u0018128:i3203290,5.15054
u0018128:i4272866,0
u0018140:i0012349,5.2994
u0018140:i0013427,4.95698
u0018140:i0013442,6.64699
u0018140:i0015864,5.30288
u0018140:i0017136,6.31627
u0018140:i0022158,3.81635
u0018140:i0023027,3.81635
u0018140:i0024216,5.64612
u0018140:i0024473,0
u0018140:i0025316,6.48821
u0018140:i0026778,3.41692
u0018140:i0027977,5.86041
u0018140:i0029162,0
u0018140:i0030341,3.84036
u0018140:i0030993,0
u0018140:i0031679,0
u0018140:i0032145,0
u0018140:i0032551,5.32311
u0018140:i0032828,0
u0018140:i0032904,3.52292
u0018140:i0033467,6.36074
u0018140:i0033729,0
u0018140:i0034583,6.12389
u0018140:i0036872,0
u0018140:i0037884,4.76097
u0018140:i0038650,6.4105
u0018140:i0039631,0
u0018140:i0040897,5.09232
u0018140:i0043014,5.78358
u0018140:i0044081,6.36016
u0018140:i0045061,4.34084
u0018140:i0046250,6.37655
u0018140:i0046359,3.44864
u0018140:i0047296,5.37791
u0018140:i0047396,6.43834
u0018140:i0047478,5.6617
u0018140:i0048445,0
u0018140:i0048545,6.72528
u0018140:i0049408,3.53074
u0018140:i0050083,5.97346
u0018140:i0050613,4.44073
u0018140:i0050783,4.98202
u0018140:i0051201,6.51603
u0018140:i0052357,5.74589
u0018140:i0053125,6.86422
u0018140:i0053291,5.05247
u0018140:i0053604,6.61045
u0018140:i0055031,5.23262
u0018140:i0055353,0
u0018140:i0055471,0
u0018140:i0056218,0
u0018140:i0056241,0
u0018140:i0056262,0
u0018140:i0056592,7.20575
u0018140:i0057193,4.74359
u0018140:i0057251,0
u0018140:i0058182,3.61017
u0018140:i0059274,4.74717
u0018140:i0059575,0
u0018140:i0060665,0
u0018140:i0061184,4.86922
u0018140:i0061512,5.72793
u0018140:i0061722,6.75245
u0018140:i0061811,0
u0018140:i0062467,3.68244
u0018140:i0063350,5.84719
u0018140:i0063442,6.88925
u0018140:i0063522,6.37674
u0018140:i0064665,5.48092
u0018140:i0064689,0
u0018140:i0065988,4.8721
u0018140:i0069097,5.46442
u0018140:i0070509,3.63358
u0018140:i0070510,5.12517
u0018140:i0070511,5.221
u0018140:i0070666,3.7533
u0018140:i0070735,6.58113
u0018140:i0071315,6.97001
u0018140:i0071853,5.71008
u0018140:i0071877,0
u0018140:i0072417,0
u0018140:i0073195,6.56867
u0018140:i0073312,5.53683
u0018140:i0073486,6.20924
u0018140:i0074958,6.50479
u0018140:i0075148,6.14375
u0018140:i0077651,5.82281
u0018140:i0077838,3.71912
u0018140:i0079417,6.22463
u0018140:i0079470,6.46679
u0018140:i0079522,5.90467
u0018140:i0081283,6.37746
u0018140:i0082694,6.88664
u0018140:i0082783,5.12857
u0018140:i0083922,3.38087
u0018140:i0084352,0
u0018140:i0084516,6.31083
u0018140:i0084805,4.70774
u0018140:i0086005,0
u0018140:i0086197,4.44251
u0018140:i0086425,5.57587
u0018140:i0086637,5.0744
u0018140:i0087553,2.83258
u0018140:i0087843,6.48094
u0018140:i0087921,0
u0018140:i0088178,3.69634
u0018140:i0089606,0
u0018140:i0091167,5.74181
u0018140:i0092005,6.35043
u0018140:i0093191,6.02388
u0018140:i0093209,0
u0018140:i0093223,3.96299
u0018140:i0093509,0
u0018140:i0095647,6.6553
u0018140:i0095953,6.7399
u0018140:i0097937,6.50823
u0018140:i0098319,0
u0018140:i0104348,4.13804
u0018140:i0104454,0
u0018140:i0104756,5.58004
u0018140:i0105046,0
u0018140:i0105151,5.46778
u0018140:i0105265,5.98034
u0018140:i0107943,5.37617
u0018140:i0108071,0
u0018140:i0110877,4.83533
u0018140:i0113627,3.36098
u0018140:i0113670,0
u0018140:i0114388,5.77179
u0018140:i0117589,0
u0018140:i0117631,5.58982
u0018140:i0117666,6.35556
u0018140:i0117951,5.98942
u0018140:i0119217,6.78362
u0018140:i0119229,3.55403
u0018140:i0119654,6.59714
u0018140:i0120255,4.22796
u0018140:i0120382,5.8146
u0018140:i0138097,5.7274
u0018140:i0162346,5.67069
u0018140:i0166896,6.31711
u0018140:i0190590,5.87324
u0018140:i0203230,3.96299
u0018140:i0245574,5.79408
u0018140:i0247425,5.59184
u0018140:i0265666,5.92
u0018140:i0283509,3.35487
u0018140:i0298845,0
u0018140:i0315733,5.92889
u0018140:i0335266,6.04767
u0018140:i0347149,6.71335
u0018140:i0363163,6.72265
u0018140:i0374546,4.73766
u0018140:i0375063,6.25211
u0018140:i0375679,5.65921
u0018140:i0390221,0
u0018140:i0405159,5.95444
u0018140:i0440963,6.52205
u0018140:i0449467,5.41518
u0018140:i1010048,5.90158
u0018140:i1024648,6.23638
u0018140:i1655442,6.58139
u0018140:i1935179,6.00435
u0018140:i2084970,7.03222
u0018140:i2179136,7.1573
u0018140:i2245084,7.19854
u0018140:i2582802,7.15802
u0018140:i2980516,7.05262
u0018163:i0105323,7.67
u0018163:i1655441,7.67
u0018163:i2404181,7.67
u0018171:i0816692,7.79476
u0018171:i1164999,7.79476
u0018171:i1528100,7.79476
u0018171:i1706620,7.79476
u0018184:i1502712,6.87381
u0018184:i2293640,7.02628
u0018184:i2381249,6.99107
u0018184:i2679042,6.56718
u0018184:i2820852,7.01483
u0018201:i1392190,6.96039
u0018201:i1437358,4.30722
u0018201:i2084970,7.0395
u0018201:i3079380,6.85391
u0018202:i0816692,6.77457
u0018202:i2084970,7.0468
u0018202:i2224026,7.11069
u0018202:i2302966,6.11381
u0018202:i2979920,2.45726
u0018202:i3495030,7.11199
u0018202:i3678782,6.5173
u0018202:i3767372,6.21662
u0018202:i3836958,6.0196
u0018202:i3863552,6.59755
u0018209:i0381061,6.25118
u0018209:i0454921,5.38228
u0018209:i0477348,6.81046
u0018209:i1023114,5.50705
u0018209:i1524137,4.62918
u0018209:i1645170,6.19736
u0018209:i1683526,5.74501
u0018209:i1855199,5.98516
u0018209:i1911644,6.00492
u0018209:i2872718,7.17863
u0018209:i2883512,7.09813
u0018209:i3203616,6.90219
u0018218:i0478970,7.44333
u0018218:i1065073,7.44333
u0018218:i2179136,7.44333
u0018218:i2381249,7.44333
u0018218:i2582802,7.44333
u0018218:i2872718,7.44333
u0018218:i2980516,7.44333
u0018232:i0245562,7.12401
u0018232:i0328107,7.12401
u0018232:i0352248,7.12401
u0018232:i0370032,7.12401
u0018232:i0372784,7.12401
u0018232:i0421994,7.12401
u0018232:i0456012,7.12401
u0018232:i0489281,7.12401
u0018232:i0490204,7.12401
u0018232:i1020072,7.12401
u0018232:i1306980,7.12401
u0018232:i1479668,7.12401
u0018232:i1598778,7.12401
u0018232:i1733147,7.12401
u0018232:i1800241,7.12401
u0018232:i1815862,7.12401
u0018232:i2039393,7.12401
u0018232:i2084970,7.12401
u0018232:i2140619,7.12401
u0018232:i2170439,7.12401
u0018232:i2179136,7.12401
u0018232:i2245084,7.12401
u0018232:i2322441,7.12401
u0018232:i2369135,7.12401
u0018232:i2381941,7.12401
u0018232:i2507238,7.12401
u0018232:i2625030,7.12401
u0018232:i2788710,7.12401
u0018232:i2872732,7.12401
u0018232:i2911666,7.12401
u0018232:i2911668,7.12401
u0018232:i2994190,7.12401
u0018232:i3077108,7.12401
u0018232:i3288930,7.12401
u0018232:i3661798,7.12401
u0018262:i0470752,7.64072
u0018262:i0478970,7.64072
u0018262:i1392190,7.64072
u0018277:i0470752,7.34963
u0018277:i1392190,7.34963
u0018277:i1972779,7.34963
u0018277:i2305051,7.34963
u0018277:i2802144,7.34963
u0018285:i0468569,7.21482
u0018285:i0472033,7.21482
u0018285:i0892769,7.21482
u0018285:i1345836,7.21482
u0018285:i1446714,7.21482
u0018285:i1646971,7.21482
u0018285:i1772341,7.21482
u0018285:i2245084,7.21482
u0018285:i2267998,7.21482
u0018286:i0068240,6.83384
u0018286:i1772288,6.83384
u0018286:i2039393,6.83384
u0018286:i2084970,6.83384
u0018286:i2170593,6.83384
u0018286:i2802144,6.83384
u0018286:i3203616,6.83384
u0018359:i1065073,7.07368
u0018359:i2084970,7.0541
u0018359:i2179136,7.165
u0018359:i2267998,6.99516
u0018359:i2278388,6.86588
u0018359:i2562232,7.09962
u0018359:i2582802,7.16592
u0018359:i2980516,7.06202
u0018359:i3316960,7.10269
u0018366:i0044081,7.55195
u0018366:i0071222,7.55195
u0018366:i0116282,7.55195
u0018366:i0118842,7.55195
u0018366:i1100089,7.55195
u0018366:i1216491,7.55195
u0018366:i1392190,7.55195
u0018366:i1605717,7.55195
u0018366:i1631867,7.55195
u0018366:i1680045,7.55195
u0018366:i1790885,7.55195
u0018366:i1992156,7.55195
u0018366:i2084970,7.55195
u0018366:i2096672,7.55195
u0018366:i2170439,7.55195
u0018366:i2402085,7.55195
u0018366:i2473602,7.55195
u0018366:i2562232,7.55195
u0018366:i2692904,7.55195
u0018366:i2752688,7.55195
u0018366:i2788710,7.55195
u0018366:i2872718,7.55195
u0018366:i2908856,7.55195
u0018366:i2910814,7.55195
u0018366:i2911666,7.55195
u0018366:i3534602,7.55195
u0018373:i0071464,0
u0018373:i0072933,0
u0018373:i0085486,0
u0018373:i0093870,6.74234
u0018373:i0100502,6.42384
u0018373:i0107290,6.46707
u0018373:i0107978,5.719
u0018373:i0109830,6.11311
u0018373:i0119094,5.7306
u0018373:i0137523,6.20126
u0018373:i0164052,3.15676
u0018373:i0177967,0
u0018373:i0328828,6.38913
u0018373:i1111833,3.75454
u0018373:i1826550,3.80348
u0018373:i2126355,7.09661
u0018373:i3214002,5.16827
u0018373:i3450650,6.30068
u0018373:i3472226,6.94165
u0018373:i4382552,6.50729
u0018374:i0112740,7.63478
u0018374:i0406816,7.63478
u0018374:i2493486,7.63478
u0018374:i2509850,7.63478
u0018374:i2582846,7.63478
u0018374:i2908446,7.63478
u0018384:i0036775,7.36756
u0018384:i0040522,7.36756
u0018384:i0040746,7.36756
u0018384:i0043014,7.36756
u0018384:i0047296,7.36756
u0018384:i0047396,7.36756
u0018384:i0049406,7.36756
u0018384:i0050825,7.36756
u0018384:i0054698,7.36756
u0018384:i0060196,7.36756
u0018384:i0064115,7.36756
u0018384:i0064665,7.36756
u0018384:i0066921,7.36756
u0018384:i0068646,7.36756
u0018384:i0069762,7.36756
u0018384:i0071315,7.36756
u0018384:i0071562,7.36756
u0018384:i0072684,7.36756
u0018384:i0075314,7.36756
u0018384:i0078788,7.36756
u0018384:i0079116,7.36756
u0018384:i0080678,7.36756
u0018384:i0082934,7.36756
u0018384:i0083658,7.36756
u0018384:i0084855,7.36756
u0018384:i0093058,7.36756
u0018384:i0096283,7.36756
u0018384:i0102926,7.36756
u0018384:i0104691,7.36756
u0018384:i0104952,7.36756
u0018384:i0106489,7.36756
u0018384:i0107207,7.36756
u0018384:i0107943,7.36756
u0018384:i0110932,7.36756
u0018384:i0111161,7.36756
u0018384:i0112471,7.36756
u0018384:i0113247,7.36756
u0018384:i0117381,7.36756
u0018384:i0118760,7.36756
u0018384:i0118799,7.36756
u0018384:i0175880,7.36756
u0018384:i0237572,7.36756
u0018384:i0257360,7.36756
u0018384:i0317740,7.36756
u0018384:i0352248,7.36756
u0018384:i0369339,7.36756
u0018384:i0377107,7.36756
u0018384:i0446755,7.36756
u0018384:i0758752,7.36756
u0018384:i0783233,7.36756
u0018384:i0816692,7.36756
u0018384:i0825232,7.36756
u0018384:i0887883,7.36756
u0018384:i0926762,7.36756
u0018384:i0947798,7.36756
u0018384:i1019452,7.36756
u0018384:i1063669,7.36756
u0018384:i1219289,7.36756
u0018384:i1392190,7.36756
u0018384:i1798684,7.36756
u0018384:i1872194,7.36756
u0018384:i1937149,7.36756
u0018384:i2245084,7.36756
u0018384:i2316411,7.36756
u0018384:i2561572,7.36756
u0018384:i2562232,7.36756
u0018384:i2582802,7.36756
u0018384:i2692904,7.36756
u0018384:i2718492,7.36756
u0018384:i2991224,7.36756
u0018390:i0451079,4.38996
u0018390:i0472033,5.60362
u0018390:i0480242,5.71606
u0018390:i0787474,7.20668
u0018390:i1109624,7.11346
u0018390:i1426329,6.45714
u0018390:i1462758,6.34069
u0018390:i1482459,5.75879
u0018390:i1567437,7.33218
u0018390:i1879032,3.6289
u0018390:i1932718,6.70485
u0018390:i1935179,6.2045
u0018390:i2015381,6.89109
u0018390:i2053463,6.84313
u0018390:i2084970,7.06141
u0018390:i2109248,7.00549
u0018390:i2179136,7.17272
u0018390:i2262227,7.16669
u0018390:i2267998,7.01239
u0018390:i2395427,7.08711
u0018390:i2637276,6.68012
u0018390:i2713180,7.16421
u0018390:i2870708,7.18285
u0018390:i2872718,7.19044
u0018390:i2980592,6.95675
u0018397:i1392190,7.60697
u0018397:i1661199,7.60697
u0018397:i2126355,7.60697
u0018397:i2179136,7.60697
u0018397:i2713180,7.60697
u0018402:i0433362,5.46166
u0018402:i0478970,6.90254
u0018402:i0790724,7.03682
u0018402:i0831387,6.77592
u0018402:i1298650,6.62078
u0018402:i1605717,7.06606
u0018402:i1615147,6.40504
u0018402:i1881002,7.03059
u0018402:i2326612,7.15357
u0018402:i2382396,6.91997
u0018402:i2883512,7.14847
u0018402:i2980516,7.07143
u0018412:i0369610,6.88992
u0018412:i1600196,6.88992
u0018412:i2381249,6.88992
u0018419:i0369610,7.04048
u0018419:i0816711,6.63372
u0018419:i0840361,6.34661
u0018419:i0892769,6.6883
u0018419:i0993846,6.85422
u0018419:i1121096,7.06104
u0018419:i1136608,6.01757
u0018419:i1259521,5.31786
u0018419:i1267297,6.66218
u0018419:i1340138,7.03217
u0018419:i1392190,6.96627
u0018419:i1392214,6.32715
u0018419:i1600196,7.04348
u0018419:i1800741,4.24701
u0018419:i1823672,7.1048
u0018419:i1853739,5.55121
u0018419:i1872181,6.86703
u0018419:i1921149,6.93114
u0018419:i2088003,6.38847
u0018419:i2126355,7.11886
u0018419:i2231253,7.14344
u0018419:i2267998,7.02966
u0018419:i2275946,7.0766
u0018419:i2293640,7.05155
u0018419:i2333784,7.2465
u0018419:i2395427,7.09478
u0018419:i2401097,6.96723
u0018419:i2446042,7.14508
u0018419:i2452200,6.66474
u0018419:i2515034,6.93534
u0018419:i2614684,6.90801
u0018419:i2626350,6.03455
u0018419:i2713180,7.18204
u0018419:i2788710,7.19056
u0018419:i2802144,7.06446
u0018419:i2820852,7.02407
u0018419:i2911666,7.22031
u0018419:i2923316,7.05399
u0018419:i2975578,6.30267
u0018419:i2994190,6.88246
u0018419:i3007512,7.09412
u0018419:i3079380,6.87038
u0018419:i3195644,6.88954
u0018419:i3297330,6.68619
u0018419:i3450650,6.40569
u0018419:i3713166,6.76113
u0018442:i0062376,7.34789
u0018442:i0369610,7.34789
u0018442:i0455944,7.34789
u0018442:i1086772,7.34789
u0018442:i1219289,7.34789
u0018442:i1412386,7.34789
u0018442:i1646971,7.34789
u0018442:i1715876,7.34789
u0018442:i1964418,7.34789
u0018442:i2096673,7.34789
u0018442:i2245084,7.34789
u0018442:i2395427,7.34789
u0018442:i3203616,7.34789
u0018455:i0314067,0
u0018455:i1020072,7.32687
u0018455:i1047494,0
u0018455:i1617661,7.14011
u0018455:i2113075,3.52266
u0018455:i2119463,0
u0018455:i2396566,6.21761
u0018455:i2777858,0
u0018455:i2883434,6.26128
u0018455:i2977090,3.96299
u0018455:i3104818,5.42954
u0018455:i3399916,0
u0018492:i1457767,8.30228
u0018492:i2101569,8.30228
u0018492:i2581244,8.30228
u0018515:i2561572,5.92126
u0018515:i2562232,5.92126
u0018515:i2980516,5.92126
u0018524:i0407887,5.96165
u0018524:i0482571,5.50942
u0018524:i0816692,6.78439
u0018524:i1345836,5.2038
u0018524:i1392190,6.97216
u0018524:i2305051,7.25982
u0018524:i2395427,7.10247
u0018524:i2713180,7.1999
u0018524:i2820852,7.03332
u0018524:i2980516,7.08086
u0018551:i0100054,8.07587
u0018551:i0130827,8.07587
u0018551:i0272207,8.07587
u0018551:i0276751,8.07587
u0018551:i0455944,8.07587
u0018551:i0816692,8.07587
u0018551:i0910885,8.07587
u0018551:i1046947,8.07587
u0018551:i1100089,8.07587
u0018551:i1126590,8.07587
u0018551:i1179031,8.07587
u0018551:i1210042,8.07587
u0018551:i1371150,8.07587
u0018551:i1540133,8.07587
u0018551:i1631867,8.07587
u0018551:i1726592,8.07587
u0018551:i1772264,8.07587
u0018551:i1791528,8.07587
u0018551:i1798243,8.07587
u0018551:i1809398,8.07587
u0018551:i1872194,8.07587
u0018551:i2034031,8.07587
u0018551:i2039393,8.07587
u0018551:i2055765,8.07587
u0018551:i2084970,8.07587
u0018551:i2096672,8.07587
u0018551:i2130270,8.07587
u0018551:i2167266,8.07587
u0018551:i2170439,8.07587
u0018551:i2170593,8.07587
u0018551:i2179136,8.07587
u0018551:i2234003,8.07587
u0018551:i2267998,8.07587
u0018551:i2305051,8.07587
u0018551:i2446042,8.07587
u0018551:i2562232,8.07587
u0018551:i2582802,8.07587
u0018551:i2667918,8.07587
u0018551:i2693664,8.07587
u0018551:i2713180,8.07587
u0018551:i2784678,8.07587
u0018551:i2785032,8.07587
u0018551:i2788710,8.07587
u0018551:i2870708,8.07587
u0018551:i2870756,8.07587
u0018551:i2872718,8.07587
u0018551:i2908856,8.07587
u0018551:i2908924,8.07587
u0018551:i2911666,8.07587
u0018551:i2937898,8.07587
u0018551:i2965412,8.07587
u0018551:i2980516,8.07587
u0018551:i3316960,8.07587
u0018557:i0884732,6.97406
u0018557:i1100089,7.15486
u0018557:i1617661,7.16432
u0018557:i1638002,6.54497
u0018557:i1698652,6.34684
u0018557:i1951216,5.36772
u0018557:i2034031,6.99503
u0018557:i2139555,6.96353
u0018557:i2235108,7.15511
u0018557:i2273657,6.55738
u0018557:i2278388,6.89093
u0018557:i2395427,7.11016
u0018557:i2486678,4.79956
u0018557:i2561572,6.97165
u0018557:i2652092,7.28502
u0018557:i2802144,7.07113
u0018557:i2908446,6.88582
u0018557:i2965412,6.91368
u0018557:i2967224,6.46554
u0018557:i3045616,6.78242
u0018557:i3179568,7.13037
u0018557:i3263996,3.71631
u0018557:i3318750,6.98374
u0018557:i4170436,5.85219
u0018622:i0100157,6.87721
u0018622:i0455944,7.04509
u0018622:i1872194,7.25945
u0018622:i2170439,7.07211
u0018622:i2802144,7.07781
u0018628:i1020072,7.99504
u0018628:i1100089,7.99504
u0018628:i1809398,7.99504
u0018628:i2872718,7.99504
u0018628:i2980516,7.99504
u0018628:i3011894,7.99504
u0018628:i4044364,7.99504
u0018639:i0056592,6.62546
u0018639:i0075005,6.62546
u0018639:i0083791,6.62546
u0018639:i0369610,6.62546
u0018639:i0421073,6.62546
u0018639:i0469641,6.62546
u0018639:i0486822,6.62546
u0018639:i0804452,6.62546
u0018639:i0814255,6.62546
u0018639:i0905372,6.62546
u0018639:i1014763,6.62546
u0018639:i1029360,6.62546
u0018639:i1121096,6.62546
u0018639:i1197624,6.62546
u0018639:i1231587,6.62546
u0018639:i1291150,6.62546
u0018639:i1340138,6.62546
u0018639:i1345836,6.62546
u0018639:i1392190,6.62546
u0018639:i1502712,6.62546
u0018639:i1528100,6.62546
u0018639:i1549920,6.62546
u0018639:i1559547,6.62546
u0018639:i1646987,6.62546
u0018639:i1705952,6.62546
u0018639:i1798684,6.62546
u0018639:i1823672,6.62546
u0018639:i1837709,6.62546
u0018639:i2126355,6.62546
u0018639:i2183034,6.62546
u0018639:i2245084,6.62546
u0018639:i2310332,6.62546
u0018639:i2325977,6.62546
u0018639:i2358925,6.62546
u0018639:i2381249,6.62546
u0018639:i2395427,6.62546
u0018639:i2561572,6.62546
u0018639:i2637276,6.62546
u0018639:i2637294,6.62546
u0018639:i2713180,6.62546
u0018639:i2802144,6.62546
u0018639:i2908446,6.62546
u0018639:i2911666,6.62546
u0018639:i3195644,6.62546
u0018655:i0121766,5.81758
u0018655:i0816692,6.79422
u0018655:i1100089,7.18042
u0018655:i2872718,7.20226
u0018674:i0116151,0
u0018674:i0265086,6.05732
u0018674:i1601913,5.59782
u0018674:i2752688,6.99192
u0018674:i2991224,6.45922
u0018708:i0185014,7.89127
u0018708:i0396171,7.89127
u0018708:i0437405,7.89127
u0018708:i0802948,7.89127
u0018708:i1226240,7.89127
u0018708:i1809398,7.89127
u0018708:i2017038,7.89127
u0018708:i2273657,7.89127
u0018708:i2278388,7.89127
u0018708:i2582802,7.89127
u0018708:i2758880,7.89127
u0018708:i3181822,7.89127
u0018711:i1638355,7.64996
u0018711:i1798684,7.64996
u0018711:i2096673,7.64996
u0018711:i2381249,7.64996
u0018711:i4840206,7.64996
u0018733:i2381249,7.92598
u0018733:i2562232,7.92598
u0018733:i2937898,7.92598
u0018743:i0084516,7.385
u0018743:i1800241,7.385
u0018743:i2024432,7.385
u0018745:i0120382,6.00842
u0018745:i0338013,5.91661
u0018745:i1570728,6.26963
u0018748:i1617661,7.2633
u0018748:i2245084,7.2633
u0018748:i2802144,7.2633
u0018771:i0091225,5.68983
u0018771:i0105471,0
u0018771:i0107079,0
u0018771:i0169547,6.42529
u0018771:i0458481,6.95231
u0018771:i0965440,0
u0018771:i1216491,7.08745
u0018771:i1790864,6.90512
u0018771:i2039393,7.14484
u0018771:i2055709,3.11335
u0018771:i2179136,7.18044
u0018771:i2205401,6.50625
u0018771:i2609758,0
u0018771:i2784678,7.02174
u0018771:i2802144,7.08449
u0018771:i2820852,7.04259
u0018771:i3316960,7.12461
u0018786:i0443706,7.67
u0018786:i0816711,7.67
u0018786:i1392190,7.67
u0018786:i1821480,7.67
u0018786:i1841642,7.67
u0018786:i2381249,7.67
u0018786:i3038664,7.67
u0018786:i3282220,7.67
u0018786:i4415016,7.67
u0018792:i0086984,7.67
u0018792:i0088763,7.67
u0018792:i0102536,7.67
u0018792:i0106453,7.67
u0018792:i0107688,7.67
u0018792:i0110322,7.67
u0018792:i0112722,7.67
u0018792:i0113409,7.67
u0018792:i0114852,7.67
u0018792:i0115736,7.67
u0018792:i0119177,7.67
u0018792:i0126886,7.67
u0018792:i0139809,7.67
u0018792:i0180093,7.67
u0018792:i0185937,7.67
u0018792:i0219699,7.67
u0018792:i0245574,7.67
u0018792:i0257756,7.67
u0018792:i0272020,7.67
u0018792:i0274812,7.67
u0018792:i0340855,7.67
u0018792:i0381849,7.67
u0018792:i0405296,7.67
u0018792:i0410297,7.67
u0018792:i0452694,7.67
u0018792:i0470752,7.67
u0018792:i0477348,7.67
u0018792:i0780536,7.67
u0018792:i0816692,7.67
u0018792:i0884732,7.67
u0018792:i0926129,7.67
u0018792:i0964539,7.67
u0018792:i1020530,7.67
u0018792:i1020558,7.67
u0018792:i1060277,7.67
u0018792:i1109624,7.67
u0018792:i1126618,7.67
u0018792:i1135985,7.67
u0018792:i1139328,7.67
u0018792:i1213648,7.67
u0018792:i1418754,7.67
u0018792:i1528100,7.67
u0018792:i1535108,7.67
u0018792:i1549572,7.67
u0018792:i1567437,7.67
u0018792:i1617661,7.67
u0018792:i1621045,7.67
u0018792:i1638002,7.67
u0018792:i1661199,7.67
u0018792:i1666801,7.67
u0018792:i1698641,7.67
u0018792:i1716772,7.67
u0018792:i1723811,7.67
u0018792:i1727388,7.67
u0018792:i1766094,7.67
u0018792:i1872194,7.67
u0018792:i1911658,7.67
u0018792:i1951265,7.67
u0018792:i1967545,7.67
u0018792:i2034031,7.67
u0018792:i2096672,7.67
u0018792:i2111392,7.67
u0018792:i2170439,7.67
u0018792:i2170593,7.67
u0018792:i2180411,7.67
u0018792:i2190838,7.67
u0018792:i2199571,7.67
u0018792:i2224026,7.67
u0018792:i2231253,7.67
u0018792:i2238050,7.67
u0018792:i2245084,7.67
u0018792:i2321341,7.67
u0018792:i2381941,7.67
u0018792:i2395427,7.67
u0018792:i2404311,7.67
u0018792:i2404461,7.67
u0018792:i2446042,7.67
u0018792:i2562232,7.67
u0018792:i2626350,7.67
u0018792:i2692250,7.67
u0018792:i2713180,7.67
u0018792:i2785032,7.67
u0018792:i2820852,7.67
u0018792:i2872718,7.67
u0018792:i2908446,7.67
u0018792:i2911666,7.67
u0018792:i2994190,7.67
u0018792:i3007512,7.67
u0018792:i3097204,7.67
u0018792:i3177316,7.67
u0018792:i3181822,7.67
u0018792:i3203616,7.67
u0018792:i3235888,7.67
u0018792:i3450650,7.67
u0018792:i3713166,7.67
u0018820:i0914798,5.82605
u0018820:i1392190,6.97806
u0018820:i1935179,6.41131
u0018820:i4877114,2.63079
u0018836:i0369610,7.91429
u0018836:i0478970,7.91429
u0018836:i1340138,7.91429
u0018836:i1502712,7.91429
u0018836:i2381249,7.91429
u0018836:i3079380,7.91429
u0018850:i0051418,7.50908
u0018850:i0091499,7.50908
u0018850:i0369610,7.50908
u0018850:i0478970,7.50908
u0018850:i1126590,7.50908
u0018850:i1204977,7.50908
u0018850:i1430132,7.50908
u0018850:i1610996,7.50908
u0018850:i1649443,7.50908
u0018850:i2096673,7.50908
u0018850:i2321549,7.50908
u0018850:i2326554,7.50908
u0018850:i2395427,7.50908
u0018850:i2527186,7.50908
u0018850:i2784512,7.50908
u0018850:i3235888,7.50908
u0018850:i3715406,7.50908
u0018866:i1086772,7.60697
u0018866:i1253863,7.60697
u0018866:i1291150,7.60697
u0018866:i1300854,7.60697
u0018866:i1408101,7.60697
u0018866:i2244901,7.60697
u0018866:i2557490,7.60697
u0018866:i3097204,7.60697
u0018878:i0072890,7.26667
u0018878:i0396171,7.26667
u0018878:i0470752,7.26667
u0018878:i1020072,7.26667
u0018878:i1133985,7.26667
u0018878:i1355630,7.26667
u0018878:i1392190,7.26667
u0018878:i1430132,7.26667
u0018878:i2179136,7.26667
u0018878:i2381941,7.26667
u0018878:i2395427,7.26667
u0018878:i2582802,7.26667
u0018878:i2937898,7.26667
u0018879:i0369610,6.76931
u0018879:i0455944,6.76931
u0018879:i0478970,6.76931
u0018879:i1371150,6.76931
u0018879:i1398426,6.76931
u0018879:i2179136,6.76931
u0018879:i2205697,6.76931
u0018879:i2333784,6.76931
u0018879:i2802144,6.76931
u0018879:i3203616,6.76931
u0018887:i2084970,7.06873
u0018887:i2179136,7.18817
u0018887:i2446042,7.16471
u0018887:i2980516,7.0903
u0018903:i0024216,7.98757
u0018903:i0049782,7.98757
u0018903:i0293662,7.98757
u0018914:i0884732,7.01685
u0018914:i2247476,6.9034
u0018914:i2381941,7.09969
u0018936:i0112471,7.72229
u0018936:i0289879,7.72229
u0018936:i0391304,7.72229
u0018936:i0816692,7.72229
u0018936:i2395427,7.72229
u0018936:i2918436,7.72229
u0018955:i0078748,6.43424
u0018955:i0079501,7.07686
u0018955:i0082694,7.03011
u0018955:i0082971,6.93606
u0018955:i0087469,6.36894
u0018955:i0090605,6.12664
u0018955:i0097576,6.70365
u0018955:i0103644,6.17342
u0018955:i0112818,6.24745
u0018955:i0118583,5.35627
u0018955:i0142342,4.89149
u0018955:i0145046,0
u0018955:i0243655,6.73687
u0018955:i0364045,6.6438
u0018955:i0367882,6.16567
u0018955:i0377091,0
u0018955:i0390384,6.0172
u0018955:i0456554,6.29663
u0018955:i0462504,5.9282
u0018955:i0470752,7.06121
u0018955:i1396557,0
u0018955:i1446714,6.9895
u0018955:i1512235,6.21577
u0018955:i1726592,7.06436
u0018955:i1823672,7.12017
u0018955:i1853739,5.84338
u0018955:i2048688,0
u0018955:i2051879,6.47507
u0018955:i2120120,6.70313
u0018955:i2273657,6.62105
u0018955:i2326554,6.66502
u0018955:i2395427,7.11787
u0018955:i2561572,7.0025
u0018955:i2751310,5.66005
u0018955:i3079380,6.8869
u0018955:i4178092,6.67868
u0018962:i0034583,7.89127
u0018962:i0055928,7.89127
u0018962:i0056193,7.89127
u0018962:i0057076,7.89127
u0018962:i0058150,7.89127
u0018962:i0059800,7.89127
u0018962:i0062512,7.89127
u0018962:i0064116,7.89127
u0018962:i0066921,7.89127
u0018962:i0066995,7.89127
u0018962:i0071853,7.89127
u0018962:i0079470,7.89127
u0018962:i0079501,7.89127
u0018962:i0081505,7.89127
u0018962:i0082694,7.89127
u0018962:i0083658,7.89127
u0018962:i0088247,7.89127
u0018962:i0089530,7.89127
u0018962:i0093058,7.89127
u0018962:i0103064,7.89127
u0018962:i0105665,7.89127
u0018962:i0107290,7.89127
u0018962:i0108550,7.89127
u0018962:i0110413,7.89127
u0018962:i0117060,7.89127
u0018962:i0118749,7.89127
u0018962:i0118884,7.89127
u0018962:i0119567,7.89127
u0018962:i0120201,7.89127
u0018962:i0120755,7.89127
u0018962:i0134119,7.89127
u0018962:i0155267,7.89127
u0018962:i0163025,7.89127
u0018962:i0163978,7.89127
u0018962:i0169547,7.89127
u0018962:i0181852,7.89127
u0018962:i0243655,7.89127
u0018962:i0317919,7.89127
u0018962:i0369610,7.89127
u0018962:i0427944,7.89127
u0018962:i0432283,7.89127
u0018962:i0438488,7.89127
u0018962:i0449059,7.89127
u0018962:i0449061,7.89127
u0018962:i0455944,7.89127
u0018962:i0470752,7.89127
u0018962:i0884732,7.89127
u0018962:i1109624,7.89127
u0018962:i1130884,7.89127
u0018962:i1156398,7.89127
u0018962:i1188729,7.89127
u0018962:i1229238,7.89127
u0018962:i1340138,7.89127
u0018962:i1392190,7.89127
u0018962:i1617661,7.89127
u0018962:i1638355,7.89127
u0018962:i1748122,7.89127
u0018962:i1791528,7.89127
u0018962:i1798684,7.89127
u0018962:i1821641,7.89127
u0018962:i1826660,7.89127
u0018962:i1853728,7.89127
u0018962:i1915581,7.89127
u0018962:i2084970,7.89127
u0018962:i2170439,7.89127
u0018962:i2262227,7.89127
u0018962:i2268016,7.89127
u0018962:i2305051,7.89127
u0018962:i2310332,7.89127
u0018962:i2381249,7.89127
u0018962:i2395427,7.89127
u0018962:i2562232,7.89127
u0018962:i2637276,7.89127
u0018962:i2637294,7.89127
u0018962:i2802144,7.89127
u0018962:i2980516,7.89127
u0018962:i3079380,7.89127
u0018962:i3136646,7.89127
u0018962:i3316948,7.89127
u0018962:i3316960,7.89127
u0018962:i3416742,7.89127
u0018984:i0470752,7.07341
u0018984:i1189073,5.94521
u0018984:i1243974,6.84265
u0018984:i1392190,6.98395
u0018984:i1655441,6.8841
u0018984:i1726592,7.12579
u0018984:i1778931,5.14882
u0018984:i1798709,6.76472
u0018984:i1810683,6.74602
u0018984:i1861445,0
u0018984:i2095649,6.18896
u0018984:i2097298,6.51223
u0018984:i2130270,6.06626
u0018984:i2199571,6.96416
u0018984:i2325977,6.12827
u0018984:i2358925,6.89661
u0018984:i2376218,6.58899
u0018984:i2381941,7.1126
u0018984:i2404425,6.93709
u0018984:i2452200,6.82729
u0018984:i2459156,6.80736
u0018984:i2481512,3.86096
u0018984:i2624412,6.51647
u0018984:i2718492,6.83209
u0018984:i2802144,7.09118
u0018984:i2883434,6.57435
u0018984:i2917388,7.01211
u0018984:i2933544,6.45239
u0018984:i2950052,2.83258
u0018984:i2950236,0
u0018984:i3007512,7.13712
u0018984:i3233418,7.01039
u0018984:i3247714,6.87879
u0018984:i3297330,6.89514
u0018984:i3503840,4.44442
u0018984:i3687398,5.70566
u0018984:i3793788,4.8079
u0018984:i3813310,6.15054
u0018984:i4229236,6.49608
u0018984:i4442130,3.75454
u0018997:i0989757,7.31099
u0018997:i1528071,7.31099
u0018997:i1659337,7.31099
u0018997:i2987732,7.31099
u0019001:i0080319,7.39347
u0019001:i0095016,7.39347
u0019001:i0096118,7.39347
u0019001:i0097757,7.39347
u0019001:i0099785,7.39347
u0019001:i0104431,7.39347
u0019001:i0105414,7.39347
u0019001:i0106246,7.39347
u0019001:i0106977,7.39347
u0019001:i0107614,7.39347
u0019001:i0107688,7.39347
u0019001:i0109506,7.39347
u0019001:i0110167,7.39347
u0019001:i0110955,7.39347
u0019001:i0113957,7.39347
u0019001:i0114436,7.39347
u0019001:i0114508,7.39347
u0019001:i0115710,7.39347
u0019001:i0115736,7.39347
u0019001:i0115963,7.39347
u0019001:i0116040,7.39347
u0019001:i0116253,7.39347
u0019001:i0116367,7.39347
u0019001:i0116705,7.39347
u0019001:i0117509,7.39347
u0019001:i0117705,7.39347
u0019001:i0118715,7.39347
u0019001:i0119137,7.39347
u0019001:i0119215,7.39347
u0019001:i0119217,7.39347
u0019001:i0119303,7.39347
u0019001:i0119891,7.39347
u0019001:i0126886,7.39347
u0019001:i0145487,7.39347
u0019001:i0149261,7.39347
u0019001:i0164912,7.39347
u0019001:i0167190,7.39347
u0019001:i0170016,7.39347
u0019001:i0173716,7.39347
u0019001:i0177789,7.39347
u0019001:i0208874,7.39347
u0019001:i0242587,7.39347
u0019001:i0247745,7.39347
u0019001:i0257076,7.39347
u0019001:i0258463,7.39347
u0019001:i0271668,7.39347
u0019001:i0272152,7.39347
u0019001:i0282163,7.39347
u0019001:i0283632,7.39347
u0019001:i0289765,7.39347
u0019001:i0307453,7.39347
u0019001:i0316732,7.39347
u0019001:i0318497,7.39347
u0019001:i0319262,7.39347
u0019001:i0319343,7.39347
u0019001:i0327597,7.39347
u0019001:i0328880,7.39347
u0019001:i0338348,7.39347
u0019001:i0351283,7.39347
u0019001:i0360717,7.39347
u0019001:i0361748,7.39347
u0019001:i0365907,7.39347
u0019001:i0366548,7.39347
u0019001:i0367959,7.39347
u0019001:i0369226,7.39347
u0019001:i0369610,7.39347
u0019001:i0377981,7.39347
u0019001:i0385880,7.39347
u0019001:i0396555,7.39347
u0019001:i0397065,7.39347
u0019001:i0401855,7.39347
u0019001:i0417148,7.39347
u0019001:i0419706,7.39347
u0019001:i0434409,7.39347
u0019001:i0453467,7.39347
u0019001:i0454082,7.39347
u0019001:i0466766,7.39347
u0019001:i0470000,7.39347
u0019001:i0470752,7.39347
u0019001:i0476958,7.39347
u0019001:i0482599,7.39347
u0019001:i0758752,7.39347
u0019001:i0772193,7.39347
u0019001:i0805564,7.39347
u0019001:i0806147,7.39347
u0019001:i0831884,7.39347
u0019001:i0912583,7.39347
u0019001:i0970416,7.39347
u0019001:i1029360,7.39347
u0019001:i1053859,7.39347
u0019001:i1059786,7.39347
u0019001:i1067106,7.39347
u0019001:i1068678,7.39347
u0019001:i1136608,7.39347
u0019001:i1179034,7.39347
u0019001:i1198156,7.39347
u0019001:i1213644,7.39347
u0019001:i1221208,7.39347
u0019001:i1224436,7.39347
u0019001:i1226753,7.39347
u0019001:i1333125,7.39347
u0019001:i1343092,7.39347
u0019001:i1375666,7.39347
u0019001:i1441395,7.39347
u0019001:i1524930,7.39347
u0019001:i1567437,7.39347
u0019001:i1578275,7.39347
u0019001:i1663207,7.39347
u0019001:i1726592,7.39347
u0019001:i1781922,7.39347
u0019001:i1907668,7.39347
u0019001:i2096673,7.39347
u0019001:i2126355,7.39347
u0019001:i2172584,7.39347
u0019001:i2179136,7.39347
u0019001:i2180994,7.39347
u0019001:i2245084,7.39347
u0019001:i2300975,7.39347
u0019001:i2316411,7.39347
u0019001:i2321549,7.39347
u0019001:i2326612,7.39347
u0019001:i2334649,7.39347
u0019001:i2368553,7.39347
u0019001:i2381249,7.39347
u0019001:i2381941,7.39347
u0019001:i2403558,7.39347
u0019001:i2417650,7.39347
u0019001:i2467046,7.39347
u0019001:i2505294,7.39347
u0019001:i2561546,7.39347
u0019001:i2679042,7.39347
u0019001:i2692904,7.39347
u0019001:i2752772,7.39347
u0019001:i2793490,7.39347
u0019001:i2802136,7.39347
u0019001:i2848292,7.39347
u0019001:i2910814,7.39347
u0019001:i2911666,7.39347
u0019001:i2918436,7.39347
u0019001:i2967224,7.39347
u0019001:i2996684,7.39347
u0019001:i3079380,7.39347
u0019001:i3138558,7.39347
u0019001:i3195644,7.39347
u0019001:i3235888,7.39347
u0019001:i3316948,7.39347
u0019001:i3316960,7.39347
u0019001:i3442006,7.39347
u0019001:i3713166,7.39347
u0019001:i4178092,7.39347
u0019002:i0114369,5.42843
u0019002:i0169547,6.53802
u0019002:i0317740,6.54207
u0019002:i1232829,6.80714
u0019002:i1392190,6.98986
u0019002:i1798684,6.85333
u0019002:i1823672,7.13559
u0019002:i2084970,7.07605
u0019023:i0816692,7.35033
u0019023:i2084970,7.35033
u0019023:i2180411,7.35033
u0019023:i2911666,7.35033
u0019023:i3480796,7.35033
u0019025:i0070047,7.67
u0019025:i0369610,7.67
u0019025:i1029360,7.67
u0019025:i1204977,7.67
u0019025:i1528071,7.67
u0019025:i2310332,7.67
u0019025:i2820852,7.67
u0019025:i3450650,7.67
u0019027:i0093748,7.34963
u0019027:i0095953,7.34963
u0019027:i0102926,7.34963
u0019027:i0104952,7.34963
u0019027:i0108052,7.34963
u0019027:i0111257,7.34963
u0019027:i0118799,7.34963
u0019027:i0245090,7.34963
u0019027:i0252480,7.34963
u0019027:i0253474,7.34963
u0019027:i0280653,7.34963
u0019027:i0369610,7.34963
u0019027:i0816692,7.34963
u0019027:i0831387,7.34963
u0019027:i0914798,7.34963
u0019027:i0985699,7.34963
u0019027:i1034303,7.34963
u0019027:i1065073,7.34963
u0019027:i1504320,7.34963
u0019027:i1661199,7.34963
u0019027:i1728620,7.34963
u0019027:i1823664,7.34963
u0019027:i1911658,7.34963
u0019027:i1951265,7.34963
u0019027:i2039345,7.34963
u0019027:i2048824,7.34963
u0019027:i2077886,7.34963
u0019027:i2084970,7.34963
u0019027:i2096673,7.34963
u0019027:i2170593,7.34963
u0019027:i2180411,7.34963
u0019027:i2234155,7.34963
u0019027:i2395427,7.34963
u0019027:i2404425,7.34963
u0019027:i2467046,7.34963
u0019027:i2555736,7.34963
u0019027:i2582802,7.34963
u0019027:i2614684,7.34963
u0019027:i2692250,7.34963
u0019027:i2771372,7.34963
u0019027:i2872732,7.34963
u0019027:i2980516,7.34963
u0019027:i2980648,7.34963
u0019027:i3168230,7.34963
u0019032:i0455944,7.4582
u0019032:i0787474,7.4582
u0019032:i0816692,7.4582
u0019032:i0986233,7.4582
u0019032:i1206543,7.4582
u0019032:i1219289,7.4582
u0019032:i1243974,7.4582
u0019032:i1600196,7.4582
u0019032:i1637725,7.4582
u0019032:i1714206,7.4582
u0019032:i1872194,7.4582
u0019032:i2024544,7.4582
u0019032:i2245084,7.4582
u0019032:i2381941,7.4582
u0019032:i2562232,7.4582
u0019032:i2582802,7.4582
u0019032:i2637276,7.4582
u0019032:i2713180,7.4582
u0019032:i2872718,7.4582
u0019034:i1029360,7.89127
u0019034:i2088003,7.89127
u0019034:i2397535,7.89127
u0019034:i2788710,7.89127
u0019062:i0119217,7.67
u0019062:i0251160,7.67
u0019062:i1798684,7.67
u0019090:i0045152,6.08281
u0019090:i0247586,6.85803
u0019090:i0398883,4.4702
u0019090:i0414993,5.85872
u0019090:i1020072,7.35873
u0019090:i2125608,6.14021
u0019090:i2991224,6.6492
u0019090:i3674140,7.15822
u0019108:i0041386,0
u0019108:i0050083,6.08207
u0019108:i0057012,6.14286
u0019108:i0066921,6.10418
u0019108:i0070849,3.81635
u0019108:i0074958,6.96942
u0019108:i0087182,6.70451
u0019108:i0090636,0
u0019108:i0110912,5.99003
u0019108:i0449467,5.73372
u0019108:i0947798,5.8999
u0019108:i0993846,6.92077
u0019108:i1045658,6.88622
u0019108:i1136608,6.1895
u0019108:i1305806,5.98906
u0019108:i1392190,6.99577
u0019108:i1483013,6.49597
u0019108:i1535108,6.57394
u0019108:i1823672,7.15103
u0019108:i2042568,6.84976
u0019108:i2278871,6.59038
u0019108:i2316411,6.95399
u0019108:i2562232,7.10713
u0019114:i0375063,9.03478
u0019114:i0499603,9.03478
u0019114:i1172233,9.03478
u0019114:i1226236,9.03478
u0019114:i1618447,9.03478
u0019114:i2267998,9.03478
u0019114:i3983266,9.03478
u0019125:i2267998,7.43514
u0019125:i2310332,7.43514
u0019125:i2562232,7.43514
u0019143:i1837709,7.19067
u0019143:i2294629,7.19067
u0019143:i2395427,7.19067
u0019143:i2802144,7.19067
u0019144:i0369610,8.09632
u0019144:i1340138,8.09632
u0019144:i1392190,8.09632
u0019144:i1706620,8.09632
u0019144:i1964418,8.09632
u0019144:i2096673,8.09632
u0019144:i2126355,8.09632
u0019144:i2293640,8.09632
u0019144:i2395427,8.09632
u0019162:i0075314,7.42525
u0019162:i0083658,7.42525
u0019162:i0206634,7.42525
u0019162:i0361748,7.42525
u0019162:i0364569,7.42525
u0019162:i0446029,7.42525
u0019162:i0456912,7.42525
u0019162:i0470752,7.42525
u0019162:i0477139,7.42525
u0019162:i0945513,7.42525
u0019162:i1068680,7.42525
u0019162:i1340138,7.42525
u0019162:i1392190,7.42525
u0019162:i1528100,7.42525
u0019162:i1568346,7.42525
u0019162:i1588173,7.42525
u0019162:i1638355,7.42525
u0019162:i1723811,7.42525
u0019162:i1951181,7.42525
u0019162:i2084970,7.42525
u0019162:i2245084,7.42525
u0019162:i2267998,7.42525
u0019162:i2278388,7.42525
u0019162:i2316411,7.42525
u0019162:i2381249,7.42525
u0019162:i2381941,7.42525
u0019162:i2395427,7.42525
u0019162:i2397535,7.42525
u0019162:i2446042,7.42525
u0019162:i2562232,7.42525
u0019162:i2720680,7.42525
u0019162:i2820852,7.42525
u0019162:i2870708,7.42525
u0019162:i2872718,7.42525
u0019162:i3007512,7.42525
u0019178:i0268978,7.53272
u0019178:i0458481,7.53272
u0019178:i0829150,7.53272
u0019178:i1490017,7.53272
u0019178:i2024469,7.53272
u0019178:i2179136,7.53272
u0019178:i2322441,7.53272
u0019178:i2338151,7.53272
u0019178:i2395427,7.53272
u0019178:i2446042,7.53272
u0019178:i2561572,7.53272
u0019178:i2820852,7.53272
u0019178:i3001638,7.53272
u0019182:i0050105,7.60697
u0019182:i0757361,7.60697
u0019182:i1259521,7.60697
u0019182:i1392190,7.60697
u0019182:i1987018,7.60697
u0019182:i2404425,7.60697
u0019182:i2509850,7.60697
u0019182:i2571502,7.60697
u0019182:i2711898,7.60697
u0019182:i2764784,7.60697
u0019182:i2933544,7.60697
u0019182:i3093546,7.60697
u0019182:i3114132,7.60697
u0019182:i3184934,7.60697
u0019182:i3263614,7.60697
u0019182:i3344922,7.60697
u0019182:i3399024,7.60697
u0019182:i3958072,7.60697
u0019182:i4127446,7.60697
u0019188:i0470752,7.92598
u0019188:i1823672,7.92598
u0019188:i2179136,7.92598
u0019188:i2582802,7.92598
u0019188:i2737050,7.92598
u0019188:i2980516,7.92598
u0019188:i3689498,7.92598
u0019190:i0068699,7.80477
u0019190:i1029360,7.80477
u0019190:i1340138,7.80477
u0019190:i1392190,7.80477
u0019190:i2126355,7.80477
u0019190:i2245084,7.80477
u0019190:i2293640,7.80477
u0019190:i2381249,7.80477
u0019190:i2395427,7.80477
u0019190:i2582802,7.80477
u0019200:i0284655,7.34963
u0019200:i2235108,7.34963
u0019200:i2261331,7.34963
u0019200:i2515030,7.34963
u0019200:i2883512,7.34963
u0019216:i0448157,7.97525
u0019216:i0473075,7.97525
u0019216:i0816692,7.97525
u0019216:i1523483,7.97525
u0019242:i1216491,7.64993
u0019242:i1726592,7.64993
u0019242:i2126355,7.64993
u0019242:i2199571,7.64993
u0019242:i2820852,7.64993
u0019242:i3079380,7.64993
u0019266:i0816692,6.37331
u0019266:i1198156,6.37331
u0019266:i1600196,6.37331
u0019266:i2338151,6.37331
u0019266:i2582846,6.37331
u0019266:i2614684,6.37331
u0019266:i2713180,6.37331
u0019267:i0469494,5.92222
u0019267:i1206543,6.93484
u0019267:i1791528,7.17883
u0019278:i0078748,7.41959
u0019278:i0088930,7.41959
u0019278:i0097162,7.41959
u0019278:i0118583,7.41959
u0019278:i0124298,7.41959
u0019278:i0202470,7.41959
u0019278:i0214388,7.41959
u0019278:i0258000,7.41959
u0019278:i0300051,7.41959
u0019278:i0369610,7.41959
u0019278:i0387564,7.41959
u0019278:i0424136,7.41959
u0019278:i0432348,7.41959
u0019278:i0435651,7.41959
u0019278:i0449487,7.41959
u0019278:i0457430,7.41959
u0019278:i0470752,7.41959
u0019278:i0476964,7.41959
u0019278:i0478970,7.41959
u0019278:i0489270,7.41959
u0019278:i0493464,7.41959
u0019278:i0795351,7.41959
u0019278:i0815245,7.41959
u0019278:i0816692,7.41959
u0019278:i0839980,7.41959
u0019278:i0890870,7.41959
u0019278:i0891592,7.41959
u0019278:i0892791,7.41959
u0019278:i0970452,7.41959
u0019278:i0986263,7.41959
u0019278:i1017460,7.41959
u0019278:i1132626,7.41959
u0019278:i1136608,7.41959
u0019278:i1233227,7.41959
u0019278:i1245526,7.41959
u0019278:i1298649,7.41959
u0019278:i1340138,7.41959
u0019278:i1371150,7.41959
u0019278:i1392190,7.41959
u0019278:i1403865,7.41959
u0019278:i1477076,7.41959
u0019278:i1502712,7.41959
u0019278:i1531901,7.41959
u0019278:i1588398,7.41959
u0019278:i1592525,7.41959
u0019278:i1656186,7.41959
u0019278:i1663662,7.41959
u0019278:i1731141,7.41959
u0019278:i1777551,7.41959
u0019278:i1830713,7.41959
u0019278:i1837709,7.41959
u0019278:i1840309,7.41959
u0019278:i1935179,7.41959
u0019278:i2044040,7.41959
u0019278:i2106361,7.41959
u0019278:i2122313,7.41959
u0019278:i2381249,7.41959
u0019278:i2395427,7.41959
u0019278:i2557256,7.41959
u0019278:i2616068,7.41959
u0019278:i2908446,7.41959
u0019278:i3126460,7.41959
u0019278:i3177316,7.41959
u0019278:i3322940,7.41959
u0019278:i3472226,7.41959
u0019278:i3479316,7.41959
u0019278:i3630276,7.41959
u0019278:i3687398,7.41959
u0019278:i3948174,7.41959
u0019278:i4184878,7.41959
u0019278:i4382552,7.41959
u0019300:i2084970,7.08339
u0019300:i2802144,7.09788
u0019300:i2980516,7.09976
u0019314:i0110413,7.59325
u0019314:i0114369,7.59325
u0019314:i0172493,7.59325
u0019314:i0884732,7.59325
u0019314:i1135503,7.59325
u0019314:i1231583,7.59325
u0019314:i1392214,7.59325
u0019314:i1655441,7.59325
u0019314:i1667353,7.59325
u0019314:i1951264,7.59325
u0019314:i1951265,7.59325
u0019314:i2084970,7.59325
u0019314:i2179136,7.59325
u0019314:i2199571,7.59325
u0019314:i2245084,7.59325
u0019314:i2381941,7.59325
u0019314:i2404425,7.59325
u0019314:i2446042,7.59325
u0019314:i2561572,7.59325
u0019314:i2582802,7.59325
u0019314:i2726560,7.59325
u0019314:i2788710,7.59325
u0019314:i2802144,7.59325
u0019314:i2883512,7.59325
u0019314:i2917388,7.59325
u0019314:i2980516,7.59325
u0019314:i3247714,7.59325
u0019314:i3316960,7.59325
u0019318:i0082136,7.89127
u0019318:i0433035,7.89127
u0019318:i1924435,7.89127
u0019318:i2096673,7.89127
u0019318:i2267998,7.89127
u0019318:i2321549,7.89127
u0019318:i2381249,7.89127
u0019321:i0110413,8.14538
u0019321:i0119567,8.14538
u0019321:i0230600,8.14538
u0019321:i1032755,8.14538
u0019321:i1189340,8.14538
u0019321:i1477076,8.14538
u0019321:i1764183,8.14538
u0019321:i2872718,8.14538
u0019329:i0102685,7.92598
u0019329:i0369610,7.92598
u0019329:i0470752,7.92598
u0019329:i0478970,7.92598
u0019329:i1392190,7.92598
u0019329:i1964418,7.92598
u0019329:i2096673,7.92598
u0019329:i2326554,7.92598
u0019329:i3079380,7.92598
u0019341:i0111161,5.81385
u0019341:i0468569,5.76397
u0019341:i0816692,6.80407
u0019341:i0884732,7.05989
u0019341:i1189340,6.5918
u0019341:i1345836,5.31
u0019341:i2004420,7.09099
u0019341:i2084970,7.09073
u0019341:i2096672,7.2168
u0019341:i2582802,7.17383
u0019341:i2802144,7.10458
u0019341:i2872718,7.21411
u0019347:i0095953,7.92598
u0019347:i0114814,7.92598
u0019347:i0278504,7.92598
u0019347:i0309698,7.92598
u0019347:i0477348,7.92598
u0019347:i1798684,7.92598
u0019347:i2120120,7.92598
u0019347:i2179136,7.92598
u0019347:i2267998,7.92598
u0019347:i2395427,7.92598
u0019347:i2561572,7.92598
u0019347:i2562232,7.92598
u0019347:i2582802,7.92598
u0019347:i2820852,7.92598
u0019347:i2980516,7.92598
u0019347:i3079380,7.92598
u0019359:i0015864,5.89209
u0019359:i0021749,6.67752
u0019359:i0027977,6.39318
u0019359:i0044706,5.00956
u0019359:i0048424,0
u0019359:i0049406,6.07168
u0019359:i0050083,6.19265
u0019359:i0050825,6.01147
u0019359:i0052357,6.00706
u0019359:i0053291,5.47351
u0019359:i0054215,5.85016
u0019359:i0057012,6.48413
u0019359:i0060827,5.87829
u0019359:i0061512,6.30072
u0019359:i0062622,7.23667
u0019359:i0064115,6.9241
u0019359:i0066921,6.26482
u0019359:i0068646,5.42987
u0019359:i0070379,5.25274
u0019359:i0070666,4.12863
u0019359:i0070735,6.82487
u0019359:i0071315,7.26043
u0019359:i0071562,5.34676
u0019359:i0072890,5.79634
u0019359:i0073486,6.37264
u0019359:i0075148,6.48507
u0019359:i0075314,6.44255
u0019359:i0076451,0
u0019359:i0077416,4.58923
u0019359:i0078718,4.33325
u0019359:i0081398,6.89205
u0019359:i0081505,6.23001
u0019359:i0084787,3.70138
u0019359:i0085794,4.85126
u0019359:i0086250,5.27447
u0019359:i0086879,5.35371
u0019359:i0088247,6.41472
u0019359:i0088763,5.24932
u0019359:i0093058,6.70433
u0019359:i0096874,3.9939
u0019359:i0099674,4.8124
u0019359:i0099685,6.64314
u0019359:i0102926,6.23989
u0019359:i0103064,6.47266
u0019359:i0105236,6.17254
u0019359:i0105323,5.10069
u0019359:i0105695,5.55565
u0019359:i0107048,6.44248
u0019359:i0109830,6.20716
u0019359:i0110413,5.65865
u0019359:i0110912,6.0933
u0019359:i0111161,5.88563
u0019359:i0113277,6.73593
u0019359:i0114369,5.49156
u0019359:i0114746,6.65732
u0019359:i0114814,6.00175
u0019359:i0116282,6.78803
u0019359:i0118715,6.73944
u0019359:i0118971,6.07388
u0019359:i0119488,6.33702
u0019359:i0120586,6.34685
u0019359:i0120731,5.72657
u0019359:i0137523,6.28506
u0019359:i0144084,5.84045
u0019359:i0167404,6.08392
u0019359:i0180093,6.35148
u0019359:i0190590,6.21872
u0019359:i0195714,5.48829
u0019359:i0208092,6.41534
u0019359:i0209144,6.25623
u0019359:i0246578,6.58592
u0019359:i0253474,5.82141
u0019359:i0264464,6.16133
u0019359:i0317248,6.75626
u0019359:i0338013,6.02825
u0019359:i0352248,6.00347
u0019359:i0358273,6.70177
u0019359:i0361748,6.29181
u0019359:i0361862,6.60346
u0019359:i0381849,6.05655
u0019359:i0405159,6.11984
u0019359:i0407887,6.0578
u0019359:i0468569,5.85265
u0019359:i0469494,6.09142
u0019359:i0482571,5.57744
u0019359:i0758758,6.36389
u0019359:i0765443,6.43473
u0019359:i0816692,6.81393
u0019359:i0964517,6.04109
u0019359:i1130884,5.61385
u0019359:i1182345,6.37808
u0019359:i1205489,6.11805
u0019359:i1213644,3.69674
u0019359:i1255953,5.86485
u0019359:i1258197,5.2407
u0019359:i1279935,3.57586
u0019359:i1291584,5.89171
u0019359:i1307068,5.87826
u0019359:i1323045,5.1952
u0019359:i1375666,6.25951
u0019359:i1542344,6.38732
u0019359:i1570728,6.59962
u0019359:i1670345,6.92545
u0019359:i1674047,0
u0019359:i1675434,6.34234
u0019359:i1698641,7.19806
u0019359:i1723121,6.17938
u0019359:i1853728,5.68754
u0019359:i2024544,6.81421
u0019359:i2071491,3.67395
u0019359:i2278388,6.91608
u0019359:i2582802,7.18175
u0019376:i0112913,5.01144
u0019376:i2179136,7.1959
u0019376:i3541262,6.81949
u0019382:i1617661,7.92598
u0019382:i1823672,7.92598
u0019382:i2582802,7.92598
u0019388:i0074520,7.67
u0019388:i0075148,7.67
u0019388:i0093692,7.67
u0019388:i0102487,7.67
u0019388:i0106697,7.67
u0019388:i0125664,7.67
u0019388:i0146309,7.67
u0019388:i0183505,7.67
u0019388:i0280653,7.67
u0019388:i0338998,7.67
u0019388:i0418110,7.67
u0019388:i1014759,7.67
u0019388:i1267297,7.67
u0019388:i1320253,7.67
u0019388:i1764651,7.67
u0019388:i2347497,7.67
u0019400:i0317248,7.50908
u0019400:i0332452,7.50908
u0019400:i1131674,7.50908
u0019400:i1235790,7.50908
u0019400:i1262981,7.50908
u0019400:i2262227,7.50908
u0019400:i2788710,7.50908
u0019400:i3455224,7.50908
u0019419:i0369610,7.64176
u0019419:i0446029,7.64176
u0019419:i0455944,7.64176
u0019419:i0458481,7.64176
u0019419:i0470752,7.64176
u0019419:i0478970,7.64176
u0019419:i0829150,7.64176
u0019419:i0884732,7.64176
u0019419:i1121096,7.64176
u0019419:i1267297,7.64176
u0019419:i1291150,7.64176
u0019419:i1385867,7.64176
u0019419:i1392190,7.64176
u0019419:i1398426,7.64176
u0019419:i1528100,7.64176
u0019419:i1617661,7.64176
u0019419:i1638355,7.64176
u0019419:i1790864,7.64176
u0019419:i1823672,7.64176
u0019419:i1840309,7.64176
u0019419:i1924435,7.64176
u0019419:i1956620,7.64176
u0019419:i2084970,7.64176
u0019419:i2096673,7.64176
u0019419:i2109248,7.64176
u0019419:i2170439,7.64176
u0019419:i2179136,7.64176
u0019419:i2333784,7.64176
u0019419:i2381249,7.64176
u0019419:i2381941,7.64176
u0019419:i2395427,7.64176
u0019419:i2402157,7.64176
u0019419:i2446042,7.64176
u0019419:i2557490,7.64176
u0019419:i2561572,7.64176
u0019419:i2637294,7.64176
u0019419:i2788710,7.64176
u0019419:i2802144,7.64176
u0019419:i2820852,7.64176
u0019419:i2975578,7.64176
u0019419:i3079380,7.64176
u0019419:i3480796,7.64176
u0019433:i0430922,7.34222
u0019433:i0455944,7.34222
u0019433:i1020072,7.34222
u0019433:i1216491,7.34222
u0019433:i2039393,7.34222
u0019433:i2249498,7.34222
u0019433:i2322441,7.34222
u0019433:i2562232,7.34222
u0019433:i2582802,7.34222
u0019433:i2872718,7.34222
u0019433:i2872750,7.34222
u0019433:i2937898,7.34222
u0019437:i0369610,7.04814
u0019437:i1392190,7.00168
u0019437:i1605717,7.20461
u0019441:i1216491,7.64996
u0019441:i1512685,7.64996
u0019441:i1528100,7.64996
u0019441:i1600196,7.64996
u0019441:i1972779,7.64996
u0019441:i2170593,7.64996
u0019441:i2179136,7.64996
u0019441:i2261331,7.64996
u0019441:i2305051,7.64996
u0019441:i2338151,7.64996
u0019441:i2381941,7.64996
u0019441:i2473602,7.64996
u0019441:i2493486,7.64996
u0019441:i2802144,7.64996
u0019441:i2820852,7.64996
u0019441:i2911666,7.64996
u0019441:i3316960,7.64996
u0019443:i0090605,7.79654
u0019443:i0103644,7.79654
u0019443:i0116282,7.79654
u0019443:i0162661,7.79654
u0019443:i0449467,7.79654
u0019443:i0470752,7.79654
u0019443:i1065073,7.79654
u0019443:i1082868,7.79654
u0019443:i1392190,7.79654
u0019443:i2310332,7.79654
u0019443:i2381941,7.79654
u0019443:i2562232,7.79654
u0019443:i2582802,7.79654
u0019443:i2802144,7.79654
u0019443:i2820852,7.79654
u0019443:i2980592,7.79654
u0019443:i3205376,7.79654
u0019443:i3235888,7.79654
u0019462:i0325980,6.94062
u0019462:i0829482,5.25762
u0019462:i1065073,7.09431
u0019462:i1502712,6.91547
u0019462:i1535109,5.78113
u0019462:i1600196,7.09527
u0019462:i2179136,7.20365
u0019462:i2381941,7.12553
u0019462:i2446042,7.18439
u0019462:i2562232,7.11464
u0019462:i2820852,7.05187
u0019462:i2911666,7.23643
u0019470:i1133985,5.83269
u0019470:i1335975,7.04898
u0019470:i2172934,6.94837
u0019534:i0079501,7.92598
u0019534:i0089530,7.92598
u0019534:i0359013,7.92598
u0019534:i0364569,7.92598
u0019534:i0440963,7.92598
u0019534:i0455944,7.92598
u0019534:i0978764,7.92598
u0019534:i1156398,7.92598
u0019534:i1392190,7.92598
u0019534:i1512235,7.92598
u0019534:i1587310,7.92598
u0019534:i1731141,7.92598
u0019534:i1735898,7.92598
u0019534:i1899353,7.92598
u0019534:i2179136,7.92598
u0019534:i2267998,7.92598
u0019534:i2322441,7.92598
u0019534:i2395427,7.92598
u0019534:i2713180,7.92598
u0019534:i2872718,7.92598
u0019534:i2980516,7.92598
u0019534:i3255826,7.92598
u0019555:i1661199,7.01628
u0019555:i1964418,7.01628
u0019555:i2245084,7.01628
u0019564:i0453562,7.40281
u0019564:i1979320,7.40281
u0019564:i2395427,7.40281
u0019567:i1392190,7.92598
u0019567:i1790864,7.92598
u0019567:i2126355,7.92598
u0019567:i2172934,7.92598
u0019567:i2179136,7.92598
u0019567:i2199571,7.92598
u0019567:i2273657,7.92598
u0019567:i2381249,7.92598
u0019567:i2395427,7.92598
u0019567:i2820852,7.92598
u0019567:i2872718,7.92598
u0019567:i3079380,7.92598
u0019569:i0086567,7.72229
u0019569:i0367479,7.72229
u0019569:i0369610,7.72229
u0019569:i0408839,7.72229
u0019569:i0430922,7.72229
u0019569:i0816692,7.72229
u0019569:i1121096,7.72229
u0019569:i1272878,7.72229
u0019569:i1392190,7.72229
u0019569:i1478338,7.72229
u0019569:i1528100,7.72229
u0019569:i1631867,7.72229
u0019569:i1645155,7.72229
u0019569:i1707386,7.72229
u0019569:i1823672,7.72229
u0019569:i1872194,7.72229
u0019569:i1939659,7.72229
u0019569:i1951265,7.72229
u0019569:i1956620,7.72229
u0019569:i2004420,7.72229
u0019569:i2170439,7.72229
u0019569:i2179136,7.72229
u0019569:i2180411,7.72229
u0019569:i2231253,7.72229
u0019569:i2322441,7.72229
u0019569:i2381941,7.72229
u0019569:i2397535,7.72229
u0019569:i2493486,7.72229
u0019569:i2561572,7.72229
u0019569:i2637276,7.72229
u0019569:i2802144,7.72229
u0019569:i2872732,7.72229
u0019569:i2911666,7.72229
u0019569:i3063516,7.72229
u0019569:i3079380,7.72229
u0019569:i3181822,7.72229
u0019569:i3205376,7.72229
u0019569:i4257858,7.72229
u0019591:i1020072,7.67
u0019591:i1617661,7.67
u0019591:i1964418,7.67
u0019591:i2179136,7.67
u0019591:i2245084,7.67
u0019591:i2381941,7.67
u0019591:i2555736,7.67
u0019591:i2802144,7.67
u0019591:i2820852,7.67
u0019591:i2872750,7.67
u0019591:i2908446,7.67
u0019591:i2980516,7.67
u0019615:i0470752,6.81633
u0019615:i1029360,6.81633
u0019615:i2872718,6.81633
u0019616:i0110912,6.19836
u0019616:i0114814,6.07319
u0019616:i0420223,6.45881
u0019616:i0816692,6.82381
u0019624:i0096438,7.41959
u0019624:i0106489,7.41959
u0019624:i0117381,7.41959
u0019624:i0119174,7.41959
u0019624:i0120789,7.41959
u0019624:i0181852,7.41959
u0019624:i0424338,7.41959
u0019624:i0808151,7.41959
u0019624:i1234721,7.41959
u0019624:i1314228,7.41959
u0019624:i1541160,7.41959
u0019624:i1646974,7.41959
u0019624:i1650062,7.41959
u0019624:i1823672,7.41959
u0019624:i1937390,7.41959
u0019624:i1981107,7.41959
u0019624:i2084970,7.41959
u0019624:i2096673,7.41959
u0019624:i2121304,7.41959
u0019624:i2381941,7.41959
u0019624:i2382009,7.41959
u0019624:i2402577,7.41959
u0019624:i2561572,7.41959
u0019624:i2582802,7.41959
u0019624:i2652092,7.41959
u0019624:i2785032,7.41959
u0019624:i2802144,7.41959
u0019624:i2935564,7.41959
u0019624:i3037028,7.41959
u0019624:i3112654,7.41959
u0019624:i3289126,7.41959
u0019624:i3433632,7.41959
u0019624:i3442006,7.41959
u0019624:i3532850,7.41959
u0019624:i3985434,7.41959
u0019624:i4080672,7.41959
u0019624:i4428720,7.41959
u0019668:i0092099,7.83478
u0019668:i1790885,7.83478
u0019668:i2179136,7.83478
u0019668:i2395427,7.83478
u0019676:i1661199,7.7606
u0019676:i2179136,7.7606
u0019676:i2224026,7.7606
u0019711:i0369610,7.60697
u0019711:i0455944,7.60697
u0019711:i0816692,7.60697
u0019711:i0905372,7.60697
u0019711:i0914863,7.60697
u0019711:i1029360,7.60697
u0019711:i1073105,7.60697
u0019711:i1204977,7.60697
u0019711:i1288558,7.60697
u0019711:i1334553,7.60697
u0019711:i1369706,7.60697
u0019711:i1392190,7.60697
u0019711:i1519461,7.60697
u0019711:i1600196,7.60697
u0019711:i1641975,7.60697
u0019711:i1703199,7.60697
u0019711:i1735485,7.60697
u0019711:i1780798,7.60697
u0019711:i1823672,7.60697
u0019711:i1905040,7.60697
u0019711:i1951265,7.60697
u0019711:i2004420,7.60697
u0019711:i2170439,7.60697
u0019711:i2179136,7.60697
u0019711:i2224026,7.60697
u0019711:i2235779,7.60697
u0019711:i2245084,7.60697
u0019711:i2262227,7.60697
u0019711:i2397535,7.60697
u0019711:i2402101,7.60697
u0019711:i2428170,7.60697
u0019711:i2436386,7.60697
u0019711:i2503154,7.60697
u0019711:i2517658,7.60697
u0019711:i2561572,7.60697
u0019711:i2562232,7.60697
u0019711:i2637276,7.60697
u0019711:i2802144,7.60697
u0019711:i2872718,7.60697
u0019711:i2883512,7.60697
u0019711:i2908446,7.60697
u0019711:i2910814,7.60697
u0019711:i3148348,7.60697
u0019711:i3195644,7.60697
u0019711:i3235888,7.60697
u0019711:i3280916,7.60697
u0019711:i3387648,7.60697
u0019711:i3713166,7.60697
u0019725:i0087550,7.05265
u0019725:i0097523,7.05265
u0019725:i0116075,7.05265
u0019725:i0161492,7.05265
u0019725:i0206275,7.05265
u0019725:i0322589,7.05265
u0019725:i0473514,7.05265
u0019725:i0864835,7.05265
u0019725:i0995851,7.05265
u0019725:i1028532,7.05265
u0019725:i1100089,7.05265
u0019725:i1278340,7.05265
u0019725:i1355630,7.05265
u0019725:i1447480,7.05265
u0019725:i1528071,7.05265
u0019725:i1758830,7.05265
u0019725:i1786714,7.05265
u0019725:i1945052,7.05265
u0019725:i1956620,7.05265
u0019725:i1972779,7.05265
u0019725:i2179136,7.05265
u0019725:i2183034,7.05265
u0019725:i2245084,7.05265
u0019725:i2267998,7.05265
u0019725:i2294677,7.05265
u0019725:i2314824,7.05265
u0019725:i2326612,7.05265
u0019725:i2369135,7.05265
u0019725:i2582802,7.05265
u0019725:i2832470,7.05265
u0019725:i2980516,7.05265
u0019725:i3171764,7.05265
u0019725:i3177316,7.05265
u0019778:i1533117,0
u0019778:i3797004,0
u0019778:i3950078,3.14807
u0019798:i0078748,7.16667
u0019798:i0116188,7.16667
u0019798:i0240890,7.16667
u0019798:i0359950,7.16667
u0019798:i0470752,7.16667
u0019798:i0497465,7.16667
u0019798:i0790636,7.16667
u0019798:i0815241,7.16667
u0019798:i1065073,7.16667
u0019798:i1361566,7.16667
u0019798:i1582465,7.16667
u0019798:i1631867,7.16667
u0019798:i1638355,7.16667
u0019798:i1649419,7.16667
u0019798:i1726592,7.16667
u0019798:i1727388,7.16667
u0019798:i1964624,7.16667
u0019798:i2061702,7.16667
u0019798:i2084970,7.16667
u0019798:i2122313,7.16667
u0019798:i2184339,7.16667
u0019798:i2203939,7.16667
u0019798:i2305051,7.16667
u0019798:i2397535,7.16667
u0019798:i2494834,7.16667
u0019798:i2562232,7.16667
u0019798:i2593392,7.16667
u0019798:i2659512,7.16667
u0019798:i2714900,7.16667
u0019798:i2737050,7.16667
u0019798:i2866360,7.16667
u0019798:i2872718,7.16667
u0019798:i2923652,7.16667
u0019798:i3013808,7.16667
u0019798:i3235888,7.16667
u0019798:i3630276,7.16667
u0019798:i4365412,7.16667
u0019809:i0117509,7.4972
u0019809:i0147800,7.4972
u0019809:i0251127,7.4972
u0019809:i1327194,7.4972
u0019809:i1340138,7.4972
u0019809:i1392190,7.4972
u0019809:i1411238,7.4972
u0019809:i1502712,7.4972
u0019809:i1655441,7.4972
u0019809:i1659337,7.4972
u0019809:i1798684,7.4972
u0019809:i1850397,7.4972
u0019809:i2039393,7.4972
u0019809:i2381249,7.4972
u0019809:i2582802,7.4972
u0019809:i2679042,7.4972
u0019809:i2980516,7.4972
u0019809:i3195644,7.4972
u0019809:i3247714,7.4972
u0019821:i0478970,7.9139
u0019821:i0993846,7.9139
u0019821:i2015381,7.9139
u0019821:i2084970,7.9139
u0019821:i2278388,7.9139
u0019821:i2395427,7.9139
u0019821:i2562232,7.9139
u0019821:i2582802,7.9139
u0019821:i2683694,7.9139
u0019821:i2920808,7.9139
u0019821:i2980516,7.9139
u0019841:i0080339,7.67
u0019841:i0115639,7.67
u0019841:i0115685,7.67
u0019841:i0117628,7.67
u0019841:i0117666,7.67
u0019841:i0119217,7.67
u0019841:i0119643,7.67
u0019841:i0120094,7.67
u0019841:i0178737,7.67
u0019841:i0408790,7.67
u0019841:i0414055,7.67
u0019841:i0427309,7.67
u0019841:i0780511,7.67
u0019841:i0790724,7.67
u0019841:i0927619,7.67
u0019841:i1010048,7.67
u0019841:i1074638,7.67
u0019841:i1202579,7.67
u0019841:i1205537,7.67
u0019841:i1421373,7.67
u0019841:i1657510,7.67
u0019841:i1877688,7.67
u0019841:i2326612,7.67
u0019841:i2345737,7.67
u0019841:i2355495,7.67
u0019841:i2866360,7.67
u0019863:i0470752,7.76569
u0019863:i2582802,7.76569
u0019863:i2713180,7.76569
u0019863:i2872718,7.76569
u0019873:i0114938,7.71922
u0019873:i1294970,7.71922
u0019873:i1971325,7.71922
u0019873:i2039393,7.71922
u0019873:i2103264,7.71922
u0019873:i2387559,7.71922
u0019873:i2692250,7.71922
u0019873:i2820852,7.71922
u0019873:i2967006,7.71922
u0019878:i0293662,7.70696
u0019878:i0317705,7.70696
u0019878:i0962726,7.70696
u0019878:i1375670,7.70696
u0019878:i1663680,7.70696
u0019878:i1684558,7.70696
u0019878:i1698641,7.70696
u0019878:i1764651,7.70696
u0019878:i2209792,7.70696
u0019878:i2245084,7.70696
u0019878:i2517044,7.70696
u0019895:i0060196,6.39688
u0019895:i2084970,7.09807
u0019895:i2179136,7.2114
u0019895:i2562232,7.12216
u0019916:i1483013,7.67
u0019916:i2084970,7.67
u0019916:i2245084,7.67
u0019916:i2267998,7.67
u0019916:i2278388,7.67
u0019916:i2562232,7.67
u0019916:i2872718,7.67
u0019916:i2980516,7.67
u0019923:i0414387,7.92598
u0019923:i0454876,7.92598
u0019923:i0482571,7.92598
u0019923:i0816692,7.92598
u0019923:i1491044,7.92598
u0019923:i1840309,7.92598
u0019923:i2245084,7.92598
u0019923:i2404463,7.92598
u0019923:i2562232,7.92598
u0019923:i2582802,7.92598
u0019923:i2737050,7.92598
u0019923:i2883512,7.92598
u0019923:i2911666,7.92598
u0019923:i2994190,7.92598
u0019923:i3316960,7.92598
u0019924:i0478970,6.78407
u0019924:i1392190,6.78407
u0019924:i1655441,6.78407
u0019924:i1823672,6.78407
u0019924:i1964418,6.78407
u0019924:i2096673,6.78407
u0019924:i2126355,6.78407
u0019924:i2224026,6.78407
u0019924:i2267998,6.78407
u0019924:i2293640,6.78407
u0019924:i2358925,6.78407
u0019924:i2848292,6.78407
u0019924:i2870648,6.78407
u0019924:i2872750,6.78407
u0019924:i2908446,6.78407
u0019924:i3079380,6.78407
u0019924:i3181822,6.78407
u0019924:i3235888,6.78407
u0019924:i3713166,6.78407
u0019927:i0062622,7.02724
u0019927:i0070735,7.02724
u0019927:i0470752,7.02724
u0019927:i1020072,7.02724
u0019927:i1100089,7.02724
u0019927:i1126590,7.02724
u0019927:i1178663,7.02724
u0019927:i1392190,7.02724
u0019927:i1600196,7.02724
u0019927:i1726592,7.02724
u0019927:i1772288,7.02724
u0019927:i1791528,7.02724
u0019927:i1791682,7.02724
u0019927:i1809398,7.02724
u0019927:i1823672,7.02724
u0019927:i1837703,7.02724
u0019927:i1872194,7.02724
u0019927:i1921149,7.02724
u0019927:i2084970,7.02724
u0019927:i2097298,7.02724
u0019927:i2172584,7.02724
u0019927:i2179136,7.02724
u0019927:i2238050,7.02724
u0019927:i2305051,7.02724
u0019927:i2381249,7.02724
u0019927:i2381941,7.02724
u0019927:i2404425,7.02724
u0019927:i2452254,7.02724
u0019927:i2509850,7.02724
u0019927:i2515034,7.02724
u0019927:i2562232,7.02724
u0019927:i2582802,7.02724
u0019927:i2616810,7.02724
u0019927:i2756032,7.02724
u0019927:i2802144,7.02724
u0019927:i2870756,7.02724
u0019927:i2872718,7.02724
u0019927:i2884206,7.02724
u0019927:i2911666,7.02724
u0019927:i2920808,7.02724
u0019927:i2935564,7.02724
u0019927:i2937898,7.02724
u0019927:i2980516,7.02724
u0019927:i3007512,7.02724
u0019927:i3235888,7.02724
u0019927:i3316960,7.02724
u0019927:i3612616,7.02724
u0019927:i3630276,7.02724
u0019927:i4003046,7.02724
u0019927:i4044364,7.02724
u0019942:i1294688,5.95335
u0019942:i1736633,0
u0019942:i2084970,7.10543
u0019942:i2582802,7.18968
u0019942:i3316960,7.14661
u0019982:i0111293,7.50908
u0019982:i0470752,7.50908
u0019982:i0490204,7.50908
u0019982:i0816692,7.50908
u0019982:i0884732,7.50908
u0019982:i1086772,7.50908
u0019982:i1204977,7.50908
u0019982:i1308729,7.50908
u0019982:i1519461,7.50908
u0019982:i1646971,7.50908
u0019982:i1666801,7.50908
u0019982:i1694021,7.50908
u0019982:i1790864,7.50908
u0019982:i1799508,7.50908
u0019982:i1823672,7.50908
u0019982:i1872194,7.50908
u0019982:i1881002,7.50908
u0019982:i1913166,7.50908
u0019982:i1929308,7.50908
u0019982:i1999995,7.50908
u0019982:i2011159,7.50908
u0019982:i2165765,7.50908
u0019982:i2170439,7.50908
u0019982:i2179136,7.50908
u0019982:i2179239,7.50908
u0019982:i2193215,7.50908
u0019982:i2198956,7.50908
u0019982:i2199571,7.50908
u0019982:i2245084,7.50908
u0019982:i2282016,7.50908
u0019982:i2321549,7.50908
u0019982:i2326612,7.50908
u0019982:i2333784,7.50908
u0019982:i2339741,7.50908
u0019982:i2409818,7.50908
u0019982:i2436386,7.50908
u0019982:i2446042,7.50908
u0019982:i2458398,7.50908
u0019982:i2561546,7.50908
u0019982:i2561572,7.50908
u0019982:i2582846,7.50908
u0019982:i2625598,7.50908
u0019982:i2637294,7.50908
u0019982:i2713180,7.50908
u0019982:i2737926,7.50908
u0019982:i2799166,7.50908
u0019982:i2872718,7.50908
u0019982:i2872732,7.50908
u0019982:i2910814,7.50908
u0019982:i2911666,7.50908
u0019982:i2918436,7.50908
u0019982:i2926810,7.50908
u0019982:i2959536,7.50908
u0019982:i2967224,7.50908
u0019982:i2980592,7.50908
u0019982:i3068192,7.50908
u0019982:i3171764,7.50908
u0019982:i3181822,7.50908
u0019982:i3203616,7.50908
u0019982:i3235888,7.50908
u0019982:i3322940,7.50908
u0019982:i3350890,7.50908
u0019982:i3450650,7.50908
u0019982:i3479316,7.50908
u0019982:i3612032,7.50908
u0019982:i3704538,7.50908
u0019982:i3713166,7.50908
u0019983:i1242432,4.76089
u0019983:i1924396,6.62196
u0019983:i2713180,7.21781
u0019985:i0060196,7.60697
u0019985:i0110116,7.60697
u0019985:i0114388,7.60697
u0019985:i0414387,7.60697
u0019985:i1065073,7.60697
u0019985:i1327773,7.60697
u0019985:i2084970,7.60697
u0019985:i2179136,7.60697
u0019985:i2267998,7.60697
u0019985:i2582802,7.60697
u0019985:i2758880,7.60697
u0019985:i2991224,7.60697
u0019985:i3316960,7.60697
u0020032:i0079817,7.92598
u0020032:i0080120,7.92598
u0020032:i0082694,7.92598
u0020032:i0084602,7.92598
u0020032:i0089927,7.92598
u0020032:i0102138,7.92598
u0020032:i0113277,7.92598
u0020032:i0116282,7.92598
u0020032:i0117060,7.92598
u0020032:i0119008,7.92598
u0020032:i0120755,7.92598
u0020032:i0196229,7.92598
u0020032:i0203230,7.92598
u0020032:i0232500,7.92598
u0020032:i0317919,7.92598
u0020032:i0365907,7.92598
u0020032:i0369610,7.92598
u0020032:i0470752,7.92598
u0020032:i0870111,7.92598
u0020032:i0900387,7.92598
u0020032:i1100089,7.92598
u0020032:i1174732,7.92598
u0020032:i1315981,7.92598
u0020032:i1370889,7.92598
u0020032:i1698652,7.92598
u0020032:i1809398,7.92598
u0020032:i1972663,7.92598
u0020032:i2004420,7.92598
u0020032:i2096673,7.92598
u0020032:i2261331,7.92598
u0020032:i2293640,7.92598
u0020032:i2305051,7.92598
u0020032:i2366608,7.92598
u0020032:i2375605,7.92598
u0020032:i2380247,7.92598
u0020032:i2396566,7.92598
u0020032:i2802144,7.92598
u0020032:i2870648,7.92598
u0020032:i2908446,7.92598
u0020032:i2938416,7.92598
u0020032:i3108864,7.92598
u0020040:i0382932,7.34789
u0020040:i0910970,7.34789
u0020040:i0988045,7.34789
u0020040:i1229340,7.34789
u0020040:i1515091,7.34789
u0020040:i2071491,7.34789
u0020040:i2170439,7.34789
u0020040:i2245084,7.34789
u0020040:i3063516,7.34789
u0020076:i0864835,6.96284
u0020076:i2395427,6.96284
u0020076:i2525596,6.96284
u0020076:i2802144,6.96284
u0020076:i2910300,6.96284
u0020101:i0060196,6.58502
u0020101:i0079944,5.61008
u0020101:i0085794,5.25553
u0020101:i0107207,6.74654
u0020101:i0383028,4.06933
u0020101:i0770802,5.59023
u0020101:i1120985,5.64747
u0020101:i2562232,7.12969
u0020127:i0369610,7.59221
u0020127:i0816692,7.59221
u0020127:i1600196,7.59221
u0020127:i1951265,7.59221
u0020127:i2039393,7.59221
u0020127:i2179136,7.59221
u0020127:i2203939,7.59221
u0020127:i2258285,7.59221
u0020127:i2322441,7.59221
u0020127:i2395427,7.59221
u0020127:i2446042,7.59221
u0020127:i2802144,7.59221
u0020127:i2872732,7.59221
u0020128:i0110413,5.75141
u0020128:i1126590,7.23989
u0020128:i1850397,7.01633
u0020128:i2884206,6.99201
u0020167:i0119488,7.60697
u0020167:i0452702,7.60697
u0020167:i0765010,7.60697
u0020167:i0816692,7.60697
u0020167:i0884732,7.60697
u0020167:i1340138,7.60697
u0020167:i1524575,7.60697
u0020167:i1661199,7.60697
u0020167:i2165765,7.60697
u0020167:i2180411,7.60697
u0020167:i2245084,7.60697
u0020167:i2293640,7.60697
u0020167:i2305051,7.60697
u0020167:i2562232,7.60697
u0020167:i2713180,7.60697
u0020167:i2924442,7.60697
u0020167:i2994190,7.60697
u0020169:i0470752,7.92598
u0020169:i1823672,7.92598
u0020169:i2630916,7.92598
u0020173:i0113247,6.59994
u0020173:i0172495,6.59994
u0020173:i1392190,6.59994
u0020173:i2084970,6.59994
u0020173:i2395427,6.59994
u0020173:i2562232,6.59994
u0020173:i2820852,6.59994
u0020235:i0365907,7.06939
u0020235:i0816692,7.06939
u0020235:i1020072,7.06939
u0020235:i1065073,7.06939
u0020235:i1100089,7.06939
u0020235:i1921064,7.06939
u0020235:i2084970,7.06939
u0020235:i2209418,7.06939
u0020235:i2267998,7.06939
u0020235:i2278388,7.06939
u0020235:i2322441,7.06939
u0020235:i2652092,7.06939
u0020235:i2820852,7.06939
u0020235:i2980516,7.06939
u0020235:i3316960,7.06939
u0020247:i0105236,6.95505
u0020247:i1872194,6.95505
u0020247:i2015381,6.95505
u0020247:i2084970,6.95505
u0020247:i2179136,6.95505
u0020247:i2562232,6.95505
u0020247:i2582802,6.95505
u0020247:i2713180,6.95505
u0020247:i2980516,6.95505
u0020250:i0816692,7.37416
u0020250:i2084970,7.37416
u0020250:i2582802,7.37416
u0020325:i0443706,7.70696
u0020325:i0816692,7.70696
u0020325:i0884732,7.70696
u0020325:i1486834,7.70696
u0020325:i1655441,7.70696
u0020325:i1850397,7.70696
u0020325:i2084970,7.70696
u0020325:i2170299,7.70696
u0020325:i2170439,7.70696
u0020325:i2179136,7.70696
u0020325:i2180411,7.70696
u0020325:i2199571,7.70696
u0020325:i2278388,7.70696
u0020325:i2305051,7.70696
u0020325:i2381941,7.70696
u0020325:i2562232,7.70696
u0020325:i2802144,7.70696
u0020325:i2980516,7.70696
u0020325:i3442006,7.70696
u0020336:i0013442,7.92598
u0020336:i0019421,7.92598
u0020336:i0022835,7.92598
u0020336:i0029850,7.92598
u0020336:i0040636,7.92598
u0020336:i0045877,7.92598
u0020336:i0046911,7.92598
u0020336:i0047469,7.92598
u0020336:i0051744,7.92598
u0020336:i0055093,7.92598
u0020336:i0056444,7.92598
u0020336:i0058450,7.92598
u0020336:i0060934,7.92598
u0020336:i0061996,7.92598
u0020336:i0064040,7.92598
u0020336:i0067439,7.92598
u0020336:i0080889,7.92598
u0020336:i0082206,7.92598
u0020336:i0084628,7.92598
u0020336:i0087280,7.92598
u0020336:i0087606,7.92598
u0020336:i0092651,7.92598
u0020336:i0093223,7.92598
u0020336:i0094681,7.92598
u0020336:i0101258,7.92598
u0020336:i0117398,7.92598
u0020336:i0220631,7.92598
u0020336:i0247380,7.92598
u0020336:i0339357,7.92598
u0020336:i0418239,7.92598
u0020336:i0449642,7.92598
u0020336:i0459072,7.92598
u0020336:i0460034,7.92598
u0020336:i0472113,7.92598
u0020336:i0476999,7.92598
u0020336:i0782700,7.92598
u0020336:i0816692,7.92598
u0020336:i0834170,7.92598
u0020336:i1023441,7.92598
u0020336:i1093842,7.92598
u0020336:i1133922,7.92598
u0020336:i1135922,7.92598
u0020336:i1189073,7.92598
u0020336:i1227787,7.92598
u0020336:i1318022,7.92598
u0020336:i1548542,7.92598
u0020336:i1552714,7.92598
u0020336:i1570989,7.92598
u0020336:i1646959,7.92598
u0020336:i1748122,7.92598
u0020336:i1863192,7.92598
u0020336:i1924394,7.92598
u0020336:i1964624,7.92598
u0020336:i2018086,7.92598
u0020336:i2084970,7.92598
u0020336:i2178941,7.92598
u0020336:i2215215,7.92598
u0020336:i2263058,7.92598
u0020336:i2305051,7.92598
u0020336:i2322441,7.92598
u0020336:i2347569,7.92598
u0020336:i2425486,7.92598
u0020336:i2465578,7.92598
u0020336:i2473794,7.92598
u0020336:i2614684,7.92598
u0020336:i2802154,7.92598
u0020336:i2872718,7.92598
u0020336:i2980516,7.92598
u0020336:i3316960,7.92598
u0020338:i1392190,8.06198
u0020338:i2096673,8.06198
u0020338:i2273657,8.06198
u0020338:i2322441,8.06198
u0020338:i4257858,8.06198
u0020347:i0047478,6.1764
u0020347:i0050706,3.53074
u0020347:i0053472,6.78658
u0020347:i0078788,6.53392
u0020347:i0090967,4.44495
u0020347:i0093058,6.86785
u0020347:i0102926,6.34219
u0020347:i0107943,6.14419
u0020347:i0108394,4.71915
u0020347:i0111495,5.10458
u0020347:i0111507,4.78164
u0020347:i0172495,5.92548
u0020347:i0191043,4.74707
u0020347:i0362270,5.14624
u0020347:i0457430,6.61978
u0020347:i0978762,4.46579
u0020347:i1014763,6.77563
u0020347:i1226240,6.13142
u0020347:i1638353,0
u0020347:i1692486,5.8514
u0020347:i3205376,6.58265
u0020350:i1392190,7.60697
u0020350:i1798684,7.60697
u0020350:i2820852,7.60697
u0020358:i1340138,7.43514
u0020358:i2084970,7.43514
u0020358:i2381249,7.43514
u0020358:i2395427,7.43514
u0020358:i2802144,7.43514
u0020387:i1091191,7.05775
u0020387:i1392190,7.05775
u0020387:i2872732,7.05775
u0020387:i2937898,7.05775
u0020387:i3079380,7.05775
u0020390:i0070460,7.60697
u0020390:i0071690,7.60697
u0020390:i0079944,7.60697
u0020391:i1045658,7.50908
u0020391:i1375666,7.50908
u0020391:i1617661,7.50908
u0020391:i2322441,7.50908
u0020391:i2395427,7.50908
u0020391:i2582802,7.50908
u0020391:i2713180,7.50908
u0020391:i2948472,7.50908
u0020401:i1392190,7.38535
u0020401:i1638355,7.38535
u0020401:i2184339,7.38535
u0020401:i2562232,7.38535
u0020401:i3152624,7.38535
u0020411:i0092005,7.43514
u0020411:i0109445,7.43514
u0020411:i0112950,7.43514
u0020411:i0116367,7.43514
u0020411:i0116695,7.43514
u0020411:i0117802,7.43514
u0020411:i0118880,7.43514
u0020411:i0120324,7.43514
u0020411:i0369610,7.43514
u0020411:i0455944,7.43514
u0020411:i0458413,7.43514
u0020411:i0458481,7.43514
u0020411:i0892769,7.43514
u0020411:i0961728,7.43514
u0020411:i1065073,7.43514
u0020411:i1086772,7.43514
u0020411:i1100089,7.43514
u0020411:i1392190,7.43514
u0020411:i1454468,7.43514
u0020411:i1568338,7.43514
u0020411:i1600196,7.43514
u0020411:i2042568,7.43514
u0020411:i2179116,7.43514
u0020411:i2179136,7.43514
u0020411:i2245084,7.43514
u0020411:i2293640,7.43514
u0020411:i2305051,7.43514
u0020411:i2381941,7.43514
u0020411:i2395427,7.43514
u0020411:i2562232,7.43514
u0020411:i2582802,7.43514
u0020411:i2637276,7.43514
u0020411:i2692904,7.43514
u0020411:i2802144,7.43514
u0020411:i2820852,7.43514
u0020411:i2937898,7.43514
u0020411:i3064298,7.43514
u0020411:i3622592,7.43514
u0020419:i0816692,6.8337
u0020419:i1258197,5.42142
u0020419:i1655441,6.9129
u0020419:i1706620,7.21081
u0020419:i1850397,7.08512
u0020419:i1872194,7.28214
u0020419:i1937149,5.51478
u0020419:i1951265,7.06438
u0020419:i2084970,7.11279
u0020419:i2267998,7.04698
u0020419:i2908446,6.90494
u0020419:i2980516,7.10922
u0020419:i3042408,6.02641
u0020431:i0139654,7.89127
u0020431:i1020072,7.89127
u0020431:i2179136,7.89127
u0020431:i2446042,7.89127
u0020447:i0099939,7.34963
u0020447:i0105236,7.34963
u0020447:i0110912,7.34963
u0020447:i0203119,7.34963
u0020447:i0401792,7.34963
u0020447:i0404203,7.34963
u0020447:i0452623,7.34963
u0020447:i1809398,7.34963
u0020447:i1979320,7.34963
u0020447:i1981140,7.34963
u0020447:i2179136,7.34963
u0020447:i2937898,7.34963
u0020489:i0110912,7.63879
u0020489:i0196229,7.63879
u0020489:i0369610,7.63879
u0020489:i0455944,7.63879
u0020489:i0458413,7.63879
u0020489:i0816692,7.63879
u0020489:i0848228,7.63879
u0020489:i0884732,7.63879
u0020489:i1212450,7.63879
u0020489:i1340138,7.63879
u0020489:i1398426,7.63879
u0020489:i1772341,7.63879
u0020489:i1823672,7.63879
u0020489:i1826590,7.63879
u0020489:i1872194,7.63879
u0020489:i2101569,7.63879
u0020489:i2109248,7.63879
u0020489:i2179136,7.63879
u0020489:i2322441,7.63879
u0020489:i2381941,7.63879
u0020489:i2561572,7.63879
u0020489:i2820852,7.63879
u0020489:i2872732,7.63879
u0020489:i2980516,7.63879
u0020489:i2994190,7.63879
u0020506:i0056923,7.50908
u0020506:i0065895,7.50908
u0020506:i0072443,7.50908
u0020506:i0201634,7.50908
u0020506:i1205537,7.50908
u0020506:i4076998,7.50908
u0020510:i0050986,6.89917
u0020510:i0052561,6.89917
u0020510:i0061138,6.89917
u0020510:i0095250,6.89917
u0020510:i0097162,6.89917
u0020510:i0103110,6.89917
u0020510:i0117958,6.89917
u0020510:i0118843,6.89917
u0020510:i0185014,6.89917
u0020510:i1021004,6.89917
u0020510:i1213926,6.89917
u0020510:i1253863,6.89917
u0020510:i1284591,6.89917
u0020510:i1348318,6.89917
u0020510:i1450321,6.89917
u0020510:i1571724,6.89917
u0020510:i1706620,6.89917
u0020510:i1726592,6.89917
u0020510:i1935179,6.89917
u0020510:i2084970,6.89917
u0020510:i2243299,6.89917
u0020510:i2402105,6.89917
u0020510:i2582802,6.89917
u0020510:i2582846,6.89917
u0020510:i2675914,6.89917
u0020510:i2713180,6.89917
u0020510:i2756032,6.89917
u0020510:i2911666,6.89917
u0020510:i2980516,6.89917
u0020510:i3253930,6.89917
u0020510:i4192740,6.89917
u0020514:i0816692,7.92598
u0020514:i0970179,7.92598
u0020514:i1234721,7.92598
u0020514:i1323594,7.92598
u0020514:i1661199,7.92598
u0020514:i2096673,7.92598
u0020514:i2293640,7.92598
u0020514:i2395427,7.92598
u0020514:i2802144,7.92598
u0020527:i0111161,6.77914
u0020527:i0119256,6.77914
u0020527:i0831387,6.77914
u0020527:i0861689,6.77914
u0020527:i1663207,6.77914
u0020527:i1837703,6.77914
u0020527:i1869716,6.77914
u0020527:i1951265,6.77914
u0020527:i2103281,6.77914
u0020527:i2267998,6.77914
u0020527:i2281587,6.77914
u0020527:i2381249,6.77914
u0020527:i2884206,6.77914
u0020619:i0369610,7.63714
u0020619:i0470752,7.63714
u0020619:i1182345,7.63714
u0020619:i1392190,7.63714
u0020619:i1617661,7.63714
u0020619:i1661199,7.63714
u0020619:i1823672,7.63714
u0020619:i2084970,7.63714
u0020619:i2120120,7.63714
u0020619:i2126355,7.63714
u0020619:i2245084,7.63714
u0020619:i2267998,7.63714
u0020619:i2381249,7.63714
u0020619:i2381941,7.63714
u0020619:i2395427,7.63714
u0020619:i2802144,7.63714
u0020619:i2820852,7.63714
u0020619:i2908446,7.63714
u0020619:i2911666,7.63714
u0020619:i3079380,7.63714
u0020627:i0033467,8.01173
u0020627:i0040746,8.01173
u0020627:i0050825,8.01173
u0020627:i0050976,8.01173
u0020627:i0057345,8.01173
u0020627:i0071562,8.01173
u0020627:i0081398,8.01173
u0020627:i0083658,8.01173
u0020627:i0086879,8.01173
u0020627:i0087884,8.01173
u0020627:i0093058,8.01173
u0020627:i0098635,8.01173
u0020627:i0099674,8.01173
u0020627:i0108394,8.01173
u0020627:i0111495,8.01173
u0020627:i0111507,8.01173
u0020627:i0114709,8.01173
u0020627:i0116282,8.01173
u0020627:i0117737,8.01173
u0020627:i0119683,8.01173
u0020627:i0120663,8.01173
u0020627:i0166924,8.01173
u0020627:i0213847,8.01173
u0020627:i0227445,8.01173
u0020627:i0243133,8.01173
u0020627:i0258153,8.01173
u0020627:i0265208,8.01173
u0020627:i0287467,8.01173
u0020627:i0301357,8.01173
u0020627:i0315733,8.01173
u0020627:i0319262,8.01173
u0020627:i0325710,8.01173
u0020627:i0330829,8.01173
u0020627:i0332280,8.01173
u0020627:i0335245,8.01173
u0020627:i0338013,8.01173
u0020627:i0361862,8.01173
u0020627:i0363589,8.01173
u0020627:i0365737,8.01173
u0020627:i0401383,8.01173
u0020627:i0401792,8.01173
u0020627:i0434409,8.01173
u0020627:i0436697,8.01173
u0020627:i0450259,8.01173
u0020627:i0455944,8.01173
u0020627:i0457430,8.01173
u0020627:i0470752,8.01173
u0020627:i0472062,8.01173
u0020627:i0477302,8.01173
u0020627:i0478304,8.01173
u0020627:i0499549,8.01173
u0020627:i0756683,8.01173
u0020627:i0780504,8.01173
u0020627:i0816692,8.01173
u0020627:i0993846,8.01173
u0020627:i1100089,8.01173
u0020627:i1126590,8.01173
u0020627:i1136608,8.01173
u0020627:i1186830,8.01173
u0020627:i1191111,8.01173
u0020627:i1210166,8.01173
u0020627:i1235166,8.01173
u0020627:i1273222,8.01173
u0020627:i1285016,8.01173
u0020627:i1318514,8.01173
u0020627:i1340800,8.01173
u0020627:i1392190,8.01173
u0020627:i1504320,8.01173
u0020627:i1549572,8.01173
u0020627:i1560169,8.01173
u0020627:i1560747,8.01173
u0020627:i1600196,8.01173
u0020627:i1602620,8.01173
u0020627:i1655442,8.01173
u0020627:i1664814,8.01173
u0020627:i1714915,8.01173
u0020627:i1825157,8.01173
u0020627:i1911658,8.01173
u0020627:i1921149,8.01173
u0020627:i1924429,8.01173
u0020627:i1959490,8.01173
u0020627:i2004420,8.01173
u0020627:i2042568,8.01173
u0020627:i2096673,8.01173
u0020627:i2179136,8.01173
u0020627:i2245084,8.01173
u0020627:i2316411,8.01173
u0020627:i2381941,8.01173
u0020627:i2395427,8.01173
u0020627:i2561572,8.01173
u0020627:i2562232,8.01173
u0020627:i2582802,8.01173
u0020627:i2614684,8.01173
u0020627:i2718492,8.01173
u0020627:i2802144,8.01173
u0020627:i2820852,8.01173
u0020627:i2884206,8.01173
u0020627:i2910814,8.01173
u0020627:i2980516,8.01173
u0020627:i3011894,8.01173
u0020627:i3045616,8.01173
u0020627:i3235888,8.01173
u0020627:i4044364,8.01173
u0020648:i0070047,7.73046
u0020648:i0369610,7.73046
u0020648:i0470752,7.73046
u0020648:i1392190,7.73046
u0020648:i1706620,7.73046
u0020648:i1823672,7.73046
u0020648:i2231253,7.73046
u0020648:i2381941,7.73046
u0020648:i3079380,7.73046
u0020649:i0051093,7.67
u0020649:i0061770,7.67
u0020649:i0070510,7.67
u0020649:i0085180,7.67
u0020649:i0113247,7.67
u0020649:i0113725,7.67
u0020649:i0117381,7.67
u0020649:i0424434,7.67
u0020649:i0816692,7.67
u0020649:i0893382,7.67
u0020649:i1823672,7.67
u0020649:i4382552,7.67
u0020678:i1298540,7.31909
u0020678:i1655441,7.31909
u0020678:i1661199,7.31909
u0020678:i1791682,7.31909
u0020678:i1823672,7.31909
u0020678:i2224026,7.31909
u0020678:i2278388,7.31909
u0020678:i2555736,7.31909
u0020678:i2561572,7.31909
u0020678:i2614684,7.31909
u0020678:i2908446,7.31909
u0020678:i2991224,7.31909
u0020678:i3045616,7.31909
u0020682:i0120032,7.73392
u0020682:i0816692,7.73392
u0020682:i0864761,7.73392
u0020682:i1029360,7.73392
u0020682:i1571249,7.73392
u0020682:i1766175,7.73392
u0020682:i1780798,7.73392
u0020682:i1967545,7.73392
u0020682:i2034031,7.73392
u0020682:i2205401,7.73392
u0020682:i2231253,7.73392
u0020682:i2268458,7.73392
u0020682:i2305051,7.73392
u0020682:i2355495,7.73392
u0020682:i2402157,7.73392
u0020682:i2446042,7.73392
u0020682:i2713180,7.73392
u0020682:i2756032,7.73392
u0020682:i2866360,7.73392
u0020682:i2870708,7.73392
u0020682:i2883512,7.73392
u0020682:i3120054,7.73392
u0020682:i3152624,7.73392
u0020682:i3442006,7.73392
u0020682:i3504048,7.73392
u0020695:i0470752,7.08562
u0020695:i1100089,7.20606
u0020695:i1196948,6.10143
u0020695:i1216491,7.16205
u0020695:i1528100,7.24977
u0020695:i1600196,7.14744
u0020695:i1617661,7.1886
u0020695:i1791528,7.23536
u0020695:i1809398,7.06732
u0020695:i1821641,6.33199
u0020695:i1951265,7.09536
u0020695:i2084970,7.12016
u0020695:i2096672,7.26491
u0020695:i2170593,7.08757
u0020695:i2179136,7.21917
u0020695:i2199571,6.98903
u0020695:i2395427,7.12558
u0020695:i2452200,6.99381
u0020695:i2713180,7.23577
u0020695:i2802144,7.11129
u0020695:i2917388,7.18314
u0020695:i2937898,7.17022
u0020695:i2994190,6.97069
u0020695:i3093522,3.636
u0020695:i3416742,7.20058
u0020695:i4229236,6.6343
u0020701:i0369610,7.92598
u0020701:i1020072,7.92598
u0020701:i1100089,7.92598
u0020701:i1126590,7.92598
u0020701:i1392190,7.92598
u0020701:i2084970,7.92598
u0020701:i2179136,7.92598
u0020701:i2260850,7.92598
u0020701:i2278388,7.92598
u0020701:i2582802,7.92598
u0020701:i2802144,7.92598
u0020701:i2820852,7.92598
u0020701:i3011894,7.92598
u0020701:i3045616,7.92598
u0020701:i4296556,7.92598
u0020705:i0092965,6.28435
u0020705:i0110357,6.34776
u0020705:i0356150,4.8136
u0020705:i0453562,6.19084
u0020705:i0478970,6.914
u0020705:i0947798,6.03399
u0020705:i1213663,6.47821
u0020705:i1646971,7.06752
u0020705:i2381249,7.00358
u0020705:i2637276,6.70652
u0020713:i0057115,7.01876
u0020713:i0119174,7.01876
u0020713:i0372784,7.01876
u0020713:i0469494,7.01876
u0020713:i2737050,7.01876
u0020713:i2872718,7.01876
u0020732:i0047296,5.73644
u0020732:i0067411,3.80348
u0020732:i0104454,0
u0020732:i0379889,0
u0020732:i1392190,7.0076
u0020747:i0038650,6.81116
u0020747:i0046912,6.31332
u0020747:i0047296,6.11887
u0020747:i0052357,6.28011
u0020747:i0053221,3.81635
u0020747:i0054215,6.06684
u0020747:i0057012,6.84436
u0020747:i0066921,6.42968
u0020747:i0067116,6.73031
u0020747:i0070511,5.59393
u0020747:i0077416,4.97166
u0020747:i0078841,5.197
u0020747:i0079417,6.66924
u0020747:i0080120,6.75999
u0020747:i0085794,5.6935
u0020747:i0086879,5.57678
u0020747:i0092005,6.61503
u0020747:i0093058,7.03536
u0020747:i0094226,6.37751
u0020747:i0095953,6.93813
u0020747:i0097216,5.73148
u0020747:i0097937,6.80406
u0020747:i0104348,4.59782
u0020747:i0106677,5.53894
u0020747:i0107048,6.73532
u0020747:i0108550,5.99373
u0020747:i0109424,5.00885
u0020747:i0110413,5.8457
u0020747:i0112641,5.88119
u0020747:i0114709,6.16132
u0020747:i0116231,2.37718
u0020747:i0117951,6.32216
u0020747:i0118694,5.33249
u0020747:i0118749,7.05963
u0020747:i0118849,5.66904
u0020747:i0119217,6.96213
u0020747:i0119488,6.46904
u0020747:i0120601,7.03632
u0020747:i0120735,4.41988
u0020747:i0128445,6.0443
u0020747:i0144084,6.01743
u0020747:i0167404,6.26828
u0020747:i0171804,3.72495
u0020747:i0172495,6.03943
u0020747:i0175880,6.49137
u0020747:i0211915,6.89802
u0020747:i0245712,6.02753
u0020747:i0246578,6.75057
u0020747:i0265666,6.23158
u0020747:i0268978,6.29226
u0020747:i0274558,6.01008
u0020747:i0287467,4.84411
u0020747:i0300140,0
u0020747:i0338013,6.14199
u0020747:i0352248,6.16573
u0020747:i0353969,6.57037
u0020747:i0365748,6.91371
u0020747:i0369702,6.32641
u0020747:i0373469,6.01717
u0020747:i0374546,5.41446
u0020747:i0423866,3.08866
u0020747:i0443680,6.10984
u0020747:i0449467,6.071
u0020747:i0454876,5.90006
u0020747:i0457430,6.82664
u0020747:i0467406,6.69463
u0020747:i0756683,6.35447
u0020747:i0758758,6.51542
u0020747:i0765120,0
u0020747:i0770828,6.26719
u0020747:i0783233,5.03384
u0020747:i0816692,6.8436
u0020747:i0825232,6.02563
u0020747:i0848228,6.67349
u0020747:i0947798,6.17113
u0020747:i0976051,5.5597
u0020747:i1216496,2.62897
u0020747:i1235166,3.61041
u0020747:i1255953,5.97149
u0020747:i1305806,6.21941
u0020747:i1345836,5.41836
u0020747:i1360860,5.38156
u0020747:i1504320,6.83143
u0020747:i1588170,6.7539
u0020747:i1605783,6.40499
u0020747:i1655442,6.96853
u0020747:i1937149,5.74456
u0020747:i2278388,6.94133
u0020747:i2338151,6.86703
u0020747:i2370248,6.5469
u0020747:i2562232,7.13723
u0020747:i2576852,7.19996
u0020747:i2582802,7.19761
u0020747:i2692904,7.3682
u0020747:i2713180,7.25377
u0020747:i2718492,6.93884
u0020747:i2758880,6.85899
u0020747:i2802144,7.118
u0020747:i2872718,7.22598
u0020747:i2991224,6.84476
u0020747:i3007512,7.18037
u0020747:i3612616,6.51428
u0020754:i1130884,7.03534
u0020754:i1285016,7.03534
u0020754:i1398426,7.03534
u0020802:i0369610,6.71949
u0020802:i0470752,6.71949
u0020802:i0478970,6.71949
u0020802:i0903657,6.71949
u0020802:i1243974,6.71949
u0020802:i1392190,6.71949
u0020802:i1502712,6.71949
u0020802:i1524930,6.71949
u0020802:i1638355,6.71949
u0020802:i1798684,6.71949
u0020802:i1823672,6.71949
u0020802:i1964418,6.71949
u0020802:i2096673,6.71949
u0020802:i2293640,6.71949
u0020802:i2381249,6.71949
u0020802:i2395427,6.71949
u0020802:i2561572,6.71949
u0020802:i2582496,6.71949
u0020802:i2802144,6.71949
u0020802:i2848292,6.71949
u0020802:i2918436,6.71949
u0020802:i2937898,6.71949
u0020802:i3079380,6.71949
u0020802:i3152624,6.71949
u0020802:i3235888,6.71949
u0020802:i3316960,6.71949
u0020802:i3317522,6.71949
u0020802:i3462002,6.71949
u0020802:i3621360,6.71949
u0020802:i3713166,6.71949
u0020802:i3850214,6.71949
u0020802:i3950466,6.71949
u0020802:i4215352,6.71949
u0020802:i4503900,6.71949
u0020804:i0044079,4.94063
u0020804:i1189073,6.44065
u0020804:i1392190,7.01352
u0020804:i3767372,6.4869
u0020818:i0454876,7.30237
u0020818:i0470752,7.30237
u0020818:i0884732,7.30237
u0020818:i1033575,7.30237
u0020818:i1065073,7.30237
u0020818:i1086772,7.30237
u0020818:i1228987,7.30237
u0020818:i1245526,7.30237
u0020818:i1288558,7.30237
u0020818:i1600196,7.30237
u0020818:i1645170,7.30237
u0020818:i1655441,7.30237
u0020818:i1790864,7.30237
u0020818:i2015381,7.30237
u0020818:i2084970,7.30237
u0020818:i2179136,7.30237
u0020818:i2278388,7.30237
u0020818:i2338151,7.30237
u0020818:i2381941,7.30237
u0020818:i2397535,7.30237
u0020818:i2446042,7.30237
u0020818:i2493486,7.30237
u0020818:i2557490,7.30237
u0020818:i2582802,7.30237
u0020818:i2614684,7.30237
u0020818:i2802144,7.30237
u0020818:i2820852,7.30237
u0020818:i2872718,7.30237
u0020818:i2908446,7.30237
u0020818:i2911666,7.30237
u0020818:i2980516,7.30237
u0020818:i3045616,7.30237
u0020820:i0454921,7.01876
u0020820:i0974661,7.01876
u0020820:i1267297,7.01876
u0020820:i3235888,7.01876
u0020837:i1020072,7.62444
u0020837:i1100089,7.62444
u0020837:i1109624,7.62444
u0020837:i1126590,7.62444
u0020837:i1219342,7.62444
u0020837:i1412386,7.62444
u0020837:i1809398,7.62444
u0020837:i1924396,7.62444
u0020837:i2096672,7.62444
u0020837:i2170439,7.62444
u0020837:i2224026,7.62444
u0020837:i2245084,7.62444
u0020837:i2278388,7.62444
u0020837:i2288005,7.62444
u0020837:i2381941,7.62444
u0020837:i2404425,7.62444
u0020837:i2555736,7.62444
u0020837:i2562232,7.62444
u0020837:i2582802,7.62444
u0020837:i2692250,7.62444
u0020837:i2820852,7.62444
u0020837:i3045616,7.62444
u0020837:i3079016,7.62444
u0020837:i3510372,7.62444
u0020837:i4089782,7.62444
u0020845:i0040725,6.89727
u0020845:i0042192,6.89727
u0020845:i0044876,6.89727
u0020845:i0051554,6.89727
u0020845:i0060153,6.89727
u0020845:i0066769,6.89727
u0020845:i0076759,6.89727
u0020845:i0080120,6.89727
u0020845:i0080487,6.89727
u0020845:i0080684,6.89727
u0020845:i0083530,6.89727
u0020845:i0084602,6.89727
u0020845:i0086190,6.89727
u0020845:i0086567,6.89727
u0020845:i0086960,6.89727
u0020845:i0087277,6.89727
u0020845:i0088024,6.89727
u0020845:i0089370,6.89727
u0020845:i0089927,6.89727
u0020845:i0090863,6.89727
u0020845:i0091129,6.89727
u0020845:i0092086,6.89727
u0020845:i0093692,6.89727
u0020845:i0093773,6.89727
u0020845:i0095953,6.89727
u0020845:i0095963,6.89727
u0020845:i0096256,6.89727
u0020845:i0096438,6.89727
u0020845:i0097576,6.89727
u0020845:i0097815,6.89727
u0020845:i0098554,6.89727
u0020845:i0099399,6.89727
u0020845:i0099685,6.89727
u0020845:i0100802,6.89727
u0020845:i0100814,6.89727
u0020845:i0102266,6.89727
u0020845:i0102685,6.89727
u0020845:i0103064,6.89727
u0020845:i0107076,6.89727
u0020845:i0111127,6.89727
u0020845:i0111503,6.89727
u0020845:i0112641,6.89727
u0020845:i0113568,6.89727
u0020845:i0116365,6.89727
u0020845:i0116483,6.89727
u0020845:i0117500,6.89727
u0020845:i0118571,6.89727
u0020845:i0120382,6.89727
u0020845:i0120484,6.89727
u0020845:i0120609,6.89727
u0020845:i0120888,6.89727
u0020845:i0131857,6.89727
u0020845:i0196229,6.89727
u0020845:i0208092,6.89727
u0020845:i0266543,6.89727
u0020845:i0276751,6.89727
u0020845:i0312004,6.89727
u0020845:i0317705,6.89727
u0020845:i0320691,6.89727
u0020845:i0330793,6.89727
u0020845:i0338013,6.89727
u0020845:i0359950,6.89727
u0020845:i0369610,6.89727
u0020845:i0371746,6.89727
u0020845:i0390022,6.89727
u0020845:i0425112,6.89727
u0020845:i0445934,6.89727
u0020845:i0445990,6.89727
u0020845:i0446029,6.89727
u0020845:i0448694,6.89727
u0020845:i0455944,6.89727
u0020845:i0470752,6.89727
u0020845:i0478970,6.89727
u0020845:i0486655,6.89727
u0020845:i0765446,6.89727
u0020845:i0787474,6.89727
u0020845:i0910936,6.89727
u0020845:i0942385,6.89727
u0020845:i1020072,6.89727
u0020845:i1086772,6.89727
u0020845:i1092026,6.89727
u0020845:i1144539,6.89727
u0020845:i1156398,6.89727
u0020845:i1210166,6.89727
u0020845:i1219289,6.89727
u0020845:i1300854,6.89727
u0020845:i1340138,6.89727
u0020845:i1386703,6.89727
u0020845:i1392190,6.89727
u0020845:i1398426,6.89727
u0020845:i1464580,6.89727
u0020845:i1470023,6.89727
u0020845:i1478338,6.89727
u0020845:i1545660,6.89727
u0020845:i1646971,6.89727
u0020845:i1764183,6.89727
u0020845:i1823672,6.89727
u0020845:i1843866,6.89727
u0020845:i1877832,6.89727
u0020845:i1942884,6.89727
u0020845:i1959490,6.89727
u0020845:i1981677,6.89727
u0020845:i2016940,6.89727
u0020845:i2096673,6.89727
u0020845:i2101570,6.89727
u0020845:i2179136,6.89727
u0020845:i2183034,6.89727
u0020845:i2209764,6.89727
u0020845:i2245084,6.89727
u0020845:i2265171,6.89727
u0020845:i2312718,6.89727
u0020845:i2359024,6.89727
u0020845:i2381249,6.89727
u0020845:i2395427,6.89727
u0020845:i2398249,6.89727
u0020845:i2404425,6.89727
u0020845:i2446600,6.89727
u0020845:i2515034,6.89727
u0020845:i2582802,6.89727
u0020845:i2719448,6.89727
u0020845:i2788710,6.89727
u0020845:i2802144,6.89727
u0020845:i2820852,6.89727
u0020845:i2911666,6.89727
u0020845:i2935476,6.89727
u0020845:i3074780,6.89727
u0020845:i3079380,6.89727
u0020845:i3152624,6.89727
u0020845:i3235888,6.89727
u0020845:i3316960,6.89727
u0020845:i3511812,6.89727
u0020845:i3817848,6.89727
u0020845:i4139412,6.89727
u0020850:i0087469,6.79353
u0020850:i0117060,6.44321
u0020850:i0120755,6.63491
u0020850:i0317919,6.43807
u0020850:i0478970,6.92549
u0020850:i0482571,5.6463
u0020850:i1229238,6.2214
u0020850:i2395427,7.1333
u0020851:i0368794,3.76051
u0020851:i1362518,3.47674
u0020851:i3692768,5.24819
u0020877:i0105236,7.83926
u0020877:i0109287,7.83926
u0020877:i0119008,7.83926
u0020877:i0167404,7.83926
u0020877:i0327056,7.83926
u0020877:i0364569,7.83926
u0020877:i0429493,7.83926
u0020877:i0441796,7.83926
u0020877:i0443706,7.83926
u0020877:i0477348,7.83926
u0020877:i0808506,7.83926
u0020877:i0840361,7.83926
u0020877:i0887912,7.83926
u0020877:i0945513,7.83926
u0020877:i1029360,7.83926
u0020877:i1136608,7.83926
u0020877:i1219289,7.83926
u0020877:i1340138,7.83926
u0020877:i1392190,7.83926
u0020877:i1502712,7.83926
u0020877:i1524930,7.83926
u0020877:i1568346,7.83926
u0020877:i1638355,7.83926
u0020877:i1655441,7.83926
u0020877:i1674771,7.83926
u0020877:i1853728,7.83926
u0020877:i1964418,7.83926
u0020877:i2096673,7.83926
u0020877:i2106476,7.83926
u0020877:i2120120,7.83926
u0020877:i2126355,7.83926
u0020877:i2179136,7.83926
u0020877:i2199571,7.83926
u0020877:i2218003,7.83926
u0020877:i2245084,7.83926
u0020877:i2273657,7.83926
u0020877:i2278388,7.83926
u0020877:i2279373,7.83926
u0020877:i2381249,7.83926
u0020877:i2381941,7.83926
u0020877:i2395427,7.83926
u0020877:i2561572,7.83926
u0020877:i2582802,7.83926
u0020877:i2637276,7.83926
u0020877:i2692904,7.83926
u0020877:i2802144,7.83926
u0020877:i2820852,7.83926
u0020877:i2908446,7.83926
u0020877:i2967224,7.83926
u0020877:i3079380,7.83926
u0020877:i3168230,7.83926
u0020877:i3195644,7.83926
u0020877:i3235888,7.83926
u0020877:i3713166,7.83926
u0020877:i4178092,7.83926
u0020900:i2179136,6.85428
u0020900:i2381941,6.85428
u0020900:i2802144,6.85428
u0020903:i0061722,7.68229
u0020903:i0071853,7.68229
u0020903:i0091203,7.68229
u0020903:i0096928,7.68229
u0020903:i0097940,7.68229
u0020903:i0104952,7.68229
u0020903:i0112641,7.68229
u0020903:i0118799,7.68229
u0020903:i0120188,7.68229
u0020903:i0120890,7.68229
u0020903:i0129167,7.68229
u0020903:i0140352,7.68229
u0020903:i0183505,7.68229
u0020903:i0217505,7.68229
u0020903:i0278504,7.68229
u0020903:i0289848,7.68229
u0020903:i0348150,7.68229
u0020903:i0358273,7.68229
u0020903:i0408306,7.68229
u0020903:i0419749,7.68229
u0020903:i0439815,7.68229
u0020903:i0449059,7.68229
u0020903:i0470752,7.68229
u0020903:i0472043,7.68229
u0020903:i0480255,7.68229
u0020903:i0486655,7.68229
u0020903:i0848228,7.68229
u0020903:i0884732,7.68229
u0020903:i0910554,7.68229
u0020903:i0978764,7.68229
u0020903:i0988047,7.68229
u0020903:i1023114,7.68229
u0020903:i1121096,7.68229
u0020903:i1155056,7.68229
u0020903:i1187043,7.68229
u0020903:i1210166,7.68229
u0020903:i1276419,7.68229
u0020903:i1340138,7.68229
u0020903:i1392190,7.68229
u0020903:i1470023,7.68229
u0020903:i1692486,7.68229
u0020903:i1790885,7.68229
u0020903:i1809398,7.68229
u0020903:i1821362,7.68229
u0020903:i1823672,7.68229
u0020903:i1850397,7.68229
u0020903:i1972663,7.68229
u0020903:i2042568,7.68229
u0020903:i2170593,7.68229
u0020903:i2381249,7.68229
u0020903:i2381941,7.68229
u0020903:i2395427,7.68229
u0020903:i2436386,7.68229
u0020903:i2493486,7.68229
u0020903:i2494280,7.68229
u0020903:i2524674,7.68229
u0020903:i2562232,7.68229
u0020903:i2637276,7.68229
u0020903:i2637294,7.68229
u0020903:i2785032,7.68229
u0020903:i2802144,7.68229
u0020903:i2820852,7.68229
u0020903:i2908446,7.68229
u0020903:i3011894,7.68229
u0020903:i3043546,7.68229
u0020903:i3045616,7.68229
u0020903:i3079380,7.68229
u0020903:i3235888,7.68229
u0020903:i3305316,7.68229
u0020903:i3461252,7.68229
u0020903:i3541262,7.68229
u0020903:i3713166,7.68229
u0020903:i3813310,7.68229
u0020903:i4184878,7.68229
u0020913:i0369610,7.05581
u0020913:i1216491,7.23744
u0020913:i1964418,6.87318
u0020913:i1969062,3.59248
u0020913:i2395427,7.14103
u0020913:i2614684,6.97507
u0020913:i2637276,6.73303
u0020913:i2713180,7.27181
u0020913:i2848292,6.9723
u0020913:i3478962,0
u0020913:i3630276,7.05672
u0020913:i3808342,0
u0020924:i0369610,7.09271
u0020924:i1340138,7.09271
u0020924:i1392190,7.09271
u0020924:i1600196,7.09271
u0020924:i2267998,7.09271
u0020924:i2637276,7.09271
u0020924:i2802144,7.09271
u0020924:i2911666,7.09271
u0020948:i0365907,8.77313
u0020948:i1600196,8.77313
u0020948:i1809398,8.77313
u0020948:i2179136,8.77313
u0020948:i2381249,8.77313
u0020948:i2446042,8.77313
u0020948:i2562232,8.77313
u0020948:i2713180,8.77313
u0020948:i2872718,8.77313
u0020968:i0365907,7.92598
u0020968:i1340138,7.92598
u0020968:i2381335,7.92598
u0020985:i0169547,6.65272
u0020985:i0209144,6.3456
u0020985:i0482571,5.716
u0020985:i0816692,6.85352
u0020988:i1823672,7.90024
u0020988:i2361700,7.90024
u0020988:i2515034,7.90024
u0020988:i2994190,7.90024
u0020988:i3322420,7.90024
u0020988:i3863552,7.90024
u0020991:i0099685,6.75386
u0020991:i0112641,6.0709
u0020991:i0113247,6.06974
u0020991:i0116282,6.93246
u0020991:i0118715,6.87159
u0020991:i0118884,6.89571
u0020991:i0119177,7.11829
u0020991:i0138704,6.13747
u0020991:i0145531,4.74132
u0020991:i0206634,6.5292
u0020991:i0208092,6.56454
u0020991:i0221027,5.49688
u0020991:i0238380,6.15921
u0020991:i0245712,6.52983
u0020991:i0259711,6.28411
u0020991:i0266697,5.73337
u0020991:i0315733,6.29944
u0020991:i0375679,6.06344
u0020991:i0401792,6.18204
u0020991:i0404203,4.93835
u0020991:i0435651,6.96758
u0020991:i0454921,5.58162
u0020991:i0469494,6.26546
u0020991:i0481369,6.44556
u0020991:i0816692,6.86345
u0020991:i0838221,6.74866
u0020991:i0970179,5.96198
u0020991:i1065073,7.11499
u0020991:i1182345,6.55525
u0020991:i1205489,6.30924
u0020991:i1297919,6.1125
u0020991:i1323045,5.8446
u0020991:i1424432,6.55509
u0020991:i1527186,6.35425
u0020991:i1951181,6.28623
u0020991:i2103281,7.34624
u0020991:i2179136,7.22694
u0020991:i2305051,7.28957
u0020991:i2310332,7.08561
u0020991:i2381941,7.13849
u0020991:i2614684,7.04279
u0020991:i2820852,7.06116
u0020991:i2866360,6.61321
u0020991:i2872732,7.10251
u0020991:i2980516,7.1187
u0021035:i1601823,0
u0021035:i2109131,0
u0021035:i2737018,0
u0021035:i4458206,6.17077
u0021063:i0816692,7.92598
u0021063:i0829150,7.92598
u0021063:i1206543,7.92598
u0021063:i1598778,7.92598
u0021063:i1872194,7.92598
u0021063:i1951265,7.92598
u0021063:i2039393,7.92598
u0021063:i2084970,7.92598
u0021063:i2170439,7.92598
u0021063:i2245084,7.92598
u0021063:i2267998,7.92598
u0021063:i2402157,7.92598
u0021063:i2446042,7.92598
u0021063:i2692250,7.92598
u0021063:i2713180,7.92598
u0021063:i2980516,7.92598
u0021068:i0039689,7.72229
u0021068:i0040522,7.72229
u0021068:i0044081,7.72229
u0021068:i0118607,7.72229
u0021068:i0416960,7.72229
u0021068:i0845439,7.72229
u0021104:i1791528,7.74073
u0021104:i2562232,7.74073
u0021104:i4044364,7.74073
u0021107:i0848228,6.75212
u0021107:i1631867,6.75212
u0021107:i2084970,6.75212
u0021107:i2103281,6.75212
u0021107:i2322441,6.75212
u0021110:i0407887,7.88833
u0021110:i0993846,7.88833
u0021110:i1170358,7.88833
u0021110:i1772264,7.88833
u0021110:i1800241,7.88833
u0021110:i2103281,7.88833
u0021110:i2193215,7.88833
u0021110:i2231253,7.88833
u0021110:i2381941,7.88833
u0021110:i2713180,7.88833
u0021110:i2820852,7.88833
u0021111:i0455944,7.72229
u0021111:i0815241,7.72229
u0021111:i0816692,7.72229
u0021111:i0829150,7.72229
u0021111:i1291150,7.72229
u0021111:i1392190,7.72229
u0021111:i1790864,7.72229
u0021111:i1951265,7.72229
u0021111:i2103281,7.72229
u0021111:i2106361,7.72229
u0021111:i2170439,7.72229
u0021111:i2179136,7.72229
u0021111:i2209764,7.72229
u0021111:i2245084,7.72229
u0021111:i2267998,7.72229
u0021111:i2310332,7.72229
u0021111:i2333784,7.72229
u0021111:i2381941,7.72229
u0021111:i2395427,7.72229
u0021111:i2713180,7.72229
u0021111:i2820852,7.72229
u0021111:i2872732,7.72229
u0021112:i0065126,6.67711
u0021112:i0816692,6.67711
u0021112:i1823672,6.67711
u0021112:i1840309,6.67711
u0021112:i2278388,6.67711
u0021112:i2908446,6.67711
u0021154:i0073195,7.80477
u0021154:i0900387,7.80477
u0021154:i1392190,7.80477
u0021154:i2567712,7.80477
u0021154:i2713180,7.80477
u0021154:i2802144,7.80477
u0021154:i2870648,7.80477
u0021154:i2937898,7.80477
u0021170:i0034583,6.40225
u0021170:i0041959,7.28297
u0021170:i0050083,6.30525
u0021170:i0054215,6.29153
u0021170:i0084787,4.16405
u0021170:i0114814,6.14549
u0021170:i0765443,6.67306
u0021170:i0914798,6.11736
u0021170:i0918927,6.52829
u0021170:i1683526,5.97481
u0021170:i2278388,6.96666
u0021170:i2562232,7.14477
u0021170:i2718492,7.04726
u0021170:i2764784,6.81008
u0021170:i2980516,7.12819
u0021170:i3316960,7.16866
u0021186:i0970179,6.31269
u0021186:i1045658,7.04636
u0021186:i1212450,5.76321
u0021186:i1436568,4.9532
u0021186:i1682180,6.29296
u0021186:i1840417,6.00122
u0021186:i1853728,5.76238
u0021186:i1872194,7.30489
u0021186:i2179136,7.23472
u0021186:i3698408,6.53968
u0021212:i0047396,6.73099
u0021212:i0108388,0
u0021212:i0209144,6.43625
u0021212:i2967224,6.54439
u0021223:i0458339,7.60697
u0021223:i0470752,7.60697
u0021223:i0816692,7.60697
u0021223:i1232829,7.60697
u0021223:i1285016,7.60697
u0021223:i1499658,7.60697
u0021223:i1528100,7.60697
u0021223:i1690953,7.60697
u0021223:i1706620,7.60697
u0021223:i1709143,7.60697
u0021223:i1815862,7.60697
u0021223:i1823672,7.60697
u0021223:i2179136,7.60697
u0021223:i2209764,7.60697
u0021223:i2245084,7.60697
u0021223:i2267998,7.60697
u0021223:i2338151,7.60697
u0021223:i2713180,7.60697
u0021223:i2788710,7.60697
u0021223:i2872718,7.60697
u0021223:i2911666,7.60697
u0021223:i2980794,7.60697
u0021223:i3079380,7.60697
u0021245:i0478970,7.70696
u0021245:i1655441,7.70696
u0021245:i2395427,7.70696
u0021256:i0073195,6.8971
u0021256:i0075314,6.56888
u0021256:i0082010,4.49997
u0021256:i0087332,6.75201
u0021256:i0087363,4.68911
u0021256:i0088763,5.47755
u0021256:i0088847,6.00106
u0021256:i0095016,5.45306
u0021256:i0096874,4.24352
u0021256:i0099088,5.46429
u0021256:i0102926,6.44616
u0021256:i0111161,5.95829
u0021256:i0119643,6.73722
u0021256:i0120616,3.26379
u0021256:i0120888,6.52224
u0021256:i0125439,6.73477
u0021256:i0147800,5.12817
u0021256:i0178868,0
u0021256:i0181689,6.95854
u0021256:i0208092,6.7172
u0021256:i0212985,6.61317
u0021256:i0217505,5.79726
u0021256:i0240890,6.35666
u0021256:i0266697,5.94572
u0021256:i0276751,4.31226
u0021256:i0289765,5.90458
u0021256:i0314331,4.32203
u0021256:i0337563,3.65134
u0021256:i0338013,6.25787
u0021256:i0369610,7.06348
u0021256:i0378194,5.86489
u0021256:i0379786,4.68824
u0021256:i0405422,5.24312
u0021256:i0443543,5.62522
u0021256:i0449059,6.3449
u0021256:i0450385,3.36215
u0021256:i0452623,6.72165
u0021256:i0461770,4.90185
u0021256:i0478970,6.93699
u0021256:i0756683,6.65707
u0021256:i0829482,5.50798
u0021256:i0832266,6.50786
u0021256:i0907657,6.84305
u0021256:i0974661,6.35282
u0021256:i0978764,3.85204
u0021256:i1093908,3.80348
u0021256:i1136608,6.36634
u0021256:i1193138,6.77242
u0021256:i1306980,6.2695
u0021256:i1392170,5.50097
u0021256:i1392190,7.01945
u0021256:i1403241,6.32422
u0021256:i1411238,5.97746
u0021256:i1499658,6.6089
u0021256:i1617661,7.21297
u0021256:i1632708,6.17082
u0021256:i1638002,6.60614
u0021256:i1638355,6.83782
u0021256:i1650062,5.84713
u0021256:i1659337,6.89561
u0021256:i1727770,6.51879
u0021256:i1823672,7.16651
u0021256:i1853728,5.8382
u0021256:i1855199,6.15617
u0021256:i1951264,6.26945
u0021256:i1951265,7.12648
u0021256:i1964418,6.90268
u0021256:i1981677,6.28687
u0021256:i2084970,7.12754
u0021256:i2170439,7.10972
u0021256:i2245084,7.21389
u0021256:i2267998,7.06434
u0021256:i2395427,7.14877
u0021256:i2562232,7.15232
u0021256:i2802144,7.12472
u0021256:i2820852,7.07046
u0021256:i2848292,7.00806
u0021256:i2872718,7.23786
u0021256:i2883512,7.19917
u0021256:i2911666,7.25258
u0021256:i3235888,7.15542
u0021286:i0478970,7.14968
u0021286:i1340138,7.14968
u0021286:i1392190,7.14968
u0021286:i1655441,7.14968
u0021286:i1964418,7.14968
u0021286:i2096673,7.14968
u0021286:i2120120,7.14968
u0021286:i2293640,7.14968
u0021286:i2395427,7.14968
u0021286:i2561572,7.14968
u0021286:i2820852,7.14968
u0021301:i0430357,7.67
u0021301:i1124035,7.67
u0021301:i1937390,7.67
u0021301:i2084970,7.67
u0021301:i3089326,7.67
u0021309:i0365907,7.69718
u0021309:i0455944,7.69718
u0021309:i0478970,7.69718
u0021309:i1065073,7.69718
u0021309:i1100089,7.69718
u0021309:i1175709,7.69718
u0021309:i1392190,7.69718
u0021309:i1600196,7.69718
u0021309:i1663662,7.69718
u0021309:i1791528,7.69718
u0021309:i1872194,7.69718
u0021309:i1951265,7.69718
u0021309:i1981677,7.69718
u0021309:i2039393,7.69718
u0021309:i2058107,7.69718
u0021309:i2084970,7.69718
u0021309:i2170439,7.69718
u0021309:i2180411,7.69718
u0021309:i2304771,7.69718
u0021309:i2305051,7.69718
u0021309:i2359024,7.69718
u0021309:i2381249,7.69718
u0021309:i2381941,7.69718
u0021309:i2395427,7.69718
u0021309:i2397535,7.69718
u0021309:i2562232,7.69718
u0021309:i2725962,7.69718
u0021309:i2911666,7.69718
u0021309:i2980592,7.69718
u0021309:i3152624,7.69718
u0021309:i3416742,7.69718
u0021322:i0035423,7.67
u0021322:i0064276,7.67
u0021322:i0066999,7.67
u0021322:i0067116,7.67
u0021322:i0067588,7.67
u0021322:i0067800,7.67
u0021322:i0069995,7.67
u0021322:i0079714,7.67
u0021322:i0083658,7.67
u0021322:i0094886,7.67
u0021322:i0095159,7.67
u0021322:i0100150,7.67
u0021322:i0101410,7.67
u0021322:i0114814,7.67
u0021322:i0117060,7.67
u0021322:i0118715,7.67
u0021322:i0120601,7.67
u0021322:i0144117,7.67
u0021322:i0146838,7.67
u0021322:i0159097,7.67
u0021322:i0169547,7.67
u0021322:i0191397,7.67
u0021322:i0335245,7.67
u0021322:i0364569,7.67
u0021322:i0365748,7.67
u0021322:i0408306,7.67
u0021322:i0409459,7.67
u0021322:i0418279,7.67
u0021322:i0455760,7.67
u0021322:i0458481,7.67
u0021322:i0464141,7.67
u0021322:i0478970,7.67
u0021322:i1019452,7.67
u0021322:i1135503,7.67
u0021322:i1205489,7.67
u0021322:i1291150,7.67
u0021322:i1337057,7.67
u0021322:i1343703,7.67
u0021322:i1392190,7.67
u0021322:i1648112,7.67
u0021322:i1798709,7.67
u0021322:i1979320,7.67
u0021322:i2096672,7.67
u0021322:i2101441,7.67
u0021322:i2267998,7.67
u0021322:i2306745,7.67
u0021322:i2562232,7.67
u0021322:i2802144,7.67
u0021322:i3591984,7.67
u0021322:i4084744,7.67
u0021338:i0114369,5.55541
u0021338:i0478970,6.94852
u0021338:i1245526,5.57982
u0021338:i1638355,6.87253
u0021338:i1821694,5.96137
u0021340:i0094226,7.04659
u0021340:i1674771,7.04659
u0021340:i1972779,7.04659
u0021340:i2179136,7.04659
u0021340:i2381941,7.04659
u0021340:i2652092,7.04659
u0021364:i0352248,7.40833
u0021364:i0375611,7.40833
u0021364:i0393162,7.40833
u0021364:i0468489,7.40833
u0021364:i0476964,7.40833
u0021364:i1065073,7.40833
u0021364:i1188996,7.40833
u0021364:i1270114,7.40833
u0021364:i1598642,7.40833
u0021364:i1598822,7.40833
u0021364:i1809398,7.40833
u0021364:i1921149,7.40833
u0021364:i1972571,7.40833
u0021364:i2034031,7.40833
u0021364:i2042568,7.40833
u0021364:i2101341,7.40833
u0021364:i2179136,7.40833
u0021364:i2181931,7.40833
u0021364:i2278388,7.40833
u0021364:i2326612,7.40833
u0021364:i2452254,7.40833
u0021364:i2582802,7.40833
u0021364:i2614684,7.40833
u0021364:i2717822,7.40833
u0021364:i2718492,7.40833
u0021364:i2737050,7.40833
u0021364:i2752688,7.40833
u0021364:i2764784,7.40833
u0021364:i2872718,7.40833
u0021364:i2917388,7.40833
u0021364:i2980516,7.40833
u0021364:i3316960,7.40833
u0021364:i3390572,7.40833
u0021364:i3455826,7.40833
u0021364:i3630276,7.40833
u0021366:i0097216,7.60697
u0021366:i0110413,7.60697
u0021366:i0112817,7.60697
u0021366:i0119099,7.60697
u0021366:i0159097,7.60697
u0021366:i0169547,7.60697
u0021366:i0181875,7.60697
u0021366:i0184894,7.60697
u0021366:i0369610,7.60697
u0021366:i0373074,7.60697
u0021366:i0469494,7.60697
u0021366:i0470752,7.60697
u0021366:i1034314,7.60697
u0021366:i2084970,7.60697
u0021366:i2267998,7.60697
u0021366:i2784678,7.60697
u0021366:i2848292,7.60697
u0021366:i2876428,7.60697
u0021366:i3079380,7.60697
u0021387:i0094980,6.50265
u0021387:i0112471,6.50265
u0021387:i0246578,6.50265
u0021387:i0381681,6.50265
u0021387:i0478970,6.50265
u0021387:i0947798,6.50265
u0021387:i1524930,6.50265
u0021387:i1706620,6.50265
u0021387:i2024544,6.50265
u0021387:i2096672,6.50265
u0021387:i2096673,6.50265
u0021387:i2167266,6.50265
u0021387:i2245084,6.50265
u0021387:i2375605,6.50265
u0021387:i2381249,6.50265
u0021387:i2395427,6.50265
u0021387:i2397535,6.50265
u0021387:i2562232,6.50265
u0021387:i2582802,6.50265
u0021387:i2872718,6.50265
u0021392:i0051201,7.15456
u0021392:i0388795,7.15456
u0021392:i2562232,7.15456
u0021392:i2980516,7.15456
u0021415:i0114373,7.67
u0021415:i0172543,7.67
u0021415:i1182345,7.67
u0021415:i1244668,7.67
u0021415:i2113681,7.67
u0021415:i2562232,7.67
u0021415:i2582802,7.67
u0021415:i3312830,7.67
u0021431:i1212450,7.43551
u0021431:i1392190,7.43551
u0021431:i2305051,7.43551
u0021431:i2310332,7.43551
u0021431:i2562232,7.43551
u0021431:i2884206,7.43551
u0021431:i2980516,7.43551
u0021431:i3442006,7.43551
u0021449:i0119116,7.9418
u0021449:i0264464,7.9418
u0021449:i0455944,7.9418
u0021449:i0470752,7.9418
u0021449:i1100089,7.9418
u0021449:i1790864,7.9418
u0021449:i1872194,7.9418
u0021449:i2084970,7.9418
u0021449:i2179136,7.9418
u0021449:i2562232,7.9418
u0021449:i2582802,7.9418
u0021449:i2713180,7.9418
u0021449:i2884206,7.9418
u0021449:i2980516,7.9418
u0021449:i2991224,7.9418
u0021469:i0435625,6.06946
u0021469:i0861689,4.11218
u0021469:i0861739,6.41129
u0021469:i1392190,7.02538
u0021469:i2562232,7.15988
u0021475:i0266489,0
u0021475:i0414387,6.56847
u0021475:i0416508,3.33737
u0021475:i0783233,5.28553
u0021475:i0878804,6.26977
u0021475:i1964418,6.9323
u0021475:i2126355,7.14118
u0021475:i2180411,7.11225
u0021475:i2820852,7.07978
u0021475:i2908446,6.92412
u0021487:i1318514,6.80517
u0021487:i1626146,6.80517
u0021487:i2084970,6.80517
u0021487:i2245084,6.80517
u0021487:i2278388,6.80517
u0021487:i2381249,6.80517
u0021487:i2555736,6.80517
u0021489:i0089218,7.42564
u0021489:i0112573,7.42564
u0021489:i0232500,7.42564
u0021489:i0311289,7.42564
u0021489:i0322259,7.42564
u0021489:i0367594,7.42564
u0021489:i0369610,7.42564
u0021489:i0396269,7.42564
u0021489:i0910970,7.42564
u0021489:i1234721,7.42564
u0021489:i1951265,7.42564
u0021489:i1981677,7.42564
u0021489:i2183034,7.42564
u0021489:i2562232,7.42564
u0021489:i2637294,7.42564
u0021489:i2784678,7.42564
u0021489:i2820852,7.42564
u0021489:i2908446,7.42564
u0021489:i2911666,7.42564
u0021489:i3203616,7.42564
u0021530:i0066921,7.92598
u0021530:i0071230,7.92598
u0021530:i0088286,7.92598
u0021530:i0096054,7.92598
u0021530:i0246578,7.92598
u0021530:i0289043,7.92598
u0021530:i0290673,7.92598
u0021530:i0375679,7.92598
u0021530:i0420293,7.92598
u0021530:i0448134,7.92598
u0021530:i0449471,7.92598
u0021530:i0457430,7.92598
u0021530:i0475394,7.92598
u0021530:i0478970,7.92598
u0021530:i0790724,7.92598
u0021530:i1045658,7.92598
u0021530:i1065073,7.92598
u0021530:i1100089,7.92598
u0021530:i1210166,7.92598
u0021530:i1250777,7.92598
u0021530:i1340138,7.92598
u0021530:i1343727,7.92598
u0021530:i1723811,7.92598
u0021530:i1790864,7.92598
u0021530:i1798684,7.92598
u0021530:i2120120,7.92598
u0021530:i2124787,7.92598
u0021530:i2179136,7.92598
u0021530:i2209764,7.92598
u0021530:i2268016,7.92598
u0021530:i2293640,7.92598
u0021530:i2309260,7.92598
u0021530:i2361184,7.92598
u0021530:i2562232,7.92598
u0021530:i2614684,7.92598
u0021530:i2637276,7.92598
u0021530:i2717822,7.92598
u0021530:i2752772,7.92598
u0021530:i2790182,7.92598
u0021530:i2799166,7.92598
u0021530:i2870612,7.92598
u0021530:i2870648,7.92598
u0021530:i2937898,7.92598
u0021530:i3152624,7.92598
u0021530:i3457486,7.92598
u0021530:i3467412,7.92598
u0021530:i4178092,7.92598
u0021552:i0066921,8.01173
u0021552:i0070666,8.01173
u0021552:i0108052,8.01173
u0021552:i0352248,8.01173
u0021552:i1028528,8.01173
u0021552:i1065073,8.01173
u0021552:i1126590,8.01173
u0021552:i1211956,8.01173
u0021552:i1706620,8.01173
u0021552:i1823672,8.01173
u0021552:i2084970,8.01173
u0021552:i2278388,8.01173
u0021552:i2562232,8.01173
u0021552:i2582802,8.01173
u0021552:i2872718,8.01173
u0021560:i0455944,7.37416
u0021560:i1872194,7.37416
u0021560:i2446042,7.37416
u0021605:i0478970,7.51978
u0021605:i1020072,7.51978
u0021605:i1100089,7.51978
u0021605:i1126590,7.51978
u0021605:i1392190,7.51978
u0021605:i1528100,7.51978
u0021605:i1772250,7.51978
u0021605:i2170593,7.51978
u0021605:i2179136,7.51978
u0021605:i2562232,7.51978
u0021605:i2718492,7.51978
u0021605:i2802144,7.51978
u0021618:i1126590,7.27819
u0021618:i2024544,6.94278
u0021618:i2034031,7.1699
u0021618:i2390361,6.32519
u0021618:i2802144,7.13145
u0021619:i0062622,7.4686
u0021619:i0067093,7.4686
u0021619:i0075314,7.4686
u0021619:i1327773,7.4686
u0021619:i2691498,7.4686
u0021628:i0066921,6.59888
u0021628:i0081505,6.43767
u0021628:i0120768,4.49485
u0021628:i1182345,6.73734
u0021629:i0369610,7.07117
u0021629:i1340138,7.04903
u0021629:i1964418,6.96206
u0021631:i0112573,6.34691
u0021631:i0816692,6.8734
u0021631:i2395427,7.15651
u0021631:i2908446,6.94336
u0021631:i2911666,7.26877
u0021635:i1109624,7.16285
u0021635:i1690953,6.23925
u0021635:i2245084,7.22927
u0021635:i2395427,7.16426
u0021649:i0478970,7.72229
u0021649:i0816692,7.72229
u0021649:i1198101,7.72229
u0021649:i2170439,7.72229
u0021649:i2179136,7.72229
u0021649:i3802576,7.72229
u0021649:i3863552,7.72229
u0021694:i0369610,7.70237
u0021694:i1964418,7.70237
u0021694:i2179136,7.70237
u0021694:i2224026,7.70237
u0021694:i2293640,7.70237
u0021694:i2395427,7.70237
u0021694:i2802144,7.70237
u0021694:i2980516,7.70237
u0021694:i3195644,7.70237
u0021695:i0120623,8.5283
u0021695:i0369610,8.5283
u0021695:i0442268,8.5283
u0021695:i0470752,8.5283
u0021695:i1392190,8.5283
u0021695:i1655441,8.5283
u0021695:i1937390,8.5283
u0021695:i2096673,8.5283
u0021695:i2097298,8.5283
u0021695:i2126355,8.5283
u0021695:i2179116,8.5283
u0021695:i2293640,8.5283
u0021695:i2305051,8.5283
u0021695:i2395427,8.5283
u0021695:i2582802,8.5283
u0021695:i2802144,8.5283
u0021695:i2848292,8.5283
u0021695:i3547740,8.5283
u0021695:i3622592,8.5283
u0021724:i0369610,7.43867
u0021724:i0478970,7.43867
u0021724:i1631867,7.43867
u0021724:i1674771,7.43867
u0021724:i2395427,7.43867
u0021775:i0062711,8.06352
u0021775:i0063442,8.06352
u0021775:i0065462,8.06352
u0021775:i0067065,8.06352
u0021775:i0068408,8.06352
u0021775:i0069768,8.06352
u0021775:i0079501,8.06352
u0021775:i0080745,8.06352
u0021775:i0082694,8.06352
u0021775:i0083284,8.06352
u0021775:i0089530,8.06352
u0021775:i0113142,8.06352
u0021775:i0116390,8.06352
u0021775:i0117089,8.06352
u0021775:i0133104,8.06352
u0021775:i0184503,8.06352
u0021775:i0189764,8.06352
u0021775:i0369610,8.06352
u0021775:i0880578,8.06352
u0021775:i1340138,8.06352
u0021775:i1392190,8.06352
u0021775:i1617661,8.06352
u0021775:i1687220,8.06352
u0021775:i1705786,8.06352
u0021775:i1714915,8.06352
u0021775:i1881002,8.06352
u0021775:i1964418,8.06352
u0021775:i1979319,8.06352
u0021775:i2091478,8.06352
u0021775:i2096673,8.06352
u0021775:i2126355,8.06352
u0021775:i2179136,8.06352
u0021775:i2246565,8.06352
u0021775:i2300975,8.06352
u0021775:i2316801,8.06352
u0021775:i2322441,8.06352
u0021775:i2339741,8.06352
u0021775:i2381249,8.06352
u0021775:i2382298,8.06352
u0021775:i2397535,8.06352
u0021775:i2562232,8.06352
u0021775:i2802144,8.06352
u0021775:i2820852,8.06352
u0021775:i2872718,8.06352
u0021775:i3399112,8.06352
u0021775:i3445270,8.06352
u0021779:i3062880,7.93399
u0021779:i3090634,7.93399
u0021779:i3630276,7.93399
u0021821:i0054387,7.92598
u0021821:i0062622,7.92598
u0021821:i0077215,7.92598
u0021821:i0086541,7.92598
u0021821:i0111282,7.92598
u0021821:i0114814,7.92598
u0021821:i0816692,7.92598
u0021821:i0829150,7.92598
u0021821:i0936501,7.92598
u0021821:i1598778,7.92598
u0021821:i1706620,7.92598
u0021821:i1872194,7.92598
u0021821:i1877832,7.92598
u0021821:i2096673,7.92598
u0021821:i2179136,7.92598
u0021821:i2321549,7.92598
u0021821:i3322940,7.92598
u0021854:i0097937,7.06901
u0021854:i0320661,7.06901
u0021854:i0758758,7.06901
u0021854:i0816692,7.06901
u0021854:i1065073,7.06901
u0021854:i1661199,7.06901
u0021854:i1758595,7.06901
u0021854:i2199571,7.06901
u0021854:i2381941,7.06901
u0021854:i2561572,7.06901
u0021854:i2637276,7.06901
u0021854:i2820852,7.06901
u0021854:i2980516,7.06901
u0021854:i3007512,7.06901
u0021854:i3181822,7.06901
u0021857:i0119488,7.69718
u0021857:i0816692,7.69718
u0021857:i1872194,7.69718
u0021857:i2084970,7.69718
u0021857:i2582802,7.69718
u0021857:i2713180,7.69718
u0021865:i0071455,7.5622
u0021865:i0090563,7.5622
u0021865:i0092991,7.5622
u0021865:i0099951,7.5622
u0021865:i0107969,7.5622
u0021865:i0113627,7.5622
u0021865:i0117571,7.5622
u0021865:i0164334,7.5622
u0021865:i0175142,7.5622
u0021865:i0295297,7.5622
u0021865:i0304141,7.5622
u0021865:i0840361,7.5622
u0021865:i0947810,7.5622
u0021865:i1156398,7.5622
u0021865:i1172570,7.5622
u0021865:i1228705,7.5622
u0021865:i1284575,7.5622
u0021865:i1637725,7.5622
u0021893:i1823672,7.18202
u0021893:i2397535,7.12848
u0021893:i2609912,3.50723
u0021893:i3713166,6.82373
u0021900:i0113375,7.19916
u0021900:i0369610,7.19916
u0021900:i0478970,7.19916
u0021900:i1065073,7.19916
u0021900:i1340138,7.19916
u0021900:i1823672,7.19916
u0021900:i2395427,7.19916
u0021900:i2582802,7.19916
u0021900:i2740710,7.19916
u0021900:i3169706,7.19916
u0021936:i0053125,7.43514
u0021936:i1535109,7.43514
u0021936:i1872194,7.43514
u0021936:i2562232,7.43514
u0021965:i1823672,7.19757
u0021965:i2562232,7.16745
u0021965:i2820852,7.08911
u0021965:i3622592,6.50149
u0021976:i0118842,7.47164
u0021976:i0118928,7.47164
u0021976:i0252444,7.47164
u0021976:i0272020,7.47164
u0021976:i0307987,7.47164
u0021976:i0308411,7.47164
u0021976:i0328107,7.47164
u0021976:i0453451,7.47164
u0021976:i0453467,7.47164
u0021976:i0453548,7.47164
u0021976:i1029360,7.47164
u0021976:i1289406,7.47164
u0021976:i1587310,7.47164
u0021976:i1645155,7.47164
u0021976:i1663207,7.47164
u0021976:i1682180,7.47164
u0021976:i2084970,7.47164
u0021976:i2179136,7.47164
u0021976:i2562232,7.47164
u0021976:i2802144,7.47164
u0021976:i2820852,7.47164
u0021987:i0369610,7.50908
u0021987:i0455944,7.50908
u0021987:i0458339,7.50908
u0021987:i0800369,7.50908
u0021987:i1204977,7.50908
u0021987:i1798684,7.50908
u0021987:i2096673,7.50908
u0021987:i2179136,7.50908
u0021987:i2268016,7.50908
u0021987:i2562232,7.50908
u0021987:i2802144,7.50908
u0021987:i2872732,7.50908
u0021987:i2911666,7.50908
u0022006:i0078748,7.67
u0022006:i0080120,7.67
u0022006:i0090605,7.67
u0022006:i0369610,7.67
u0022006:i0478970,7.67
u0022006:i0780504,7.67
u0022006:i0816692,7.67
u0022006:i0993846,7.67
u0022006:i1300854,7.67
u0022006:i1340138,7.67
u0022006:i1392190,7.67
u0022006:i1398426,7.67
u0022006:i1502712,7.67
u0022006:i1528100,7.67
u0022006:i1540133,7.67
u0022006:i1602613,7.67
u0022006:i1638355,7.67
u0022006:i1798684,7.67
u0022006:i1817273,7.67
u0022006:i1843866,7.67
u0022006:i1872194,7.67
u0022006:i1877832,7.67
u0022006:i2103281,7.67
u0022006:i2126355,7.67
u0022006:i2179136,7.67
u0022006:i2310332,7.67
u0022006:i2339741,7.67
u0022006:i2381249,7.67
u0022006:i2395427,7.67
u0022006:i2582802,7.67
u0022006:i2717822,7.67
u0022006:i2802144,7.67
u0022006:i2911666,7.67
u0022006:i2937898,7.67
u0022006:i2975578,7.67
u0022009:i0080684,7.60697
u0022009:i0083658,7.60697
u0022009:i0121766,7.60697
u0022009:i0369610,7.60697
u0022009:i1392190,7.60697
u0022009:i2395427,7.60697
u0022009:i2397535,7.60697
u0022009:i2802144,7.60697
u0022009:i2820852,7.60697
u0022009:i3848892,7.60697
u0022052:i1972779,7.67
u0022052:i2084970,7.67
u0022052:i2820852,7.67
u0022052:i2883434,7.67
u0022059:i0455944,7.89127
u0022059:i1631867,7.89127
u0022059:i1790864,7.89127
u0022059:i2179136,7.89127
u0022059:i2278388,7.89127
u0022059:i2446042,7.89127
u0022059:i2692250,7.89127
u0022059:i2713180,7.89127
u0022059:i2788710,7.89127
u0022059:i2872718,7.89127
u0022059:i2911666,7.89127
u0022064:i0247638,7.06092
u0022064:i0316732,7.06092
u0022064:i0369610,7.06092
u0022064:i0398375,7.06092
u0022064:i0465142,7.06092
u0022064:i0837562,7.06092
u0022064:i0944835,7.06092
u0022064:i0955308,7.06092
u0022064:i1065073,7.06092
u0022064:i1153053,7.06092
u0022064:i1632708,7.06092
u0022064:i1954598,7.06092
u0022064:i2084970,7.06092
u0022064:i2106361,7.06092
u0022064:i2140465,7.06092
u0022064:i2202086,7.06092
u0022064:i2293640,7.06092
u0022064:i2369135,7.06092
u0022064:i2381941,7.06092
u0022064:i2424988,7.06092
u0022064:i2446042,7.06092
u0022064:i2692250,7.06092
u0022064:i2788710,7.06092
u0022064:i2872750,7.06092
u0022064:i2988272,7.06092
u0022064:i3079380,7.06092
u0022064:i3322420,7.06092
u0022064:i3447364,7.06092
u0022064:i3483646,7.06092
u0022064:i3767372,7.06092
u0022064:i3848892,7.06092
u0022064:i3863552,7.06092
u0022064:i4110568,7.06092
u0022105:i1638355,7.73132
u0022105:i2785032,7.73132
u0022105:i2965412,7.73132
u0022105:i4178092,7.73132
u0022110:i0252597,6.4873
u0022110:i0756683,6.4873
u0022110:i1733105,6.4873
u0022110:i2278388,6.4873
u0022110:i2397535,6.4873
u0022110:i2562232,6.4873
u0022110:i2582802,6.4873
u0022110:i4458206,6.4873
u0022145:i0080339,7.60697
u0022145:i0258463,7.60697
u0022145:i0337563,7.60697
u0022145:i0369610,7.60697
u0022145:i0470752,7.60697
u0022145:i0478970,7.60697
u0022145:i1528071,7.60697
u0022145:i1617661,7.60697
u0022145:i1823672,7.60697
u0022145:i1964418,7.60697
u0022145:i1981677,7.60697
u0022145:i2096673,7.60697
u0022145:i2224026,7.60697
u0022145:i2381249,7.60697
u0022145:i2395427,7.60697
u0022145:i2397535,7.60697
u0022145:i2436386,7.60697
u0022145:i2802144,7.60697
u0022145:i2848292,7.60697
u0022145:i3195644,7.60697
u0022156:i0369610,6.37309
u0022156:i1392190,6.37309
u0022156:i1661199,6.37309
u0022156:i2180411,6.37309
u0022156:i2305051,6.37309
u0022156:i2322441,6.37309
u0022156:i2326554,6.37309
u0022156:i2395427,6.37309
u0022156:i2820852,6.37309
u0022156:i3398268,6.37309
u0022156:i3622592,6.37309
u0022157:i0369610,8.19833
u0022157:i0435761,8.19833
u0022157:i1911658,8.19833
u0022157:i2096672,8.19833
u0022157:i2179136,8.19833
u0022157:i2234003,8.19833
u0022157:i2446042,8.19833
u0022179:i0071562,5.49127
u0022179:i0099674,5.00489
u0022179:i0172493,5.26938
u0022179:i0268978,6.39058
u0022179:i0304415,5.04335
u0022179:i0332280,6.27354
u0022179:i0491747,0
u0022179:i1683526,6.2138
u0022179:i1769363,3.68644
u0022179:i1924396,6.7469
u0022179:i2980516,7.1377
u0022183:i0054047,7.82799
u0022183:i0060153,7.82799
u0022183:i0075148,7.82799
u0022183:i0078869,7.82799
u0022183:i0079501,7.82799
u0022183:i0079817,7.82799
u0022183:i0082398,7.82799
u0022183:i0082694,7.82799
u0022183:i0084602,7.82799
u0022183:i0086960,7.82799
u0022183:i0087277,7.82799
u0022183:i0091129,7.82799
u0022183:i0092965,7.82799
u0022183:i0093058,7.82799
u0022183:i0101507,7.82799
u0022183:i0102526,7.82799
u0022183:i0103644,7.82799
u0022183:i0105793,7.82799
u0022183:i0108399,7.82799
u0022183:i0109444,7.82799
u0022183:i0110632,7.82799
u0022183:i0113161,7.82799
u0022183:i0113497,7.82799
u0022183:i0114369,7.82799
u0022183:i0116778,7.82799
u0022183:i0119217,7.82799
u0022183:i0120611,7.82799
u0022183:i0120903,7.82799
u0022183:i0162661,7.82799
u0022183:i0181689,7.82799
u0022183:i0208003,7.82799
u0022183:i0232500,7.82799
u0022183:i0241527,7.82799
u0022183:i0261392,7.82799
u0022183:i0283534,7.82799
u0022183:i0285823,7.82799
u0022183:i0298203,7.82799
u0022183:i0298814,7.82799
u0022183:i0322259,7.82799
u0022183:i0325980,7.82799
u0022183:i0374900,7.82799
u0022183:i0378194,7.82799
u0022183:i0383574,7.82799
u0022183:i0443680,7.82799
u0022183:i0449088,7.82799
u0022183:i0463985,7.82799
u0022183:i0478970,7.82799
u0022183:i0790724,7.82799
u0022183:i0816692,7.82799
u0022183:i0831387,7.82799
u0022183:i1013752,7.82799
u0022183:i1014763,7.82799
u0022183:i1077258,7.82799
u0022183:i1190080,7.82799
u0022183:i1243957,7.82799
u0022183:i1596343,7.82799
u0022183:i1617661,7.82799
u0022183:i1731141,7.82799
u0022183:i1827579,7.82799
u0022183:i1872194,7.82799
u0022183:i1905041,7.82799
u0022183:i1921064,7.82799
u0022183:i1959490,7.82799
u0022183:i2002718,7.82799
u0022183:i2140373,7.82799
u0022183:i2209764,7.82799
u0022183:i2267998,7.82799
u0022183:i2294449,7.82799
u0022183:i2333784,7.82799
u0022183:i2395427,7.82799
u0022183:i2628316,7.82799
u0022183:i2692250,7.82799
u0022183:i2713180,7.82799
u0022183:i2802144,7.82799
u0022183:i2883512,7.82799
u0022183:i3169706,7.82799
u0022186:i0258000,6.71367
u0022186:i0309698,6.9813
u0022186:i0482572,5.98564
u0022186:i0816692,6.88336
u0022186:i1058017,6.00134
u0022186:i1392190,7.03132
u0022186:i1810683,6.93876
u0022186:i2084970,7.13493
u0022186:i2180411,7.14911
u0022211:i0095953,7.26743
u0022211:i0816692,7.26743
u0022211:i2084970,7.26743
u0022211:i2170593,7.26743
u0022211:i2267998,7.26743
u0022211:i2278388,7.26743
u0022211:i2562232,7.26743
u0022211:i2582802,7.26743
u0022211:i2713180,7.26743
u0022211:i2872718,7.26743
u0022211:i2911666,7.26743
u0022211:i2980516,7.26743
u0022242:i0783233,5.54981
u0022242:i1814836,0
u0022242:i1865505,6.87624
u0022242:i2170593,7.12784
u0022242:i2558550,0
u0022271:i1259521,7.59476
u0022271:i1547234,7.59476
u0022271:i2402157,7.59476
u0022302:i0097937,7.85409
u0022302:i1065073,7.85409
u0022302:i1840309,7.85409
u0022302:i2106476,7.85409
u0022302:i2582846,7.85409
u0022304:i0160862,5.24817
u0022304:i0398375,6.16584
u0022304:i0431308,3.86185
u0022304:i0815236,6.07856
u0022304:i1046163,0
u0022304:i1538401,0
u0022304:i1600195,3.77623
u0022304:i1638002,6.66788
u0022304:i1850397,7.15458
u0022304:i2322441,7.19543
u0022327:i2267998,7.08174
u0022327:i2582802,7.20556
u0022327:i2884206,7.05076
u0022332:i0110413,5.94153
u0022332:i0328107,5.63278
u0022332:i0452623,6.9706
u0022332:i1205489,6.5064
u0022332:i1244754,6.50615
u0022332:i1392190,7.03727
u0022332:i1535109,5.91558
u0022332:i2802144,7.13819
u0022348:i0369610,7.07886
u0022348:i0472043,6.44511
u0022348:i2015381,6.93337
u0022348:i2334879,6.7547
u0022350:i2084970,7.72229
u0022350:i2267998,7.72229
u0022350:i2310332,7.72229
u0022350:i2582802,7.72229
u0022363:i0078788,6.83384
u0022363:i2562232,6.83384
u0022363:i2820852,6.83384
u0022380:i0993846,7.63196
u0022380:i1100089,7.63196
u0022380:i2170439,7.63196
u0022380:i2199571,7.63196
u0022380:i2333784,7.63196
u0022380:i2381941,7.63196
u0022380:i2561572,7.63196
u0022380:i2802144,7.63196
u0022380:i2872718,7.63196
u0022380:i2872732,7.63196
u0022380:i3079380,7.63196
u0022380:i4008652,7.63196
u0022384:i1065073,7.13573
u0022384:i1343092,6.24619
u0022384:i2084970,7.14232
u0022442:i0454876,6.06395
u0022442:i1126590,7.3167
u0022442:i1674771,6.88933
u0022442:i1798709,6.84338
u0022442:i1850397,7.22472
u0022442:i2039393,7.19064
u0022442:i2084970,7.14972
u0022442:i2126355,7.16356
u0022442:i2179136,7.24251
u0022442:i2278388,6.99208
u0022442:i2395427,7.17203
u0022442:i2582802,7.21351
u0022442:i2975578,6.42872
u0022442:i2980516,7.14722
u0022449:i0050825,7.89127
u0022449:i0051378,7.89127
u0022449:i0052556,7.89127
u0022449:i0053472,7.89127
u0022449:i0054331,7.89127
u0022449:i0054494,7.89127
u0022449:i0055572,7.89127
u0022449:i0056663,7.89127
u0022449:i0057012,7.89127
u0022449:i0057345,7.89127
u0022449:i0059592,7.89127
u0022449:i0062622,7.89127
u0022449:i0066921,7.89127
u0022449:i0072684,7.89127
u0022449:i0081505,7.89127
u0022449:i0092651,7.89127
u0022449:i0093058,7.89127
u0022449:i0114329,7.89127
u0022449:i0117056,7.89127
u0022449:i0120663,7.89127
u0022449:i0120863,7.89127
u0022449:i0191043,7.89127
u0022449:i0369702,7.89127
u0022449:i0415607,7.89127
u0022449:i0499537,7.89127
u0022449:i0845439,7.89127
u0022449:i1320082,7.89127
u0022449:i1872194,7.89127
u0022449:i2170593,7.89127
u0022449:i2234003,7.89127
u0022449:i2267998,7.89127
u0022449:i2316411,7.89127
u0022449:i2343793,7.89127
u0022449:i2359024,7.89127
u0022449:i2562232,7.89127
u0022449:i2567712,7.89127
u0022449:i2582802,7.89127
u0022449:i2616810,7.89127
u0022449:i2652092,7.89127
u0022449:i2713180,7.89127
u0022449:i2741806,7.89127
u0022449:i2785032,7.89127
u0022449:i2802154,7.89127
u0022449:i2872718,7.89127
u0022449:i2980516,7.89127
u0022449:i3060492,7.89127
u0022449:i3253930,7.89127
u0022469:i0253474,7.25264
u0022469:i0386588,7.25264
u0022469:i0499556,7.25264
u0022469:i1259521,7.25264
u0022469:i1436568,7.25264
u0022469:i1675434,7.25264
u0022469:i2624412,7.25264
u0022486:i0309698,7.43514
u0022486:i0332280,7.43514
u0022486:i0452623,7.43514
u0022486:i0816442,7.43514
u0022486:i1020072,7.43514
u0022486:i1951265,7.43514
u0022486:i1980929,7.43514
u0022486:i2199571,7.43514
u0022486:i2381941,7.43514
u0022486:i2562232,7.43514
u0022486:i2567712,7.43514
u0022486:i2582802,7.43514
u0022486:i2802144,7.43514
u0022486:i2872718,7.43514
u0022486:i2980516,7.43514
u0022488:i0816692,7.60697
u0022488:i2084970,7.60697
u0022488:i2245084,7.60697
u0022488:i4178092,7.60697
u0022494:i0435651,8.12121
u0022494:i0470752,8.12121
u0022494:i1661199,8.12121
u0022494:i2224026,8.12121
u0022494:i2229820,8.12121
u0022501:i0274812,6.83114
u0022501:i0369610,6.83114
u0022501:i1193138,6.83114
u0022501:i1637725,6.83114
u0022501:i1667310,6.83114
u0022501:i1674771,6.83114
u0022501:i1790864,6.83114
u0022501:i1956620,6.83114
u0022501:i1964418,6.83114
u0022501:i2103281,6.83114
u0022501:i2234155,6.83114
u0022501:i2278388,6.83114
u0022501:i2304771,6.83114
u0022501:i2310332,6.83114
u0022501:i2463288,6.83114
u0022501:i2562232,6.83114
u0022501:i2637276,6.83114
u0022501:i2788710,6.83114
u0022501:i2883512,6.83114
u0022501:i2908446,6.83114
u0022501:i2980516,6.83114
u0022501:i3042800,6.83114
u0022501:i3316960,6.83114
u0022501:i4178092,6.83114
u0022501:i4257858,6.83114
u0022501:i4353376,6.83114
u0022523:i0470752,7.50908
u0022523:i1109624,7.50908
u0022523:i1823672,7.50908
u0022523:i2305051,7.50908
u0022523:i2395427,7.50908
u0022523:i2802144,7.50908
u0022523:i2820852,7.50908
u0022523:i2872718,7.50908
u0022523:i2872732,7.50908
u0022534:i2338151,6.93502
u0022534:i2980516,7.15675
u0022534:i2980648,7.04092
u0022568:i1121096,7.60697
u0022568:i1340138,7.60697
u0022568:i1392190,7.60697
u0022568:i1661199,7.60697
u0022568:i2084970,7.60697
u0022568:i2140379,7.60697
u0022568:i2179136,7.60697
u0022568:i2180411,7.60697
u0022568:i2268016,7.60697
u0022568:i2395427,7.60697
u0022568:i2452200,7.60697
u0022568:i2692250,7.60697
u0022568:i2726560,7.60697
u0022568:i2820852,7.60697
u0022568:i3064298,7.60697
u0022568:i3152624,7.60697
u0022568:i3851324,7.60697
u0022569:i0013257,7.54682
u0022569:i0118755,7.54682
u0022569:i0119668,7.54682
u0022569:i0120102,7.54682
u0022569:i0159382,7.54682
u0022569:i0472198,7.54682
u0022569:i1045658,7.54682
u0022569:i1340800,7.54682
u0022569:i1531901,7.54682
u0022569:i1655442,7.54682
u0022569:i1659337,7.54682
u0022569:i1723811,7.54682
u0022569:i1785612,7.54682
u0022569:i1912398,7.54682
u0022569:i2014338,7.54682
u0022569:i2381941,7.54682
u0022603:i0369610,6.37331
u0022603:i2179136,6.37331
u0022603:i2180411,6.37331
u0022603:i2381249,6.37331
u0022603:i2381941,6.37331
u0022603:i2395427,6.37331
u0022603:i2562232,6.37331
u0022603:i2820852,6.37331
u0022603:i2911666,6.37331
u0022603:i3195644,6.37331
u0022604:i0166924,8.43571
u0022604:i0315733,8.43571
u0022604:i1126590,8.43571
u0022604:i1392190,8.43571
u0022604:i1524930,8.43571
u0022604:i1638355,8.43571
u0022604:i1937149,8.43571
u0022604:i2562232,8.43571
u0022604:i2582802,8.43571
u0022604:i2802144,8.43571
u0022604:i2884206,8.43571
u0022604:i2991224,8.43571
u0022637:i0077745,5.53432
u0022637:i0083907,0
u0022637:i0114369,5.62001
u0022637:i0120623,6.15752
u0022637:i0180093,6.48381
u0022637:i0183649,6.08544
u0022637:i0243655,7.00635
u0022637:i0368447,5.09605
u0022637:i0373469,6.56419
u0022637:i0384642,0
u0022637:i0441007,0
u0022637:i0446029,6.9526
u0022637:i0457400,3.66673
u0022637:i1092026,6.50622
u0022637:i1245492,6.66424
u0022637:i1259521,5.63068
u0022637:i1323594,6.74095
u0022637:i1540133,6.47148
u0022637:i1612774,4.90518
u0022637:i1690953,6.42276
u0022637:i1702425,0
u0022637:i1790886,6.16032
u0022637:i2096673,7.03327
u0022637:i2184339,6.4472
u0022637:i2245084,7.24468
u0022637:i2293640,7.07692
u0022637:i2326554,6.82002
u0022637:i2395427,7.1798
u0022637:i2446042,7.20413
u0022637:i2802144,7.14493
u0022637:i2975578,6.5573
u0022637:i3045616,6.83802
u0022647:i0068646,5.52859
u0022647:i0217505,6.07332
u0022647:i0329388,3.78863
u0022647:i0419887,6.68032
u0022647:i0816442,6.84017
u0022647:i1392190,7.04321
u0022647:i1832382,6.3296
u0022647:i1924396,6.8742
u0022647:i2848292,7.044
u0022672:i0369610,6.75505
u0022672:i2126355,6.75505
u0022672:i2562232,6.75505
u0022672:i3195644,6.75505
u0022689:i2084970,6.88444
u0022689:i2267998,6.88444
u0022689:i2316411,6.88444
u0022689:i2884206,6.88444
u0022718:i2084970,7.15713
u0022718:i2179136,7.2503
u0022718:i2278388,7.0176
u0022718:i2322441,7.21949
u0022718:i3045616,6.89406
u0022727:i0369610,7.08657
u0022727:i0478970,6.96006
u0022727:i0884732,7.10321
u0022727:i1340138,7.06594
u0022727:i1408253,6.62474
u0022727:i1502712,6.95738
u0022727:i1524930,6.72005
u0022727:i2262227,7.33335
u0022727:i2726560,6.68872
u0022727:i2848292,7.08012
u0022727:i3152624,6.837
u0022727:i3195644,6.94601
u0022746:i0070242,0
u0022746:i0369610,7.09428
u0022746:i0407887,6.15551
u0022746:i1392190,7.04917
u0022746:i1502712,6.99955
u0022746:i1731141,6.91457
u0022746:i1877832,6.84074
u0022746:i2088003,6.52439
u0022746:i2096673,7.04862
u0022746:i2293640,7.10237
u0022746:i2381249,7.01611
u0022746:i2637276,6.75964
u0022746:i3079380,6.90345
u0022752:i1029360,7.73679
u0022752:i2309260,7.73679
u0022752:i2395427,7.73679
u0022752:i2802144,7.73679
u0022752:i3195644,7.73679
u0022773:i0054215,7.41341
u0022773:i0075686,7.41341
u0022773:i0102926,7.41341
u0022773:i2267998,7.41341
u0022773:i3442006,7.41341
u0022790:i0368226,7.37625
u0022790:i0369610,7.37625
u0022790:i0470752,7.37625
u0022790:i0478970,7.37625
u0022790:i1340138,7.37625
u0022790:i1392190,7.37625
u0022790:i1502712,7.37625
u0022790:i1638355,7.37625
u0022790:i1798684,7.37625
u0022790:i2096673,7.37625
u0022790:i2381249,7.37625
u0022790:i3152624,7.37625
u0022798:i0359950,7.34564
u0022798:i0816692,7.34564
u0022798:i1216491,7.34564
u0022798:i1872194,7.34564
u0022798:i2013293,7.34564
u0022798:i2245084,7.34564
u0022798:i2562232,7.34564
u0022798:i2576852,7.34564
u0022814:i0073195,7.77498
u0022814:i0080339,7.77498
u0022814:i0094336,7.77498
u0022814:i0103639,7.77498
u0022814:i0107290,7.77498
u0022814:i0109040,7.77498
u0022814:i0117060,7.77498
u0022814:i0118655,7.77498
u0022814:i0119177,7.77498
u0022814:i0119488,7.77498
u0022814:i0120148,7.77498
u0022814:i0133952,7.77498
u0022814:i0164181,7.77498
u0022814:i0264472,7.77498
u0022814:i0348150,7.77498
u0022814:i0369610,7.77498
u0022814:i0398286,7.77498
u0022814:i0433362,7.77498
u0022814:i0438488,7.77498
u0022814:i0470752,7.77498
u0022814:i0478970,7.77498
u0022814:i0480687,7.77498
u0022814:i0822854,7.77498
u0022814:i0910936,7.77498
u0022814:i0945513,7.77498
u0022814:i1020072,7.77498
u0022814:i1057500,7.77498
u0022814:i1068680,7.77498
u0022814:i1211956,7.77498
u0022814:i1219289,7.77498
u0022814:i1226229,7.77498
u0022814:i1231587,7.77498
u0022814:i1250777,7.77498
u0022814:i1298649,7.77498
u0022814:i1314228,7.77498
u0022814:i1352824,7.77498
u0022814:i1375666,7.77498
u0022814:i1386588,7.77498
u0022814:i1386703,7.77498
u0022814:i1401152,7.77498
u0022814:i1424432,7.77498
u0022814:i1441395,7.77498
u0022814:i1446714,7.77498
u0022814:i1457767,7.77498
u0022814:i1499658,7.77498
u0022814:i1615147,7.77498
u0022814:i1790885,7.77498
u0022814:i1798684,7.77498
u0022814:i2084970,7.77498
u0022814:i2126355,7.77498
u0022814:i2179136,7.77498
u0022814:i2184339,7.77498
u0022814:i2294629,7.77498
u0022814:i2381941,7.77498
u0022814:i2397535,7.77498
u0022814:i2561572,7.77498
u0022814:i2866360,7.77498
u0022814:i2980516,7.77498
u0022814:i3152624,7.77498
u0022817:i0816692,6.68534
u0022817:i1392190,6.68534
u0022817:i1823672,6.68534
u0022817:i1971325,6.68534
u0022817:i2535470,6.68534
u0022817:i3074780,6.68534
u0022817:i3416742,6.68534
u0022817:i3910602,6.68534
u0022841:i0369610,6.46038
u0022841:i1340138,6.46038
u0022841:i1617661,6.46038
u0022841:i1638355,6.46038
u0022841:i2084970,6.46038
u0022851:i0106977,6.94009
u0022851:i0107048,6.94009
u0022851:i0369610,6.94009
u0022851:i1502712,6.94009
u0022851:i1571249,6.94009
u0022851:i1809398,6.94009
u0022851:i1862079,6.94009
u0022851:i1951264,6.94009
u0022851:i1964418,6.94009
u0022851:i2179136,6.94009
u0022851:i2395427,6.94009
u0022851:i2562232,6.94009
u0022851:i2820852,6.94009
u0022852:i2073016,7.67
u0022852:i2097298,7.67
u0022852:i2338151,7.67
u0022852:i2381941,7.67
u0022852:i2802144,7.67
u0022852:i3011894,7.67
u0022856:i0046521,7.42237
u0022856:i0050083,7.42237
u0022856:i0099685,7.42237
u0022856:i0206634,7.42237
u0022856:i0242587,7.42237
u0022856:i0245574,7.42237
u0022856:i0457430,7.42237
u0022856:i0470752,7.42237
u0022856:i1371150,7.42237
u0022856:i1392190,7.42237
u0022856:i1398426,7.42237
u0022856:i1740707,7.42237
u0022856:i1791682,7.42237
u0022856:i1865505,7.42237
u0022856:i1954701,7.42237
u0022856:i2096673,7.42237
u0022856:i2246565,7.42237
u0022856:i2415458,7.42237
u0022856:i2582496,7.42237
u0022856:i2618368,7.42237
u0022856:i2624412,7.42237
u0022856:i2764784,7.42237
u0022856:i2872732,7.42237
u0022856:i2891070,7.42237
u0022856:i3011894,7.42237
u0022856:i3316960,7.42237
u0022856:i3398268,7.42237
u0022856:i3409392,7.42237
u0022856:i4126304,7.42237
u0022872:i1311071,6.26366
u0022872:i2179136,7.25811
u0022872:i2180411,7.18615
u0022872:i2278388,7.04322
u0022872:i2582802,7.22147
u0022872:i2884206,7.11001
u0022872:i3253930,7.12608
u0022872:i3547740,6.66001
u0022872:i3790012,3.80348
u0022900:i0059274,7.19972
u0022900:i1823672,7.19972
u0022900:i3121710,7.19972
u0022903:i0452694,5.80074
u0022903:i1186830,6.4852
u0022903:i1198156,5.93502
u0022903:i1655441,6.94183
u0022903:i1872194,7.32772
u0022903:i1999995,5.08771
u0022903:i2096673,7.06402
u0022903:i2358925,7.04029
u0022903:i2381941,7.15146
u0022903:i2788716,7.1575
u0022903:i2872732,7.13682
u0022907:i0369610,8.5404
u0022907:i0787475,8.5404
u0022907:i1033575,8.5404
u0022907:i1047011,8.5404
u0022907:i1065073,8.5404
u0022907:i1109624,8.5404
u0022907:i1206543,8.5404
u0022907:i1234721,8.5404
u0022907:i1389137,8.5404
u0022907:i1486834,8.5404
u0022907:i1528071,8.5404
u0022907:i1605717,8.5404
u0022907:i1626146,8.5404
u0022907:i1911658,8.5404
u0022907:i1951265,8.5404
u0022907:i1980929,8.5404
u0022907:i2084970,8.5404
u0022907:i2101569,8.5404
u0022907:i2167266,8.5404
u0022907:i2182972,8.5404
u0022907:i2224026,8.5404
u0022907:i2245084,8.5404
u0022907:i2267998,8.5404
u0022907:i2305051,8.5404
u0022907:i2310332,8.5404
u0022907:i2398249,8.5404
u0022907:i2402157,8.5404
u0022907:i2465146,8.5404
u0022907:i2562232,8.5404
u0022907:i2582802,8.5404
u0022907:i2725962,8.5404
u0022907:i2788710,8.5404
u0022907:i2872718,8.5404
u0022907:i2980516,8.5404
u0022907:i3169706,8.5404
u0022907:i3316960,8.5404
u0022913:i0081573,8.13333
u0022913:i0097523,8.13333
u0022913:i0107290,8.13333
u0022913:i0108065,8.13333
u0022913:i0110478,8.13333
u0022913:i0113189,8.13333
u0022913:i0113497,8.13333
u0022913:i0117381,8.13333
u0022913:i0118972,8.13333
u0022913:i0119567,8.13333
u0022913:i0120338,8.13333
u0022913:i0120591,8.13333
u0022913:i0162222,8.13333
u0022913:i0266697,8.13333
u0022913:i0369610,8.13333
u0022913:i0407887,8.13333
u0022913:i0491152,8.13333
u0022913:i0790636,8.13333
u0022913:i0945513,8.13333
u0022913:i1014763,8.13333
u0022913:i1130884,8.13333
u0022913:i1132285,8.13333
u0022913:i1191111,8.13333
u0022913:i1327773,8.13333
u0022913:i1375666,8.13333
u0022913:i1392190,8.13333
u0022913:i1674771,8.13333
u0022913:i1675434,8.13333
u0022913:i2199571,8.13333
u0022913:i2267998,8.13333
u0022913:i2293640,8.13333
u0022913:i2304915,8.13333
u0022913:i2395427,8.13333
u0022913:i2446042,8.13333
u0022913:i2967224,8.13333
u0022921:i0060472,7.95198
u0022921:i0120633,7.95198
u0022921:i0455944,7.95198
u0022921:i0816692,7.95198
u0022921:i0816711,7.95198
u0022921:i1109624,7.95198
u0022921:i1211956,7.95198
u0022921:i1272878,7.95198
u0022921:i1649419,7.95198
u0022921:i1711425,7.95198
u0022921:i1924435,7.95198
u0022921:i2294449,7.95198
u0022921:i2446042,7.95198
u0022921:i2637276,7.95198
u0022921:i2872718,7.95198
u0023011:i0369610,7.47838
u0023011:i0470752,7.47838
u0023011:i0493464,7.47838
u0023011:i1534085,7.47838
u0023011:i1823672,7.47838
u0023011:i2084970,7.47838
u0023011:i3480796,7.47838
u0023025:i0805564,6.20732
u0023025:i1086772,6.69616
u0023025:i1995341,5.39625
u0023025:i2039393,7.23673
u0023025:i2084970,7.16455
u0023025:i2170593,7.16834
u0023025:i2509850,7.33198
u0023025:i2562232,7.17503
u0023025:i3139538,6.24494
u0023025:i3387648,6.69491
u0023035:i0369610,7.39027
u0023035:i0478970,7.39027
u0023035:i0903657,7.39027
u0023035:i1335975,7.39027
u0023035:i1392190,7.39027
u0023035:i2179136,7.39027
u0023035:i2310332,7.39027
u0023035:i2395427,7.39027
u0023035:i2870648,7.39027
u0023035:i3079380,7.39027
u0023035:i3181822,7.39027
u0023035:i3832914,7.39027
u0023057:i0081505,6.90939
u0023057:i0100157,6.90939
u0023057:i0103639,6.90939
u0023057:i0120382,6.90939
u0023057:i0272152,6.90939
u0023057:i0338013,6.90939
u0023057:i0365748,6.90939
u0023057:i0416960,6.90939
u0023057:i0802948,6.90939
u0023057:i0816692,6.90939
u0023057:i1109624,6.90939
u0023057:i1155592,6.90939
u0023057:i1243974,6.90939
u0023057:i1567437,6.90939
u0023057:i1655441,6.90939
u0023057:i1772250,6.90939
u0023057:i1772288,6.90939
u0023057:i1810683,6.90939
u0023057:i1816518,6.90939
u0023057:i1823672,6.90939
u0023057:i2082197,6.90939
u0023057:i2120152,6.90939
u0023057:i2199571,6.90939
u0023057:i2293640,6.90939
u0023057:i2395427,6.90939
u0023057:i2582802,6.90939
u0023057:i2637276,6.90939
u0023057:i2883512,6.90939
u0023057:i3011894,6.90939
u0023057:i3042408,6.90939
u0023057:i3205376,6.90939
u0023057:i3450650,6.90939
u0023057:i3745620,6.90939
u0023057:i4044364,6.90939
u0023072:i0055913,6.93419
u0023072:i1438176,6.93419
u0023072:i2084970,6.93419
u0023072:i2180411,6.93419
u0023072:i3416742,6.93419
u0023081:i1661199,6.84817
u0023081:i2582802,6.84817
u0023081:i2980516,6.84817
u0023128:i0050986,6.83384
u0023128:i0079470,6.83384
u0023128:i0169547,6.83384
u0023128:i0295297,6.83384
u0023128:i0373889,6.83384
u0023128:i0397535,6.83384
u0023128:i0404030,6.83384
u0023128:i0457939,6.83384
u0023128:i0993846,6.83384
u0023128:i1201607,6.83384
u0023128:i1675434,6.83384
u0023128:i2082197,6.83384
u0023128:i2322441,6.83384
u0023128:i2350496,6.83384
u0023142:i0298203,7.67
u0023142:i2381941,7.67
u0023142:i2883512,7.67
u0023145:i1220719,3.92205
u0023145:i1386932,2.28268
u0023145:i2084970,7.17197
u0023147:i2179136,6.81344
u0023147:i2381941,6.81344
u0023147:i2802144,6.81344
u0023158:i0816692,7.92598
u0023158:i1661199,7.92598
u0023158:i2802144,7.92598
u0023163:i0317248,6.67979
u0023163:i2084970,6.67979
u0023163:i2614700,6.67979
u0023170:i0107206,7.72229
u0023170:i0128445,7.72229
u0023170:i0172493,7.72229
u0023170:i0369610,7.72229
u0023170:i0478970,7.72229
u0023170:i1065073,7.72229
u0023170:i1605783,7.72229
u0023170:i2084970,7.72229
u0023170:i2096673,7.72229
u0023170:i2316411,7.72229
u0023170:i2395427,7.72229
u0023172:i0046912,7.67
u0023172:i0100157,7.67
u0023172:i0139654,7.67
u0023172:i0183649,7.67
u0023172:i1243957,7.67
u0023172:i1340107,7.67
u0023172:i1396226,7.67
u0023172:i1631867,7.67
u0023172:i1674784,7.67
u0023172:i1772288,7.67
u0023172:i2438644,7.67
u0023172:i2713180,7.67
u0023178:i0421715,8.01558
u0023178:i0477302,8.01558
u0023178:i1109624,8.01558
u0023178:i1126590,8.01558
u0023178:i1340138,8.01558
u0023178:i1441953,8.01558
u0023178:i1781922,8.01558
u0023178:i1921149,8.01558
u0023178:i2096673,8.01558
u0023178:i2305051,8.01558
u0023178:i2369543,8.01558
u0023178:i2414766,8.01558
u0023178:i2562232,8.01558
u0023178:i2785032,8.01558
u0023178:i2802144,8.01558
u0023178:i2965412,8.01558
u0023178:i3011894,8.01558
u0023178:i3079380,8.01558
u0023179:i1065073,7.15654
u0023179:i1329404,0
u0023179:i1524930,6.8121
u0023179:i1638355,6.90742
u0023179:i1647668,6.85285
u0023179:i2027136,0
u0023179:i2363439,0
u0023179:i2381249,7.02866
u0023179:i2473602,6.74451
u0023179:i2637276,6.78636
u0023179:i2679042,6.67484
u0023179:i2975578,6.68844
u0023195:i0107290,8.43571
u0023195:i0369610,8.43571
u0023195:i0372784,8.43571
u0023195:i0454876,8.43571
u0023195:i0478970,8.43571
u0023195:i0848228,8.43571
u0023195:i1318514,8.43571
u0023195:i1340138,8.43571
u0023195:i1345836,8.43571
u0023195:i1392190,8.43571
u0023195:i1454468,8.43571
u0023195:i1617661,8.43571
u0023195:i1641841,8.43571
u0023195:i1823672,8.43571
u0023195:i1964418,8.43571
u0023195:i2024544,8.43571
u0023195:i2126355,8.43571
u0023195:i2199571,8.43571
u0023195:i2381941,8.43571
u0023195:i2395427,8.43571
u0023195:i2401097,8.43571
u0023195:i2493486,8.43571
u0023195:i2515034,8.43571
u0023195:i2717822,8.43571
u0023195:i2802144,8.43571
u0023195:i2820852,8.43571
u0023195:i2908446,8.43571
u0023195:i3029476,8.43571
u0023195:i3247714,8.43571
u0023195:i3321300,8.43571
u0023195:i3488328,8.43571
u0023195:i3622332,8.43571
u0023226:i0114148,7.67
u0023226:i1017456,7.67
u0023226:i1198156,7.67
u0023226:i1921149,7.67
u0023226:i2582802,7.67
u0023233:i1392190,8.12934
u0023233:i1661199,8.12934
u0023233:i1825157,8.12934
u0023243:i0107290,6.56657
u0023243:i1528100,7.29005
u0023243:i1951265,7.15774
u0023243:i2310332,7.11935
u0023243:i2358925,7.18696
u0023243:i2713180,7.2899
u0023243:i2784678,7.17113
u0023243:i2911666,7.28499
u0023243:i3247714,6.96812
u0023260:i0369610,6.84703
u0023260:i0478970,6.84703
u0023260:i1340138,6.84703
u0023260:i1502712,6.84703
u0023260:i1524930,6.84703
u0023260:i1617661,6.84703
u0023260:i1638355,6.84703
u0023260:i1790864,6.84703
u0023260:i2120120,6.84703
u0023260:i2126355,6.84703
u0023260:i2179136,6.84703
u0023260:i2268016,6.84703
u0023260:i2293640,6.84703
u0023260:i2309260,6.84703
u0023260:i2381249,6.84703
u0023260:i2381941,6.84703
u0023260:i2395427,6.84703
u0023260:i2446042,6.84703
u0023260:i2561572,6.84703
u0023260:i2637276,6.84703
u0023260:i2637294,6.84703
u0023260:i2679042,6.84703
u0023260:i2752772,6.84703
u0023260:i2820852,6.84703
u0023260:i2848292,6.84703
u0023260:i2908446,6.84703
u0023260:i2911666,6.84703
u0023260:i3007512,6.84703
u0023260:i3152624,6.84703
u0023260:i3195644,6.84703
u0023261:i0137523,7.60697
u0023261:i2096672,7.60697
u0023261:i2231253,7.60697
u0023261:i2562232,7.60697
u0023261:i2788710,7.60697
u0023267:i0045793,7.13069
u0023267:i0059749,7.13069
u0023267:i0069995,7.13069
u0023267:i0071532,7.13069
u0023267:i0074958,7.13069
u0023267:i0470752,7.13069
u0023267:i0787474,7.13069
u0023267:i0816692,7.13069
u0023267:i1109624,7.13069
u0023267:i1126590,7.13069
u0023267:i1181614,7.13069
u0023267:i1191111,7.13069
u0023267:i1371150,7.13069
u0023267:i1441953,7.13069
u0023267:i1486834,7.13069
u0023267:i1571249,7.13069
u0023267:i1605717,7.13069
u0023267:i1613750,7.13069
u0023267:i1791528,7.13069
u0023267:i1791682,7.13069
u0023267:i1921149,7.13069
u0023267:i1972571,7.13069
u0023267:i2035630,7.13069
u0023267:i2103281,7.13069
u0023267:i2172584,7.13069
u0023267:i2179136,7.13069
u0023267:i2261331,7.13069
u0023267:i2267998,7.13069
u0023267:i2305051,7.13069
u0023267:i2316411,7.13069
u0023267:i2321549,7.13069
u0023267:i2382298,7.13069
u0023267:i2395417,7.13069
u0023267:i2397535,7.13069
u0023267:i2452254,7.13069
u0023267:i2473602,7.13069
u0023267:i2473794,7.13069
u0023267:i2479800,7.13069
u0023267:i2562232,7.13069
u0023267:i2576852,7.13069
u0023267:i2581244,7.13069
u0023267:i2582802,7.13069
u0023267:i2639344,7.13069
u0023267:i2675914,7.13069
u0023267:i2718492,7.13069
u0023267:i2756032,7.13069
u0023267:i2802144,7.13069
u0023267:i2802154,7.13069
u0023267:i2866360,7.13069
u0023267:i2870708,7.13069
u0023267:i2872718,7.13069
u0023267:i2872732,7.13069
u0023267:i2937898,7.13069
u0023267:i2980516,7.13069
u0023267:i3011894,7.13069
u0023267:i3079380,7.13069
u0023267:i3152624,7.13069
u0023267:i3169706,7.13069
u0023267:i3177316,7.13069
u0023267:i3235888,7.13069
u0023267:i3316960,7.13069
u0023270:i0065566,7.64349
u0023270:i0071746,7.64349
u0023270:i0089560,7.64349
u0023270:i0117318,7.64349
u0023270:i0117998,7.64349
u0023270:i0120834,7.64349
u0023270:i0190590,7.64349
u0023270:i0250797,7.64349
u0023270:i0265349,7.64349
u0023270:i0406816,7.64349
u0023270:i0408839,7.64349
u0023270:i0434409,7.64349
u0023270:i0462338,7.64349
u0023270:i0469623,7.64349
u0023270:i0800308,7.64349
u0023270:i0861739,7.64349
u0023270:i0945513,7.64349
u0023270:i1029360,7.64349
u0023270:i1100089,7.64349
u0023270:i1214962,7.64349
u0023270:i1340138,7.64349
u0023270:i1372686,7.64349
u0023270:i1392190,7.64349
u0023270:i1403865,7.64349
u0023270:i1560747,7.64349
u0023270:i1600196,7.64349
u0023270:i1617661,7.64349
u0023270:i1772264,7.64349
u0023270:i1791528,7.64349
u0023270:i1809398,7.64349
u0023270:i1823672,7.64349
u0023270:i2039393,7.64349
u0023270:i2084970,7.64349
u0023270:i2096673,7.64349
u0023270:i2126355,7.64349
u0023270:i2179136,7.64349
u0023270:i2224026,7.64349
u0023270:i2279373,7.64349
u0023270:i2293640,7.64349
u0023270:i2381941,7.64349
u0023270:i2395427,7.64349
u0023270:i2402101,7.64349
u0023270:i2403558,7.64349
u0023270:i2436386,7.64349
u0023270:i2446042,7.64349
u0023270:i2515030,7.64349
u0023270:i2515034,7.64349
u0023270:i2582802,7.64349
u0023270:i2717822,7.64349
u0023270:i2820852,7.64349
u0023270:i2870756,7.64349
u0023270:i2937898,7.64349
u0023270:i3011894,7.64349
u0023270:i3079380,7.64349
u0023270:i3181822,7.64349
u0023270:i3297330,7.64349
u0023270:i3316960,7.64349
u0023270:i3713166,7.64349
u0023270:i3824386,7.64349
u0023270:i4279250,7.64349
u0023290:i0478087,7.13388
u0023290:i0816692,7.13388
u0023290:i1328634,7.13388
u0023290:i1638002,7.13388
u0023290:i1833673,7.13388
u0023290:i1924396,7.13388
u0023290:i2084970,7.13388
u0023290:i2245084,7.13388
u0023290:i2582802,7.13388
u0023290:i2802144,7.13388
u0023290:i2908446,7.13388
u0023290:i3045616,7.13388
u0023299:i1392190,7.81176
u0023299:i1638355,7.81176
u0023299:i1666287,7.81176
u0023299:i2096673,7.81176
u0023299:i2179136,7.81176
u0023299:i2381941,7.81176
u0023299:i2395427,7.81176
u0023299:i2562232,7.81176
u0023299:i2802144,7.81176
u0023299:i2820852,7.81176
u0023299:i2980516,7.81176
u0023299:i3233418,7.81176
u0023299:i3863552,7.81176
u0023312:i0364045,7.62471
u0023312:i0470752,7.62471
u0023312:i0478970,7.62471
u0023312:i0884732,7.62471
u0023312:i1020072,7.62471
u0023312:i1103275,7.62471
u0023312:i1126590,7.62471
u0023312:i1340138,7.62471
u0023312:i1392190,7.62471
u0023312:i1791528,7.62471
u0023312:i1809398,7.62471
u0023312:i1872194,7.62471
u0023312:i2039393,7.62471
u0023312:i2084970,7.62471
u0023312:i2170593,7.62471
u0023312:i2179136,7.62471
u0023312:i2199571,7.62471
u0023312:i2305051,7.62471
u0023312:i2321549,7.62471
u0023312:i2325719,7.62471
u0023312:i2358925,7.62471
u0023312:i2381249,7.62471
u0023312:i2381335,7.62471
u0023312:i2381941,7.62471
u0023312:i2395427,7.62471
u0023312:i2561572,7.62471
u0023312:i2582802,7.62471
u0023312:i2673812,7.62471
u0023312:i2713180,7.62471
u0023312:i2752688,7.62471
u0023312:i2784678,7.62471
u0023312:i2802144,7.62471
u0023312:i2908446,7.62471
u0023312:i2937898,7.62471
u0023312:i2965412,7.62471
u0023312:i2980516,7.62471
u0023312:i3079380,7.62471
u0023312:i3892434,7.62471
u0023312:i4323536,7.62471
u0023322:i0025492,7.60552
u0023322:i0426459,7.60552
u0023322:i1934458,7.60552
u0023339:i0470752,6.86442
u0023339:i1823672,6.86442
u0023339:i2179136,6.86442
u0023339:i2381249,6.86442
u0023339:i2381941,6.86442
u0023339:i2561572,6.86442
u0023339:i2582802,6.86442
u0023339:i2637276,6.86442
u0023373:i0369610,6.8999
u0023373:i2039393,6.8999
u0023373:i2179136,6.8999
u0023373:i2245084,6.8999
u0023373:i2279373,6.8999
u0023373:i2381249,6.8999
u0023373:i2436386,6.8999
u0023373:i2582802,6.8999
u0023373:i2637276,6.8999
u0023373:i3152624,6.8999
u0023373:i3959690,6.8999
u0023373:i4257858,6.8999
u0023382:i0099674,5.20509
u0023382:i0253474,5.92537
u0023382:i0328107,5.92924
u0023382:i0361748,6.38861
u0023382:i0369610,7.102
u0023382:i0780504,6.924
u0023382:i0829482,5.77027
u0023382:i1049413,5.78927
u0023382:i1124035,6.37736
u0023382:i1130884,5.6989
u0023382:i1182345,6.92449
u0023382:i1276104,6.03423
u0023382:i1334260,4.39507
u0023382:i1392190,7.05513
u0023382:i1661199,7.13433
u0023382:i1911644,6.35815
u0023382:i1922777,6.4879
u0023382:i2059171,4.44284
u0023382:i2273657,6.68533
u0023382:i2334649,6.8951
u0023382:i2395427,7.18757
u0023382:i2436386,7.17436
u0023382:i2561572,7.03348
u0023382:i2848292,7.11643
u0023382:i2908446,6.96264
u0023382:i3079380,6.92005
u0023382:i3813310,6.36263
u0023389:i1951265,7.92598
u0023389:i1972779,7.92598
u0023389:i2582802,7.92598
u0023389:i2980516,7.92598
u0023392:i0079640,7.27906
u0023392:i0765429,7.27906
u0023392:i0816692,7.27906
u0023392:i1135525,7.27906
u0023392:i1182345,7.27906
u0023392:i1219289,7.27906
u0023392:i1450321,7.27906
u0023392:i1457767,7.27906
u0023392:i1491044,7.27906
u0023392:i1670345,7.27906
u0023392:i1823672,7.27906
u0023392:i2039393,7.27906
u0023392:i2084970,7.27906
u0023392:i2179116,7.27906
u0023392:i2310332,7.27906
u0023392:i2393845,7.27906
u0023392:i2562232,7.27906
u0023392:i2910814,7.27906
u0023396:i0068646,7.04614
u0023396:i0114369,7.04614
u0023396:i0180093,7.04614
u0023396:i0369610,7.04614
u0023396:i1340138,7.04614
u0023396:i1399683,7.04614
u0023396:i1454468,7.04614
u0023396:i1922777,7.04614
u0023396:i2179136,7.04614
u0023396:i2267998,7.04614
u0023396:i2370248,7.04614
u0023396:i2381249,7.04614
u0023396:i2381941,7.04614
u0023396:i2562232,7.04614
u0023396:i2582802,7.04614
u0023396:i2802144,7.04614
u0023396:i2820852,7.04614
u0023396:i3235888,7.04614
u0023421:i0477348,7.92598
u0023421:i1028532,7.92598
u0023421:i2042568,7.92598
u0023422:i1638355,8.05557
u0023422:i1674771,8.05557
u0023422:i1675434,8.05557
u0023422:i1772288,8.05557
u0023422:i2179136,8.05557
u0023422:i2322441,8.05557
u0023422:i2395427,8.05557
u0023422:i2802144,8.05557
u0023442:i0112641,7.48766
u0023442:i0918927,7.48766
u0023442:i1065073,7.48766
u0023442:i1263670,7.48766
u0023442:i1371150,7.48766
u0023442:i2095649,7.48766
u0023442:i2179136,7.48766
u0023442:i2278388,7.48766
u0023442:i2324384,7.48766
u0023444:i0053125,7.60697
u0023444:i0968264,7.60697
u0023444:i1385826,7.60697
u0023446:i0073650,6.19106
u0023446:i0993846,6.98796
u0023446:i1024648,6.38141
u0023446:i1571222,6.67611
u0023446:i1937390,7.07909
u0023446:i2101570,5.02823
u0023446:i2382009,6.5594
u0023446:i2948790,6.24267
u0023446:i3162938,2.95356
u0023446:i3479316,7.17194
u0023461:i0109707,7.92598
u0023461:i0844479,7.92598
u0023461:i1418377,7.92598
u0023461:i2179136,7.92598
u0023461:i2562232,7.92598
u0023461:i2582802,7.92598
u0023463:i0073195,7.33992
u0023463:i0087800,7.33992
u0023463:i0097428,7.33992
u0023463:i0100802,7.33992
u0023463:i0110475,7.33992
u0023463:i0118688,7.33992
u0023463:i0120737,7.33992
u0023463:i0120815,7.33992
u0023463:i0167261,7.33992
u0023463:i0172156,7.33992
u0023463:i0185431,7.33992
u0023463:i0256380,7.33992
u0023463:i0332452,7.33992
u0023463:i0800369,7.33992
u0023463:i1234721,7.33992
u0023463:i1300854,7.33992
u0023463:i1340138,7.33992
u0023463:i1392190,7.33992
u0023463:i1502712,7.33992
u0023463:i1646987,7.33992
u0023463:i2179136,7.33992
u0023463:i2245084,7.33992
u0023463:i2293640,7.33992
u0023463:i2713180,7.33992
u0023463:i2802144,7.33992
u0023503:i0156887,8.05667
u0023503:i0347149,8.05667
u0023503:i0398808,8.05667
u0023503:i0446029,8.05667
u0023503:i0457430,8.05667
u0023503:i0478970,8.05667
u0023503:i1291584,8.05667
u0023503:i2338151,8.05667
u0023503:i2582846,8.05667
u0023503:i2870756,8.05667
u0023503:i2980516,8.05667
u0023519:i0116282,8.28518
u0023519:i0120032,8.28518
u0023519:i0369610,8.28518
u0023519:i0472160,8.28518
u0023519:i0478970,8.28518
u0023519:i0864835,8.28518
u0023519:i1502712,8.28518
u0023519:i2096673,8.28518
u0023519:i2113683,8.28518
u0023519:i2245084,8.28518
u0023519:i2293640,8.28518
u0023519:i2395427,8.28518
u0023519:i2581244,8.28518
u0023519:i2802144,8.28518
u0023519:i2848292,8.28518
u0023534:i2582802,7.92598
u0023534:i2802154,7.92598
u0023534:i2911666,7.92598
u0023534:i4393514,7.92598
u0023536:i0120735,6.89727
u0023536:i0327056,6.89727
u0023536:i0385002,6.89727
u0023536:i0419677,6.89727
u0023536:i0488120,6.89727
u0023536:i0795368,6.89727
u0023536:i0887912,6.89727
u0023536:i1458175,6.89727
u0023536:i1614989,6.89727
u0023536:i1855199,6.89727
u0023536:i2275946,6.89727
u0023536:i2287715,6.89727
u0023536:i2659414,6.89727
u0023536:i2675914,6.89727
u0023536:i3060492,6.89727
u0023536:i3089778,6.89727
u0023536:i3697626,6.89727
u0023548:i0816692,6.70622
u0023548:i2245084,6.70622
u0023548:i2293640,6.70622
u0023548:i2820852,6.70622
u0023558:i1702014,6.80808
u0023558:i1809398,7.09471
u0023558:i2084970,7.1794
u0023558:i2381941,7.16447
u0023558:i2726560,6.75561
u0023558:i2883434,6.90307
u0023558:i2980472,6.82459
u0023558:i3181822,6.98277
u0023558:i3442006,7.28928
u0023576:i0081974,7.96652
u0023576:i1182350,7.96652
u0023576:i2562232,7.96652
u0023582:i0478970,7.09444
u0023582:i1502712,7.09444
u0023582:i2381249,7.09444
u0023584:i0117913,7.92598
u0023584:i0246677,7.92598
u0023584:i0340376,7.92598
u0023584:i0356618,7.92598
u0023584:i0427969,7.92598
u0023584:i0470752,7.92598
u0023584:i0808151,7.92598
u0023584:i1033643,7.92598
u0023584:i1126618,7.92598
u0023584:i1244754,7.92598
u0023584:i1297919,7.92598
u0023584:i1528100,7.92598
u0023584:i1547234,7.92598
u0023584:i1564585,7.92598
u0023584:i1617661,7.92598
u0023584:i1790864,7.92598
u0023584:i1809398,7.92598
u0023584:i1869716,7.92598
u0023584:i1956620,7.92598
u0023584:i1979320,7.92598
u0023584:i2179136,7.92598
u0023584:i2203939,7.92598
u0023584:i2267998,7.92598
u0023584:i2273657,7.92598
u0023584:i2884206,7.92598
u0023584:i2980516,7.92598
u0023584:i3128900,7.92598
u0023615:i0128278,7.65667
u0023615:i1647668,7.65667
u0023615:i2281551,7.65667
u0023627:i0092890,6.71806
u0023627:i0102609,6.71806
u0023627:i0172495,6.71806
u0023627:i0328099,6.71806
u0023627:i0369610,6.71806
u0023627:i1340138,6.71806
u0023627:i1392190,6.71806
u0023627:i1617661,6.71806
u0023627:i2126355,6.71806
u0023627:i2395427,6.71806
u0023627:i2820852,6.71806
u0023646:i1823672,7.07705
u0023646:i2179136,7.07705
u0023646:i2980516,7.07705
u0023649:i0478970,7.40635
u0023649:i1121096,7.40635
u0023649:i1392190,7.40635
u0023649:i1964418,7.40635
u0023649:i2126355,7.40635
u0023649:i2293640,7.40635
u0023649:i2381249,7.40635
u0023649:i2395427,7.40635
u0023649:i3612616,7.40635
u0023649:i4285496,7.40635
u0023649:i4663992,7.40635
u0023655:i0088930,7.34364
u0023655:i0404030,7.34364
u0023655:i0433383,7.34364
u0023681:i0032553,7.25781
u0023681:i0071360,7.25781
u0023681:i0079470,7.25781
u0023681:i0082340,7.25781
u0023681:i0087928,7.25781
u0023681:i0090859,7.25781
u0023681:i0092086,7.25781
u0023681:i0094597,7.25781
u0023681:i0098471,7.25781
u0023681:i0104348,7.25781
u0023681:i0110955,7.25781
u0023681:i0118880,7.25781
u0023681:i0120655,7.25781
u0023681:i0126886,7.25781
u0023681:i0175880,7.25781
u0023681:i0232500,7.25781
u0023681:i0247425,7.25781
u0023681:i0265666,7.25781
u0023681:i0300051,7.25781
u0023681:i0322259,7.25781
u0023681:i0377107,7.25781
u0023681:i0401792,7.25781
u0023681:i0414993,7.25781
u0023681:i0424345,7.25781
u0023681:i0426883,7.25781
u0023681:i0443274,7.25781
u0023681:i0455944,7.25781
u0023681:i0470752,7.25781
u0023681:i0478970,7.25781
u0023681:i0795461,7.25781
u0023681:i0822854,7.25781
u0023681:i0829150,7.25781
u0023681:i0898367,7.25781
u0023681:i1032755,7.25781
u0023681:i1065073,7.25781
u0023681:i1086772,7.25781
u0023681:i1100089,7.25781
u0023681:i1126590,7.25781
u0023681:i1204977,7.25781
u0023681:i1273235,7.25781
u0023681:i1321511,7.25781
u0023681:i1336617,7.25781
u0023681:i1355630,7.25781
u0023681:i1385867,7.25781
u0023681:i1392190,7.25781
u0023681:i1396523,7.25781
u0023681:i1440292,7.25781
u0023681:i1441395,7.25781
u0023681:i1528071,7.25781
u0023681:i1600196,7.25781
u0023681:i1609479,7.25781
u0023681:i1621046,7.25781
u0023681:i1706620,7.25781
u0023681:i1742336,7.25781
u0023681:i1798684,7.25781
u0023681:i1872818,7.25781
u0023681:i1879032,7.25781
u0023681:i1881002,7.25781
u0023681:i1905041,7.25781
u0023681:i1913166,7.25781
u0023681:i1932718,7.25781
u0023681:i1980929,7.25781
u0023681:i2034031,7.25781
u0023681:i2084970,7.25781
u0023681:i2170593,7.25781
u0023681:i2172584,7.25781
u0023681:i2179136,7.25781
u0023681:i2180994,7.25781
u0023681:i2201548,7.25781
u0023681:i2238050,7.25781
u0023681:i2239832,7.25781
u0023681:i2294677,7.25781
u0023681:i2305051,7.25781
u0023681:i2316411,7.25781
u0023681:i2321549,7.25781
u0023681:i2322441,7.25781
u0023681:i2381941,7.25781
u0023681:i2395427,7.25781
u0023681:i2446042,7.25781
u0023681:i2463288,7.25781
u0023681:i2582802,7.25781
u0023681:i2692904,7.25781
u0023681:i2713180,7.25781
u0023681:i2802144,7.25781
u0023681:i2820852,7.25781
u0023681:i2870756,7.25781
u0023681:i2872718,7.25781
u0023681:i2872732,7.25781
u0023681:i2908446,7.25781
u0023681:i2910274,7.25781
u0023681:i2911666,7.25781
u0023681:i2926810,7.25781
u0023681:i2937898,7.25781
u0023681:i2980516,7.25781
u0023681:i2980592,7.25781
u0023681:i3005242,7.25781
u0023681:i3181822,7.25781
u0023681:i3235888,7.25781
u0023681:i3316960,7.25781
u0023681:i3318750,7.25781
u0023681:i3322940,7.25781
u0023681:i3442006,7.25781
u0023693:i0144084,6.19978
u0023693:i0470752,7.09786
u0023693:i0478970,6.97162
u0023693:i2395427,7.19536
u0023693:i2980516,7.16629
u0023738:i0050083,7.52882
u0023738:i1065073,7.52882
u0023738:i1126590,7.52882
u0023738:i1791528,7.52882
u0023738:i2084970,7.52882
u0023738:i2231646,7.52882
u0023738:i2562232,7.52882
u0023738:i2574576,7.52882
u0023738:i2582802,7.52882
u0023738:i2639344,7.52882
u0023738:i2737050,7.52882
u0023738:i2802154,7.52882
u0023738:i2891174,7.52882
u0023738:i2980516,7.52882
u0023738:i3099498,7.52882
u0023738:i3169706,7.52882
u0023738:i3416742,7.52882
u0023738:i3576072,7.52882
u0023738:i3589290,7.52882
u0023738:i3779814,7.52882
u0023766:i2473794,8.1944
u0023766:i2562232,8.1944
u0023766:i2872732,8.1944
u0023818:i0831387,7.60697
u0023818:i1291150,7.60697
u0023818:i1631867,7.60697
u0023818:i1723121,7.60697
u0023818:i2103281,7.60697
u0023830:i0790636,7.60697
u0023830:i1821549,7.60697
u0023830:i2322441,7.60697
u0023830:i2562232,7.60697
u0023832:i0884732,7.60697
u0023832:i1371150,7.60697
u0023832:i1872194,7.60697
u0023832:i2170299,7.60697
u0023832:i2170593,7.60697
u0023833:i2179136,8.10228
u0023833:i2446042,8.10228
u0023833:i2582802,8.10228
u0023833:i2911666,8.10228
u0023835:i0816692,6.83384
u0023835:i1567437,6.83384
u0023835:i2395427,6.83384
u0023855:i0076759,7.0821
u0023855:i0080684,7.0821
u0023855:i0114814,7.0821
u0023855:i0119488,7.0821
u0023855:i0120915,7.0821
u0023855:i0121765,7.0821
u0023855:i0121766,7.0821
u0023855:i1392190,7.0821
u0023855:i1638355,7.0821
u0023855:i1655441,7.0821
u0023855:i2034031,7.0821
u0023855:i2278388,7.0821
u0023855:i2436386,7.0821
u0023855:i2582496,7.0821
u0023855:i2582802,7.0821
u0023855:i2637276,7.0821
u0023855:i2713180,7.0821
u0023855:i2870612,7.0821
u0023855:i2872718,7.0821
u0023855:i2918436,7.0821
u0023855:i3195644,7.0821
u0023855:i3622592,7.0821
u0023855:i3713166,7.0821
u0023875:i0053925,7.2066
u0023875:i1798684,7.2066
u0023875:i1979320,7.2066
u0023903:i0092067,6.2686
u0023903:i1504320,6.2686
u0023903:i1629374,6.2686
u0023903:i2096673,6.2686
u0023903:i2293640,6.2686
u0023903:i2802144,6.2686
u0023922:i0080339,7.67
u0023922:i0369610,7.67
u0023922:i0455944,7.67
u0023922:i1121096,7.67
u0023922:i1470827,7.67
u0023922:i1617661,7.67
u0023922:i1731141,7.67
u0023922:i1814621,7.67
u0023922:i1964418,7.67
u0023922:i2179136,7.67
u0023922:i2267998,7.67
u0023922:i2381941,7.67
u0023922:i2555736,7.67
u0023922:i2637276,7.67
u0023922:i2788710,7.67
u0023922:i2802144,7.67
u0023922:i2820852,7.67
u0023922:i2908446,7.67
u0023922:i3079380,7.67
u0023922:i3168230,7.67
u0023927:i0155711,0
u0023927:i0365907,7.15959
u0023927:i0369610,7.10973
u0023927:i0455944,7.07726
u0023927:i1086772,6.82746
u0023927:i1422136,4.2619
u0023927:i1480295,6.80589
u0023927:i1726592,7.18775
u0023927:i1800246,6.5927
u0023927:i1899353,6.22801
u0023927:i1945084,6.86939
u0023927:i1972571,7.13442
u0023927:i2059171,4.88713
u0023927:i2103254,6.93793
u0023927:i2170593,7.20907
u0023927:i2179136,7.26592
u0023927:i2267998,7.09918
u0023927:i2397535,7.1683
u0023927:i2446042,7.22392
u0023927:i2893490,6.33465
u0023927:i3480796,6.28454
u0023948:i0477347,7.67
u0023948:i1133985,7.67
u0023948:i3169706,7.67
u0024018:i0435651,6.23149
u0024018:i0478970,6.23149
u0024018:i1109624,6.23149
u0024018:i1121096,6.23149
u0024018:i1617661,6.23149
u0024018:i1661199,6.23149
u0024018:i2293640,6.23149
u0024018:i2395427,6.23149
u0024018:i2802144,6.23149
u0024018:i3079380,6.23149
u0024018:i3622592,6.23149
u0024034:i0032138,7.60697
u0024034:i0032553,7.60697
u0024034:i0038890,7.60697
u0024034:i0040522,7.60697
u0024034:i0041959,7.60697
u0024034:i0042876,7.60697
u0024034:i0046521,7.60697
u0024034:i0047478,7.60697
u0024034:i0047528,7.60697
u0024034:i0049406,7.60697
u0024034:i0052618,7.60697
u0024034:i0053472,7.60697
u0024034:i0055630,7.60697
u0024034:i0056193,7.60697
u0024034:i0060107,7.60697
u0024034:i0060138,7.60697
u0024034:i0062229,7.60697
u0024034:i0071129,7.60697
u0024034:i0071853,7.60697
u0024034:i0074486,7.60697
u0024034:i0077742,7.60697
u0024034:i0078841,7.60697
u0024034:i0079470,7.60697
u0024034:i0079766,7.60697
u0024034:i0083922,7.60697
u0024034:i0086022,7.60697
u0024034:i0087884,7.60697
u0024034:i0088258,7.60697
u0024034:i0089881,7.60697
u0024034:i0090756,7.60697
u0024034:i0091167,7.60697
u0024034:i0091670,7.60697
u0024034:i0094737,7.60697
u0024034:i0097937,7.60697
u0024034:i0098724,7.60697
u0024034:i0100234,7.60697
u0024034:i0104694,7.60697
u0024034:i0106677,7.60697
u0024034:i0107943,7.60697
u0024034:i0112817,7.60697
u0024034:i0120265,7.60697
u0024034:i0120382,7.60697
u0024034:i0120601,7.60697
u0024034:i0166896,7.60697
u0024034:i0166924,7.60697
u0024034:i0185125,7.60697
u0024034:i0195685,7.60697
u0024034:i0209463,7.60697
u0024034:i0265666,7.60697
u0024034:i0301357,7.60697
u0024034:i0309987,7.60697
u0024034:i0338564,7.60697
u0024034:i0342556,7.60697
u0024034:i0362227,7.60697
u0024034:i0365376,7.60697
u0024034:i0379217,7.60697
u0024034:i0401383,7.60697
u0024034:i0412019,7.60697
u0024034:i0416320,7.60697
u0024034:i0432283,7.60697
u0024034:i0959337,7.60697
u0024034:i1020773,7.60697
u0024034:i1053810,7.60697
u0024034:i1109624,7.60697
u0024034:i1120985,7.60697
u0024034:i1131729,7.60697
u0024034:i1136608,7.60697
u0024034:i1216496,7.60697
u0024034:i1360860,7.60697
u0024034:i1441395,7.60697
u0024034:i1560747,7.60697
u0024034:i1659337,7.60697
u0024034:i1675192,7.60697
u0024034:i1748122,7.60697
u0024034:i1791528,7.60697
u0024034:i1872194,7.60697
u0024034:i1937390,7.60697
u0024034:i2084970,7.60697
u0024034:i2209418,7.60697
u0024034:i2267998,7.60697
u0024034:i2278871,7.60697
u0024034:i2322441,7.60697
u0024034:i2334873,7.60697
u0024034:i2370248,7.60697
u0024034:i2382009,7.60697
u0024034:i2397535,7.60697
u0024034:i2562232,7.60697
u0024034:i2582802,7.60697
u0024034:i2718492,7.60697
u0024034:i2737050,7.60697
u0024034:i2802154,7.60697
u0024034:i2872718,7.60697
u0024034:i2980516,7.60697
u0024034:i3011894,7.60697
u0024034:i4229236,7.60697
u0024041:i0097165,6.29468
u0024041:i0478970,6.9832
u0024041:i1020530,5.64096
u0024041:i1136608,6.54823
u0024041:i1392190,7.06109
u0024041:i1731141,7.10145
u0024041:i1823672,7.21315
u0024041:i1937149,5.98391
u0024041:i2802144,7.15167
u0024041:i3316948,7.21937
u0024045:i0114369,5.68536
u0024045:i1392190,7.06706
u0024045:i2084970,7.18684
u0024047:i0074285,7.90696
u0024047:i0120338,7.90696
u0024047:i0221344,7.90696
u0024047:i0317248,7.90696
u0024047:i0317705,7.90696
u0024047:i0369610,7.90696
u0024047:i0384537,7.90696
u0024047:i0433035,7.90696
u0024047:i0449059,7.90696
u0024047:i0478970,7.90696
u0024047:i0758758,7.90696
u0024047:i0840361,7.90696
u0024047:i0878804,7.90696
u0024047:i0887912,7.90696
u0024047:i1029360,7.90696
u0024047:i1127715,7.90696
u0024047:i1131734,7.90696
u0024047:i1155076,7.90696
u0024047:i1170389,7.90696
u0024047:i1228987,7.90696
u0024047:i1242460,7.90696
u0024047:i1247690,7.90696
u0024047:i1291584,7.90696
u0024047:i1300854,7.90696
u0024047:i1303828,7.90696
u0024047:i1340138,7.90696
u0024047:i1343727,7.90696
u0024047:i1421051,7.90696
u0024047:i1499658,7.90696
u0024047:i1502712,7.90696
u0024047:i1524575,7.90696
u0024047:i1527186,7.90696
u0024047:i1528071,7.90696
u0024047:i1568346,7.90696
u0024047:i1588398,7.90696
u0024047:i1637725,7.90696
u0024047:i1646971,7.90696
u0024047:i1648216,7.90696
u0024047:i1655442,7.90696
u0024047:i1659337,7.90696
u0024047:i1692190,7.90696
u0024047:i1757742,7.90696
u0024047:i1933647,7.90696
u0024047:i1979320,7.90696
u0024047:i2015381,7.90696
u0024047:i2096673,7.90696
u0024047:i2309260,7.90696
u0024047:i2318360,7.90696
u0024047:i2321549,7.90696
u0024047:i2381249,7.90696
u0024047:i2395427,7.90696
u0024047:i2872718,7.90696
u0024047:i2977546,7.90696
u0024047:i3005242,7.90696
u0024047:i3195644,7.90696
u0024047:i3208978,7.90696
u0024047:i3235888,7.90696
u0024047:i3970854,7.90696
u0024047:i4126304,7.90696
u0024047:i4382552,7.90696
u0024071:i0369610,7.60697
u0024071:i0379557,7.60697
u0024071:i0470752,7.60697
u0024071:i0494222,7.60697
u0024071:i0900387,7.60697
u0024071:i1020072,7.60697
u0024071:i1029360,7.60697
u0024071:i1121977,7.60697
u0024071:i1392190,7.60697
u0024071:i1486843,7.60697
u0024071:i1567437,7.60697
u0024071:i1655441,7.60697
u0024071:i1661199,7.60697
u0024071:i1791682,7.60697
u0024071:i1809398,7.60697
u0024071:i1951265,7.60697
u0024071:i2084970,7.60697
u0024071:i2126355,7.60697
u0024071:i2140619,7.60697
u0024071:i2170439,7.60697
u0024071:i2170593,7.60697
u0024071:i2179136,7.60697
u0024071:i2381941,7.60697
u0024071:i2436386,7.60697
u0024071:i2788716,7.60697
u0024071:i2802144,7.60697
u0024071:i2911666,7.60697
u0024071:i2967224,7.60697
u0024071:i2980516,7.60697
u0024071:i2980592,7.60697
u0024071:i3021360,7.60697
u0024071:i3079380,7.60697
u0024071:i3235888,7.60697
u0024077:i0253474,6.03118
u0024077:i0470752,7.11012
u0024077:i1327773,6.76557
u0024077:i1504320,7.00222
u0024077:i1542344,6.60757
u0024077:i2582846,6.57367
u0024077:i2820852,7.09844
u0024077:i2967224,6.6242
u0024077:i3450650,6.51246
u0024085:i0206314,5.81856
u0024085:i0232500,6.50917
u0024085:i0450259,5.8518
u0024085:i0464041,4.34789
u0024085:i1430612,6.79182
u0024085:i2094018,3.96299
u0024085:i2933474,5.83589
u0024101:i0369610,7.11746
u0024101:i1250777,6.4464
u0024101:i2561572,7.0646
u0024119:i0057115,8.10812
u0024119:i0203119,8.10812
u0024119:i0408306,8.10812
u0024119:i0808399,8.10812
u0024119:i1758692,8.10812
u0024119:i1791528,8.10812
u0024119:i2179136,8.10812
u0024119:i2358891,8.10812
u0024119:i2802144,8.10812
u0024142:i0115940,7.90696
u0024142:i0423866,7.90696
u0024142:i0805564,7.90696
u0024142:i1282140,7.90696
u0024142:i1714206,7.90696
u0024142:i2084970,7.90696
u0024142:i2096673,7.90696
u0024142:i2350496,7.90696
u0024142:i2562232,7.90696
u0024142:i2567712,7.90696
u0024142:i2576852,7.90696
u0024142:i2582846,7.90696
u0024142:i2872718,7.90696
u0024142:i2884206,7.90696
u0024142:i2980516,7.90696
u0024142:i3011894,7.90696
u0024142:i3235888,7.90696
u0024142:i3416742,7.90696
u0024142:i3544082,7.90696
u0024165:i0369610,7.67
u0024165:i0454921,7.67
u0024165:i1028532,7.67
u0024165:i2126355,7.67
u0024165:i2334779,7.67
u0024165:i3337550,7.67
u0024165:i3742284,7.67
u0024165:i4114758,7.67
u0024188:i0102138,6.27179
u0024188:i0107290,6.66759
u0024188:i0112442,6.96373
u0024188:i0115571,0
u0024188:i0265086,6.28166
u0024188:i0266987,5.2956
u0024188:i0835418,0
u0024188:i3268458,7.05061
u0024191:i0264464,6.29243
u0024191:i0407887,6.25479
u0024191:i0478970,6.9948
u0024191:i2381249,7.04123
u0024191:i4178092,6.74352
u0024254:i0478970,7.98757
u0024254:i0936501,7.98757
u0024254:i1014763,7.98757
u0024254:i1392190,7.98757
u0024254:i1638355,7.98757
u0024254:i1798684,7.98757
u0024254:i2179136,7.98757
u0024254:i2381941,7.98757
u0024254:i2402101,7.98757
u0024254:i2493486,7.98757
u0024254:i2561572,7.98757
u0024254:i2562232,7.98757
u0024254:i2582802,7.98757
u0024254:i2582846,7.98757
u0024254:i2802144,7.98757
u0024254:i2820852,7.98757
u0024254:i2911666,7.98757
u0024254:i2937898,7.98757
u0024254:i3079380,7.98757
u0024254:i3203616,7.98757
u0024254:i3247714,7.98757
u0024255:i2084970,6.93223
u0024255:i2179136,6.93223
u0024255:i2446042,6.93223
u0024255:i2911666,6.93223
u0024255:i2980516,6.93223
u0024257:i0021749,8.33679
u0024257:i0038279,8.33679
u0024257:i0048281,8.33679
u0024257:i0052700,8.33679
u0024257:i0059719,8.33679
u0024257:i0060955,8.33679
u0024257:i0071230,8.33679
u0024257:i0082379,8.33679
u0024257:i0082970,8.33679
u0024257:i0087365,8.33679
u0024257:i0089755,8.33679
u0024257:i0092106,8.33679
u0024257:i0093894,8.33679
u0024257:i0104181,8.33679
u0024257:i0109506,8.33679
u0024257:i0118929,8.33679
u0024257:i0124901,8.33679
u0024257:i0166896,8.33679
u0024257:i0171685,8.33679
u0024257:i0204700,8.33679
u0024257:i0335245,8.33679
u0024257:i0342492,8.33679
u0024257:i0343818,8.33679
u0024257:i0407887,8.33679
u0024257:i0445336,8.33679
u0024257:i0454848,8.33679
u0024257:i0458339,8.33679
u0024257:i0795368,8.33679
u0024257:i0805576,8.33679
u0024257:i0816692,8.33679
u0024257:i1008017,8.33679
u0024257:i1178197,8.33679
u0024257:i1503116,8.33679
u0024257:i1590024,8.33679
u0024257:i1714206,8.33679
u0024257:i1714915,8.33679
u0024257:i1727252,8.33679
u0024257:i1754367,8.33679
u0024257:i1823672,8.33679
u0024257:i1843866,8.33679
u0024257:i1863192,8.33679
u0024257:i1883180,8.33679
u0024257:i1954315,8.33679
u0024257:i1971325,8.33679
u0024257:i2015381,8.33679
u0024257:i2042568,8.33679
u0024257:i2332522,8.33679
u0024257:i2358891,8.33679
u0024257:i2395427,8.33679
u0024257:i2398231,8.33679
u0024257:i2510434,8.33679
u0024257:i2535470,8.33679
u0024257:i2548208,8.33679
u0024257:i2570858,8.33679
u0024257:i2713180,8.33679
u0024257:i2802144,8.33679
u0024257:i3235888,8.33679
u0024257:i3593120,8.33679
u0024257:i3674140,8.33679
u0024273:i0038109,5.65488
u0024273:i0090756,5.84677
u0024273:i2402101,6.7811
u0024273:i2404425,7.00788
u0024287:i0139809,7.0306
u0024287:i1392190,7.0306
u0024287:i1549572,7.0306
u0024287:i2096673,7.0306
u0024287:i3560686,7.0306
u0024300:i0167260,5.01681
u0024300:i0361748,6.48689
u0024300:i0369610,7.12521
u0024300:i0457400,4.58341
u0024300:i0758752,6.24709
u0024300:i1392190,7.07303
u0024300:i1598642,6.5315
u0024300:i1810683,7.13701
u0024300:i2381249,7.05383
u0024300:i2402101,6.88874
u0024300:i2802144,7.15843
u0024300:i2908446,6.98199
u0024300:i4344878,3.67482
u0024305:i0328107,6.39527
u0024305:i1392190,6.39527
u0024305:i1872194,6.39527
u0024305:i2245084,6.39527
u0024305:i2493486,6.39527
u0024315:i2245084,7.92598
u0024315:i2381941,7.92598
u0024315:i2395427,7.92598
u0024315:i2436386,7.92598
u0024315:i2820852,7.92598
u0024315:i3125324,7.92598
u0024317:i1216491,6.63106
u0024317:i1528100,6.63106
u0024317:i1568343,6.63106
u0024317:i1626146,6.63106
u0024317:i1809398,6.63106
u0024317:i2084970,6.63106
u0024317:i2085910,6.63106
u0024317:i2166616,6.63106
u0024317:i2170439,6.63106
u0024317:i2247476,6.63106
u0024317:i2261331,6.63106
u0024317:i2310332,6.63106
u0024317:i2353767,6.63106
u0024317:i2381941,6.63106
u0024317:i2446042,6.63106
u0024317:i2473602,6.63106
u0024317:i2494280,6.63106
u0024317:i2515030,6.63106
u0024317:i2548208,6.63106
u0024317:i2562232,6.63106
u0024317:i2582802,6.63106
u0024317:i2614684,6.63106
u0024317:i2692250,6.63106
u0024317:i2725962,6.63106
u0024317:i2785032,6.63106
u0024317:i2884206,6.63106
u0024317:i2911666,6.63106
u0024317:i2917388,6.63106
u0024317:i2980516,6.63106
u0024317:i2980648,6.63106
u0024317:i3181822,6.63106
u0024317:i3230082,6.63106
u0024317:i3416742,6.63106
u0024317:i3442006,6.63106
u0024317:i3480796,6.63106
u0024317:i3672840,6.63106
u0024317:i3674140,6.63106
u0024337:i0455944,7.49696
u0024337:i1951265,7.49696
u0024337:i2103281,7.49696
u0024337:i2106361,7.49696
u0024337:i2179136,7.49696
u0024349:i0816692,6.65571
u0024349:i0829150,6.65571
u0024349:i1243974,6.65571
u0024349:i1392190,6.65571
u0024349:i1528100,6.65571
u0024349:i1823672,6.65571
u0024349:i1951265,6.65571
u0024349:i2126355,6.65571
u0024349:i2179136,6.65571
u0024349:i2381941,6.65571
u0024349:i2395427,6.65571
u0024349:i2446042,6.65571
u0024349:i2493486,6.65571
u0024349:i2679042,6.65571
u0024349:i2713180,6.65571
u0024349:i2802144,6.65571
u0024349:i2820852,6.65571
u0024349:i2908446,6.65571
u0024349:i3079380,6.65571
u0024363:i0075314,7.92598
u0024363:i0087843,7.92598
u0024363:i0099685,7.92598
u0024363:i0100157,7.92598
u0024363:i0106489,7.92598
u0024363:i0110912,7.92598
u0024363:i0114814,7.92598
u0024363:i0195685,7.92598
u0024363:i0780504,7.92598
u0024363:i0790636,7.92598
u0024363:i2179136,7.92598
u0024363:i2381941,7.92598
u0024363:i2446042,7.92598
u0024363:i2788710,7.92598
u0024363:i2820852,7.92598
u0024363:i3195644,7.92598
u0024363:i3622592,7.92598
u0024363:i3863552,7.92598
u0024364:i0069747,0
u0024364:i0338013,6.37595
u0024364:i0758758,6.67054
u0024364:i1130884,5.78525
u0024364:i1188996,6.7373
u0024364:i1198156,6.07978
u0024364:i1692190,5.75415
u0024364:i2170593,7.25003
u0024364:i2562232,7.18261
u0024364:i2883512,7.25023
u0024365:i0068473,6.37331
u0024365:i0068646,6.37331
u0024365:i0071562,6.37331
u0024365:i0085354,6.37331
u0024365:i0099674,6.37331
u0024365:i0102926,6.37331
u0024365:i0118799,6.37331
u0024365:i0166396,6.37331
u0024365:i0212985,6.37331
u0024365:i0253474,6.37331
u0024365:i0318462,6.37331
u0024365:i0332280,6.37331
u0024365:i0364517,6.37331
u0024365:i0365907,6.37331
u0024365:i0369610,6.37331
u0024365:i0372784,6.37331
u0024365:i0374345,6.37331
u0024365:i0385267,6.37331
u0024365:i0399095,6.37331
u0024365:i0435670,6.37331
u0024365:i0441909,6.37331
u0024365:i0458481,6.37331
u0024365:i0470752,6.37331
u0024365:i0829150,6.37331
u0024365:i1126590,6.37331
u0024365:i1196956,6.37331
u0024365:i1243974,6.37331
u0024365:i1296898,6.37331
u0024365:i1321870,6.37331
u0024365:i1355630,6.37331
u0024365:i1392190,6.37331
u0024365:i1421051,6.37331
u0024365:i1486834,6.37331
u0024365:i1528313,6.37331
u0024365:i1571249,6.37331
u0024365:i1587310,6.37331
u0024365:i1609479,6.37331
u0024365:i1617661,6.37331
u0024365:i1638002,6.37331
u0024365:i1655441,6.37331
u0024365:i1747958,6.37331
u0024365:i1772288,6.37331
u0024365:i1791528,6.37331
u0024365:i1791682,6.37331
u0024365:i1809398,6.37331
u0024365:i1810683,6.37331
u0024365:i1817273,6.37331
u0024365:i1823672,6.37331
u0024365:i1945084,6.37331
u0024365:i1972779,6.37331
u0024365:i2034031,6.37331
u0024365:i2054790,6.37331
u0024365:i2097298,6.37331
u0024365:i2170593,6.37331
u0024365:i2205697,6.37331
u0024365:i2231253,6.37331
u0024365:i2305051,6.37331
u0024365:i2316801,6.37331
u0024365:i2327453,6.37331
u0024365:i2358925,6.37331
u0024365:i2366608,6.37331
u0024365:i2369135,6.37331
u0024365:i2381941,6.37331
u0024365:i2395427,6.37331
u0024365:i2398231,6.37331
u0024365:i2402157,6.37331
u0024365:i2404299,6.37331
u0024365:i2452200,6.37331
u0024365:i2494280,6.37331
u0024365:i2557276,6.37331
u0024365:i2561572,6.37331
u0024365:i2582802,6.37331
u0024365:i2637276,6.37331
u0024365:i2652092,6.37331
u0024365:i2718492,6.37331
u0024365:i2720680,6.37331
u0024365:i2726560,6.37331
u0024365:i2800240,6.37331
u0024365:i2802144,6.37331
u0024365:i2820852,6.37331
u0024365:i2870708,6.37331
u0024365:i2933544,6.37331
u0024365:i2950052,6.37331
u0024365:i2980516,6.37331
u0024365:i3007512,6.37331
u0024365:i3084028,6.37331
u0024365:i3203616,6.37331
u0024365:i3442006,6.37331
u0024365:i3813310,6.37331
u0024380:i0117665,8.2
u0024380:i0174856,8.2
u0024380:i0251160,8.2
u0024380:i0277027,8.2
u0024380:i0369610,8.2
u0024380:i0470752,8.2
u0024380:i0478970,8.2
u0024380:i0490204,8.2
u0024380:i0878804,8.2
u0024380:i0914798,8.2
u0024380:i1029360,8.2
u0024380:i1100089,8.2
u0024380:i1258197,8.2
u0024380:i1502712,8.2
u0024380:i1659337,8.2
u0024380:i1674771,8.2
u0024380:i1698641,8.2
u0024380:i1823672,8.2
u0024380:i2096672,8.2
u0024380:i2126355,8.2
u0024380:i2179136,8.2
u0024380:i2224026,8.2
u0024380:i2273657,8.2
u0024380:i2305051,8.2
u0024380:i2381941,8.2
u0024380:i2395427,8.2
u0024380:i2562232,8.2
u0024380:i2582802,8.2
u0024380:i2870708,8.2
u0024380:i2883512,8.2
u0024380:i2910814,8.2
u0024380:i3316960,8.2
u0024380:i3813310,8.2
u0024393:i1213663,7.92598
u0024393:i1240982,7.92598
u0024393:i1392190,7.92598
u0024397:i0031381,7.24473
u0024397:i0032553,7.24473
u0024397:i0075314,7.24473
u0024397:i0081398,7.24473
u0024397:i0083987,7.24473
u0024397:i0088763,7.24473
u0024397:i0099348,7.24473
u0024397:i0104040,7.24473
u0024397:i0104691,7.24473
u0024397:i0110357,7.24473
u0024397:i0114709,7.24473
u0024397:i0118715,7.24473
u0024397:i0120382,7.24473
u0024397:i0120679,7.24473
u0024397:i0167404,7.24473
u0024397:i0172495,7.24473
u0024397:i0209144,7.24473
u0024397:i0266543,7.24473
u0024397:i0268978,7.24473
u0024397:i0369610,7.24473
u0024397:i0382628,7.24473
u0024397:i0407887,7.24473
u0024397:i0416449,7.24473
u0024397:i0434409,7.24473
u0024397:i0443272,7.24473
u0024397:i0443274,7.24473
u0024397:i0448694,7.24473
u0024397:i0454876,7.24473
u0024397:i0469494,7.24473
u0024397:i0470752,7.24473
u0024397:i0477348,7.24473
u0024397:i0478970,7.24473
u0024397:i0758758,7.24473
u0024397:i0804522,7.24473
u0024397:i0816692,7.24473
u0024397:i0848228,7.24473
u0024397:i0910970,7.24473
u0024397:i0947798,7.24473
u0024397:i0983193,7.24473
u0024397:i1024648,7.24473
u0024397:i1028532,7.24473
u0024397:i1049413,7.24473
u0024397:i1121096,7.24473
u0024397:i1126590,7.24473
u0024397:i1205489,7.24473
u0024397:i1216491,7.24473
u0024397:i1234721,7.24473
u0024397:i1243974,7.24473
u0024397:i1277737,7.24473
u0024397:i1285016,7.24473
u0024397:i1340138,7.24473
u0024397:i1345836,7.24473
u0024397:i1385826,7.24473
u0024397:i1392190,7.24473
u0024397:i1398426,7.24473
u0024397:i1454029,7.24473
u0024397:i1504320,7.24473
u0024397:i1524575,7.24473
u0024397:i1528100,7.24473
u0024397:i1568343,7.24473
u0024397:i1613750,7.24473
u0024397:i1617661,7.24473
u0024397:i1655441,7.24473
u0024397:i1791682,7.24473
u0024397:i1798684,7.24473
u0024397:i1823672,7.24473
u0024397:i1832382,7.24473
u0024397:i1850397,7.24473
u0024397:i1853728,7.24473
u0024397:i1872194,7.24473
u0024397:i1881002,7.24473
u0024397:i1885265,7.24473
u0024397:i1911658,7.24473
u0024397:i1945084,7.24473
u0024397:i1951265,7.24473
u0024397:i1979320,7.24473
u0024397:i2024544,7.24473
u0024397:i2084970,7.24473
u0024397:i2096673,7.24473
u0024397:i2106476,7.24473
u0024397:i2120120,7.24473
u0024397:i2126355,7.24473
u0024397:i2140379,7.24473
u0024397:i2180411,7.24473
u0024397:i2199571,7.24473
u0024397:i2224026,7.24473
u0024397:i2231253,7.24473
u0024397:i2235108,7.24473
u0024397:i2245084,7.24473
u0024397:i2261331,7.24473
u0024397:i2273657,7.24473
u0024397:i2279373,7.24473
u0024397:i2293640,7.24473
u0024397:i2304771,7.24473
u0024397:i2305051,7.24473
u0024397:i2322441,7.24473
u0024397:i2376218,7.24473
u0024397:i2381941,7.24473
u0024397:i2395427,7.24473
u0024397:i2404425,7.24473
u0024397:i2436386,7.24473
u0024397:i2446042,7.24473
u0024397:i2494384,7.24473
u0024397:i2515030,7.24473
u0024397:i2515034,7.24473
u0024397:i2561572,7.24473
u0024397:i2582802,7.24473
u0024397:i2624412,7.24473
u0024397:i2637276,7.24473
u0024397:i2652092,7.24473
u0024397:i2692250,7.24473
u0024397:i2720680,7.24473
u0024397:i2785390,7.24473
u0024397:i2799166,7.24473
u0024397:i2802144,7.24473
u0024397:i2820852,7.24473
u0024397:i2872750,7.24473
u0024397:i2883434,7.24473
u0024397:i2908446,7.24473
u0024397:i2917388,7.24473
u0024397:i2918436,7.24473
u0024397:i2967008,7.24473
u0024397:i2967224,7.24473
u0024397:i3007512,7.24473
u0024397:i3011894,7.24473
u0024397:i3079380,7.24473
u0024397:i3125324,7.24473
u0024397:i3181822,7.24473
u0024397:i3195644,7.24473
u0024397:i3203616,7.24473
u0024397:i3235888,7.24473
u0024397:i3297330,7.24473
u0024397:i3450650,7.24473
u0024397:i3672840,7.24473
u0024403:i0369610,6.81753
u0024403:i0478970,6.81753
u0024403:i1014763,6.81753
u0024403:i1392190,6.81753
u0024403:i1661199,6.81753
u0024403:i1772288,6.81753
u0024403:i2088003,6.81753
u0024403:i2140379,6.81753
u0024403:i2381249,6.81753
u0024403:i2395427,6.81753
u0024403:i2515034,6.81753
u0024403:i2552394,6.81753
u0024403:i2561572,6.81753
u0024403:i2788710,6.81753
u0024403:i2802144,6.81753
u0024403:i2820852,6.81753
u0024403:i2980516,6.81753
u0024403:i3064298,6.81753
u0024403:i3079380,6.81753
u0024412:i0298203,7.50908
u0024412:i1392190,7.50908
u0024412:i2088003,7.50908
u0024430:i0075686,7.67
u0024430:i1065073,7.67
u0024430:i1247690,7.67
u0024430:i1327773,7.67
u0024430:i1726592,7.67
u0024430:i1853739,7.67
u0024430:i1865505,7.67
u0024430:i2011159,7.67
u0024430:i2126355,7.67
u0024430:i2179136,7.67
u0024430:i2245084,7.67
u0024430:i2278388,7.67
u0024430:i2321549,7.67
u0024430:i2381941,7.67
u0024430:i2395427,7.67
u0024430:i2446042,7.67
u0024430:i2562232,7.67
u0024430:i2713180,7.67
u0024430:i3322940,7.67
u0024433:i0079522,6.39673
u0024433:i0265086,6.51432
u0024433:i0491747,0
u0024433:i1216491,7.31363
u0024433:i1587310,6.7046
u0024433:i1655441,6.97087
u0024433:i3011894,7.26727
u0024438:i0082971,6.28633
u0024438:i0089218,6.28633
u0024438:i0120363,6.28633
u0024438:i0198781,6.28633
u0024438:i0266543,6.28633
u0024438:i0317705,6.28633
u0024438:i0369610,6.28633
u0024438:i0478970,6.28633
u0024438:i0816692,6.28633
u0024438:i1065073,6.28633
u0024438:i1100089,6.28633
u0024438:i1109624,6.28633
u0024438:i1126590,6.28633
u0024438:i1340138,6.28633
u0024438:i1392190,6.28633
u0024438:i1486843,6.28633
u0024438:i1502712,6.28633
u0024438:i1605717,6.28633
u0024438:i2004420,6.28633
u0024438:i2096673,6.28633
u0024438:i2097298,6.28633
u0024438:i2103281,6.28633
u0024438:i2170439,6.28633
u0024438:i2179136,6.28633
u0024438:i2204371,6.28633
u0024438:i2209764,6.28633
u0024438:i2245084,6.28633
u0024438:i2293640,6.28633
u0024438:i2333784,6.28633
u0024438:i2395427,6.28633
u0024438:i2562232,6.28633
u0024438:i2582802,6.28633
u0024438:i2802144,6.28633
u0024438:i2872718,6.28633
u0024438:i2872732,6.28633
u0024438:i2908446,6.28633
u0024438:i2911666,6.28633
u0024438:i2980516,6.28633
u0024438:i3576038,6.28633
u0024441:i2179136,7.29297
u0024441:i2562232,7.29297
u0024441:i2872718,7.29297
u0024443:i1392190,7.07452
u0024443:i2096673,7.07452
u0024443:i2368749,7.07452
u0024443:i3079380,7.07452
u0024443:i3316960,7.07452
u0024454:i0051435,7.67
u0024454:i0332280,7.67
u0024454:i0361862,7.67
u0024454:i1020072,7.67
u0024454:i1392214,7.67
u0024454:i1809398,7.67
u0024454:i2582846,7.67
u0024454:i2718492,7.67
u0024454:i2980516,7.67
u0024481:i0183649,6.59256
u0024481:i0405159,6.28984
u0024481:i0425061,5.54392
u0024481:i0450259,6.04057
u0024481:i1117385,2.39737
u0024481:i1205489,6.70973
u0024481:i1279935,4.17183
u0024481:i1458175,5.8712
u0024481:i2872718,7.24976
u0024481:i3079380,6.93668
u0024483:i0110912,5.97529
u0024483:i0120770,5.97529
u0024483:i2637276,5.97529
u0024483:i3235888,5.97529
u0024496:i0079501,6.9377
u0024496:i0120660,6.9377
u0024496:i0232500,6.9377
u0024496:i0360717,6.9377
u0024496:i0365907,6.9377
u0024496:i0375912,6.9377
u0024496:i0455944,6.9377
u0024496:i0470752,6.9377
u0024496:i0834001,6.9377
u0024496:i1038686,6.9377
u0024496:i1100089,6.9377
u0024496:i1204977,6.9377
u0024496:i1924435,6.9377
u0024496:i2096672,6.9377
u0024496:i2179136,6.9377
u0024496:i2267998,6.9377
u0024496:i2278388,6.9377
u0024496:i2567712,6.9377
u0024496:i2802144,6.9377
u0024496:i2872718,6.9377
u0024496:i2872732,6.9377
u0024503:i0212338,6.07704
u0024503:i0405094,6.74937
u0024503:i0470752,7.1224
u0024503:i2852406,0
u0024519:i0071970,7.50908
u0024519:i0312549,7.50908
u0024519:i0790628,7.50908
u0024519:i1464580,7.50908
u0024519:i2084970,7.50908
u0024519:i2179136,7.50908
u0024519:i2395427,7.50908
u0024519:i2802144,7.50908
u0024541:i1216491,7.04444
u0024541:i1674771,7.04444
u0024541:i2401223,7.04444
u0024541:i4257858,7.04444
u0024558:i0337978,7.62259
u0024558:i0380510,7.62259
u0024558:i0387131,7.62259
u0024558:i0399146,7.62259
u0024558:i0412536,7.62259
u0024558:i0417217,7.62259
u0024558:i0488120,7.62259
u0024558:i1139328,7.62259
u0024558:i1189340,7.62259
u0024558:i1269734,7.62259
u0024558:i1531901,7.62259
u0024558:i1754787,7.62259
u0024558:i2935564,7.62259
u0024560:i0903624,7.01876
u0024560:i1170358,7.01876
u0024560:i2310332,7.01876
u0024590:i0910554,7.60697
u0024590:i2084970,7.60697
u0024590:i2180411,7.60697
u0024590:i2562232,7.60697
u0024590:i2872718,7.60697
u0024605:i0066026,7.37915
u0024605:i0079227,7.37915
u0024605:i0085382,7.37915
u0024605:i0085995,7.37915
u0024605:i0088814,7.37915
u0024605:i0097659,7.37915
u0024605:i0098084,7.37915
u0024605:i0099578,7.37915
u0024605:i0104695,7.37915
u0024605:i0105128,7.37915
u0024605:i0107688,7.37915
u0024605:i0112722,7.37915
u0024605:i0117894,7.37915
u0024605:i0119051,7.37915
u0024605:i0120461,7.37915
u0024605:i0129332,7.37915
u0024605:i0133093,7.37915
u0024605:i0133189,7.37915
u0024605:i0146675,7.37915
u0024605:i0171363,7.37915
u0024605:i0234215,7.37915
u0024605:i0242653,7.37915
u0024605:i0245562,7.37915
u0024605:i0257044,7.37915
u0024605:i0330793,7.37915
u0024605:i0368447,7.37915
u0024605:i0387808,7.37915
u0024605:i0425210,7.37915
u0024605:i0450314,7.37915
u0024605:i0470752,7.37915
u0024605:i0475276,7.37915
u0024605:i0478970,7.37915
u0024605:i0486822,7.37915
u0024605:i0816530,7.37915
u0024605:i0884732,7.37915
u0024605:i0892782,7.37915
u0024605:i1065073,7.37915
u0024605:i1121096,7.37915
u0024605:i1130884,7.37915
u0024605:i1204977,7.37915
u0024605:i1212419,7.37915
u0024605:i1291584,7.37915
u0024605:i1314655,7.37915
u0024605:i1392190,7.37915
u0024605:i1462041,7.37915
u0024605:i1524930,7.37915
u0024605:i1531663,7.37915
u0024605:i1617661,7.37915
u0024605:i1663207,7.37915
u0024605:i1666801,7.37915
u0024605:i1687901,7.37915
u0024605:i1742044,7.37915
u0024605:i1742334,7.37915
u0024605:i1743993,7.37915
u0024605:i1872194,7.37915
u0024605:i1881002,7.37915
u0024605:i1971325,7.37915
u0024605:i2084970,7.37915
u0024605:i2120120,7.37915
u0024605:i2126355,7.37915
u0024605:i2179136,7.37915
u0024605:i2180994,7.37915
u0024605:i2231253,7.37915
u0024605:i2262227,7.37915
u0024605:i2282016,7.37915
u0024605:i2295722,7.37915
u0024605:i2321501,7.37915
u0024605:i2321549,7.37915
u0024605:i2395427,7.37915
u0024605:i2401097,7.37915
u0024605:i2436386,7.37915
u0024605:i2515034,7.37915
u0024605:i2561572,7.37915
u0024605:i2599716,7.37915
u0024605:i2637276,7.37915
u0024605:i2802144,7.37915
u0024605:i2820852,7.37915
u0024605:i2908446,7.37915
u0024605:i2911666,7.37915
u0024605:i2918436,7.37915
u0024605:i3079380,7.37915
u0024605:i3152624,7.37915
u0024605:i3168230,7.37915
u0024605:i3235888,7.37915
u0024605:i3295482,7.37915
u0024605:i3449040,7.37915
u0024605:i3450650,7.37915
u0024605:i3504048,7.37915
u0024605:i3713166,7.37915
u0024605:i4178092,7.37915
u0024609:i0175880,7.92598
u0024609:i0263334,7.92598
u0024609:i0770802,7.92598
u0024609:i1587707,7.92598
u0024609:i4458206,7.92598
u0024613:i0478970,7.50908
u0024613:i0816692,7.50908
u0024613:i0884732,7.50908
u0024613:i1457767,7.50908
u0024613:i1650554,7.50908
u0024613:i1666801,7.50908
u0024613:i1821694,7.50908
u0024613:i1904996,7.50908
u0024613:i2084970,7.50908
u0024613:i2180411,7.50908
u0024613:i2224026,7.50908
u0024613:i2338151,7.50908
u0024613:i2788710,7.50908
u0024613:i2872732,7.50908
u0024613:i2883512,7.50908
u0024613:i2980516,7.50908
u0024613:i3181822,7.50908
u0024619:i0027977,7.01876
u0024619:i1100089,7.01876
u0024619:i2562232,7.01876
u0024652:i0212712,7.75889
u0024652:i0472156,7.75889
u0024652:i2473794,7.75889
u0024658:i0035432,0
u0024658:i0309698,7.23064
u0024658:i0440963,6.86532
u0024658:i0470752,7.1347
u0024658:i1024942,3.85706
u0024658:i1198156,6.22807
u0024658:i1375666,6.33775
u0024658:i1527186,6.75139
u0024658:i1788391,6.32622
u0024658:i1823672,7.22876
u0024658:i2172584,6.59828
u0024658:i2179136,7.27374
u0024658:i2381941,7.17749
u0024658:i2395427,7.20316
u0024658:i2452200,7.16439
u0024658:i2505294,6.57331
u0024658:i3045616,6.95057
u0024658:i3235888,7.18172
u0024658:i3546114,3.38149
u0024665:i0369610,8.28776
u0024665:i0478970,8.28776
u0024665:i1638355,8.28776
u0024665:i1655441,8.28776
u0024665:i1964418,8.28776
u0024665:i2084970,8.28776
u0024665:i2096673,8.28776
u0024665:i2322441,8.28776
u0024665:i2381249,8.28776
u0024665:i2395427,8.28776
u0024670:i0443706,7.5609
u0024670:i1016301,7.5609
u0024670:i1219289,7.5609
u0024670:i1242422,7.5609
u0024670:i1386588,7.5609
u0024670:i1392190,7.5609
u0024670:i1524137,7.5609
u0024670:i1872194,7.5609
u0024670:i1911658,7.5609
u0024670:i1951265,7.5609
u0024670:i2096672,7.5609
u0024670:i2170439,7.5609
u0024670:i2179136,7.5609
u0024670:i2245084,7.5609
u0024670:i2381941,7.5609
u0024670:i2713180,7.5609
u0024670:i2872718,7.5609
u0024670:i3042408,7.5609
u0024675:i0050083,6.41989
u0024675:i0077416,5.38597
u0024675:i0084503,3.80348
u0024675:i0084787,4.68456
u0024675:i0086250,5.40634
u0024675:i0088847,6.17756
u0024675:i0099685,6.86643
u0024675:i0105236,6.28901
u0024675:i0108394,5.05624
u0024675:i0110413,6.03893
u0024675:i0111495,5.83381
u0024675:i0111507,5.73797
u0024675:i0114369,5.75147
u0024675:i0114746,6.86536
u0024675:i0118715,7.00632
u0024675:i0119488,6.60381
u0024675:i0120815,6.3932
u0024675:i0130827,6.05284
u0024675:i0167404,6.45823
u0024675:i0169547,6.76943
u0024675:i0215750,5.75001
u0024675:i0253474,6.13888
u0024675:i0265086,6.75559
u0024675:i0266697,6.16593
u0024675:i0361862,6.80356
u0024675:i0369610,7.13296
u0024675:i0378194,6.20988
u0024675:i0388795,6.35769
u0024675:i0443680,6.61899
u0024675:i0457430,7.03998
u0024675:i0477348,6.94667
u0024675:i0485947,5.53111
u0024675:i0758758,6.82937
u0024675:i0805570,5.76779
u0024675:i0964517,6.19211
u0024675:i1020072,7.39072
u0024675:i1028532,6.51083
u0024675:i1034032,5.46844
u0024675:i1065073,7.1774
u0024675:i1100089,7.2318
u0024675:i1197624,5.6097
u0024675:i1263750,3.71757
u0024675:i1392190,7.07901
u0024675:i1600524,3.77607
u0024675:i1659337,7.02331
u0024675:i1748122,7.05274
u0024675:i1809398,7.12221
u0024675:i1980929,7.12225
u0024675:i2084970,7.19429
u0024675:i2179136,7.28157
u0024675:i2267998,7.11666
u0024675:i2278388,7.06892
u0024675:i2305051,7.31944
u0024675:i2316411,7.05778
u0024675:i2395427,7.21096
u0024675:i2473794,7.12743
u0024675:i2562232,7.1902
u0024675:i2582802,7.22944
u0024675:i2718492,7.15738
u0024675:i2802144,7.16519
u0024675:i2872718,7.26169
u0024675:i2884206,7.16976
u0024675:i2980516,7.17584
u0024675:i3612616,6.64201
u0024690:i1392170,7.29468
u0024690:i1582248,7.29468
u0024690:i2084970,7.29468
u0024690:i2179136,7.29468
u0024690:i2267998,7.29468
u0024690:i2911666,7.29468
u0024690:i3316960,7.29468
u0024694:i0137523,7.67
u0024694:i0272020,7.67
u0024694:i0365907,7.67
u0024694:i0371724,7.67
u0024694:i0455944,7.67
u0024694:i0470752,7.67
u0024694:i0478970,7.67
u0024694:i1648179,7.67
u0024694:i1823672,7.67
u0024694:i2096672,7.67
u0024694:i2179136,7.67
u0024694:i2245084,7.67
u0024694:i2381249,7.67
u0024694:i2381941,7.67
u0024694:i2395427,7.67
u0024694:i2446042,7.67
u0024694:i2557490,7.67
u0024694:i2788710,7.67
u0024694:i2802144,7.67
u0024694:i2820852,7.67
u0024694:i2908446,7.67
u0024694:i3851324,7.67
u0024694:i3983266,7.67
u0024707:i1392190,8.33679
u0024707:i2275946,8.33679
u0024707:i2381941,8.33679
u0024707:i2802144,8.33679
u0024707:i2980516,8.33679
u0024748:i1100089,6.82838
u0024748:i1542344,6.82838
u0024748:i2305051,6.82838
u0024748:i2980516,6.82838
u0024749:i1020072,7.87689
u0024749:i1872194,7.87689
u0024749:i1980929,7.87689
u0024749:i2084970,7.87689
u0024749:i2167266,7.87689
u0024749:i2911666,7.87689
u0024749:i3316960,7.87689
u0024762:i0478970,7.00642
u0024762:i1502712,7.04197
u0024762:i2096673,7.07944
u0024762:i2140379,6.80187
u0024762:i2293640,7.12792
u0024762:i2381249,7.06645
u0024762:i2679042,6.78427
u0024762:i3323638,3.14807
u0024762:i3622592,6.57982
u0024762:i4178092,6.80899
u0024765:i1340138,7.26792
u0024765:i1392190,7.26792
u0024765:i1617661,7.26792
u0024765:i2011159,7.26792
u0024773:i0230838,7.67
u0024773:i0870204,7.67
u0024773:i0947798,7.67
u0024773:i0964517,7.67
u0024773:i1020072,7.67
u0024773:i1606389,7.67
u0024773:i1698641,7.67
u0024773:i1823672,7.67
u0024773:i2145829,7.67
u0024773:i2322441,7.67
u0024773:i2802144,7.67
u0024773:i2820852,7.67
u0024773:i2908446,7.67
u0024773:i2994190,7.67
u0024774:i0816692,6.89334
u0024774:i1065073,7.19833
u0024774:i2278388,7.09472
u0024776:i0903657,7.50237
u0024776:i1020072,7.50237
u0024776:i1065073,7.50237
u0024776:i1100089,7.50237
u0024776:i1571249,7.50237
u0024776:i1661199,7.50237
u0024776:i2084970,7.50237
u0024776:i2180411,7.50237
u0024776:i2562232,7.50237
u0024776:i2582802,7.50237
u0024776:i2980516,7.50237
u0024783:i0289043,6.5346
u0024783:i0463854,6.5346
u0024783:i2102302,6.5346
u0024783:i2763184,6.5346
u0024865:i0102926,6.55183
u0024865:i0332280,6.4478
u0024865:i0407887,6.35567
u0024865:i0421715,6.50505
u0024865:i0800369,6.2832
u0024865:i0816711,6.79956
u0024865:i1270798,6.37261
u0024865:i1340138,7.08288
u0024865:i1411697,6.32898
u0024865:i1964418,6.99194
u0024865:i2126355,7.18602
u0024865:i2194499,6.77589
u0024865:i2562232,7.19781
u0024865:i3195644,7.00295
u0024946:i0369610,7.60697
u0024946:i1139797,7.60697
u0024946:i1567437,7.60697
u0024946:i1600196,7.60697
u0024946:i2381249,7.60697
u0024946:i2395427,7.60697
u0024946:i2567712,7.60697
u0024949:i0388795,6.78153
u0024949:i0443465,6.79703
u0024949:i0493464,5.61406
u0024949:i2139555,7.25368
u0024949:i2637276,6.81318
u0024966:i0765443,8.33679
u0024966:i2582802,8.33679
u0024966:i3850214,8.33679
u0024997:i1655441,7.00004
u0024997:i2872732,7.17129
u0024997:i2908446,7.00138
u0024997:i2911666,7.30125
u0024997:i3042408,6.11129
u0025026:i1065073,6.9397
u0025026:i1371150,6.9397
u0025026:i2397535,6.9397
u0025026:i2582802,6.9397
u0025035:i0068646,5.62912
u0025035:i0071562,5.63968
u0025035:i0099674,5.41329
u0025035:i0110912,6.30523
u0025035:i0119174,6.07143
u0025035:i0944835,5.96296
u0025035:i2170439,7.14754
u0025035:i2582802,7.23742
u0025103:i0101507,7.33205
u0025103:i1182350,7.33205
u0025103:i1210819,7.33205
u0025103:i1211956,7.33205
u0025103:i1340138,7.33205
u0025103:i1446714,7.33205
u0025103:i2179136,7.33205
u0025103:i2334873,7.33205
u0025103:i2561572,7.33205
u0025103:i2726560,7.33205
u0025103:i2870756,7.33205
u0025103:i3045616,7.33205
u0025110:i0043338,7.96219
u0025110:i0060522,7.96219
u0025110:i0065063,7.96219
u0025110:i0108065,7.96219
u0025110:i0117737,7.96219
u0025110:i0118749,7.96219
u0025110:i0119381,7.96219
u0025110:i0160611,7.96219
u0025110:i0293508,7.96219
u0025110:i0319262,7.96219
u0025110:i0369610,7.96219
u0025110:i0433387,7.96219
u0025110:i0452623,7.96219
u0025110:i0475394,7.96219
u0025110:i0478970,7.96219
u0025110:i0806165,7.96219
u0025110:i0829150,7.96219
u0025110:i1109624,7.96219
u0025110:i1276419,7.96219
u0025110:i1483753,7.96219
u0025110:i1638355,7.96219
u0025110:i1798684,7.96219
u0025110:i1855199,7.96219
u0025110:i1951181,7.96219
u0025110:i2024544,7.96219
u0025110:i2262227,7.96219
u0025110:i2278871,7.96219
u0025110:i2381249,7.96219
u0025110:i2381941,7.96219
u0025110:i2395427,7.96219
u0025110:i2402101,7.96219
u0025110:i2452200,7.96219
u0025110:i2562232,7.96219
u0025110:i2582802,7.96219
u0025110:i2802144,7.96219
u0025110:i2820852,7.96219
u0025110:i2844798,7.96219
u0025110:i2872718,7.96219
u0025110:i2937898,7.96219
u0025110:i2962876,7.96219
u0025110:i2980516,7.96219
u0025110:i2994190,7.96219
u0025110:i3205376,7.96219
u0025110:i3297330,7.96219
u0025111:i0047119,7.60697
u0025111:i0115963,7.60697
u0025111:i0236493,7.60697
u0025111:i0405094,7.60697
u0025111:i0477347,7.60697
u0025111:i1195478,7.60697
u0025111:i1243957,7.60697
u0025111:i2463288,7.60697
u0025114:i0470752,8.26333
u0025114:i1014763,8.26333
u0025114:i1020072,8.26333
u0025114:i1121096,8.26333
u0025114:i1247690,8.26333
u0025114:i1412386,8.26333
u0025114:i1617661,8.26333
u0025114:i1638002,8.26333
u0025114:i1661199,8.26333
u0025114:i1791528,8.26333
u0025114:i1872194,8.26333
u0025114:i2126355,8.26333
u0025114:i2179136,8.26333
u0025114:i2180411,8.26333
u0025114:i2245084,8.26333
u0025114:i2293640,8.26333
u0025114:i2305051,8.26333
u0025114:i2322441,8.26333
u0025114:i2381941,8.26333
u0025114:i2446042,8.26333
u0025114:i2515034,8.26333
u0025114:i2562232,8.26333
u0025114:i2582802,8.26333
u0025114:i2717822,8.26333
u0025114:i2802144,8.26333
u0025114:i2848292,8.26333
u0025114:i2908446,8.26333
u0025114:i2937898,8.26333
u0025114:i2980516,8.26333
u0025114:i3007512,8.26333
u0025114:i3079380,8.26333
u0025114:i3247714,8.26333
u0025114:i3316960,8.26333
u0025114:i3399024,8.26333
u0025114:i3420108,8.26333
u0025114:i3620418,8.26333
u0025114:i3814486,8.26333
u0025114:i3851324,8.26333
u0025114:i3983266,8.26333
u0025114:i4075520,8.26333
u0025123:i0396269,7.60697
u0025123:i0499549,7.60697
u0025123:i1065073,7.60697
u0025131:i0102926,6.83384
u0025131:i0112573,6.83384
u0025131:i0114814,6.83384
u0025131:i0369610,6.83384
u0025131:i2126355,6.83384
u0025132:i0084516,6.7616
u0025132:i2381941,7.19054
u0025132:i3339674,5.99446
u0025135:i0047396,7.35242
u0025135:i1638355,7.35242
u0025135:i1772264,7.35242
u0025135:i2140379,7.35242
u0025135:i2293640,7.35242
u0025135:i2802144,7.35242
u0025171:i0068615,7.37416
u0025171:i0072431,7.37416
u0025171:i0082971,7.37416
u0025171:i0099653,7.37416
u0025171:i0119303,7.37416
u0025171:i0119396,7.37416
u0025171:i0120915,7.37416
u0025171:i0121765,7.37416
u0025171:i0121766,7.37416
u0025171:i0126029,7.37416
u0025171:i0149261,7.37416
u0025171:i0180093,7.37416
u0025171:i0380510,7.37416
u0025171:i0993846,7.37416
u0025171:i1155076,7.37416
u0025171:i1219289,7.37416
u0025171:i1340138,7.37416
u0025171:i1389137,7.37416
u0025171:i1853728,7.37416
u0025171:i2395427,7.37416
u0025177:i0089885,7.04129
u0025177:i0091042,7.04129
u0025177:i1659337,7.04129
u0025177:i1707386,7.04129
u0025177:i1823672,7.04129
u0025177:i2084970,7.04129
u0025177:i2278388,7.04129
u0025198:i0086250,5.54149
u0025198:i0109686,6.43492
u0025198:i0770828,6.46936
u0025199:i1014763,6.85008
u0025199:i1809398,7.14982
u0025199:i1850397,7.29556
u0025199:i2179136,7.28941
u0025199:i2614684,7.11117
u0025200:i0298856,8.20543
u0025200:i1468387,8.20543
u0025200:i2409634,8.20543
u0025200:i3181624,8.20543
u0025200:i4056738,8.20543
u0025222:i0120735,4.58988
u0025222:i0180093,6.61889
u0025222:i0208092,6.87342
u0025222:i0450259,6.23542
u0025222:i0478970,7.01806
u0025222:i1843866,6.77453
u0025222:i1981115,6.52027
u0025222:i2381249,7.07909
u0025222:i2872750,7.27663
u0025222:i3006576,0
u0025222:i3178292,0
u0025222:i3320542,0
u0025250:i1020072,7.4851
u0025250:i1964418,7.4851
u0025250:i2126355,7.4851
u0025250:i2381941,7.4851
u0025250:i2788710,7.4851
u0025250:i2802144,7.4851
u0025276:i0043456,7.41959
u0025276:i0067116,7.41959
u0025276:i0088247,7.41959
u0025276:i0470752,7.41959
u0025276:i1764234,7.41959
u0025276:i1972571,7.41959
u0025278:i1742334,7.42237
u0025278:i2004420,7.42237
u0025278:i2771800,7.42237
u0025278:i2820852,7.42237
u0025287:i0054698,7.53789
u0025287:i0080040,7.53789
u0025287:i0092115,7.53789
u0025287:i0093177,7.53789
u0025287:i0093748,7.53789
u0025287:i0093894,7.53789
u0025287:i0095953,7.53789
u0025287:i0098554,7.53789
u0025287:i0105128,7.53789
u0025287:i0116282,7.53789
u0025287:i0117666,7.53789
u0025287:i0119141,7.53789
u0025287:i0119217,7.53789
u0025287:i0120915,7.53789
u0025287:i0319061,7.53789
u0025287:i0361620,7.53789
u0025287:i0369610,7.53789
u0025287:i0388125,7.53789
u0025287:i0470752,7.53789
u0025287:i0478970,7.53789
u0025287:i0780622,7.53789
u0025287:i0804497,7.53789
u0025287:i0804516,7.53789
u0025287:i0884732,7.53789
u0025287:i0903657,7.53789
u0025287:i1029360,7.53789
u0025287:i1068678,7.53789
u0025287:i1100089,7.53789
u0025287:i1121096,7.53789
u0025287:i1221208,7.53789
u0025287:i1243974,7.53789
u0025287:i1247690,7.53789
u0025287:i1340138,7.53789
u0025287:i1392190,7.53789
u0025287:i1441326,7.53789
u0025287:i1519461,7.53789
u0025287:i1524930,7.53789
u0025287:i1528071,7.53789
u0025287:i1529572,7.53789
u0025287:i1533084,7.53789
u0025287:i1567437,7.53789
u0025287:i1572306,7.53789
u0025287:i1617661,7.53789
u0025287:i1638002,7.53789
u0025287:i1655441,7.53789
u0025287:i1661199,7.53789
u0025287:i1666801,7.53789
u0025287:i1674771,7.53789
u0025287:i1726592,7.53789
u0025287:i1767354,7.53789
u0025287:i1772264,7.53789
u0025287:i1780798,7.53789
u0025287:i1790864,7.53789
u0025287:i1791682,7.53789
u0025287:i1798684,7.53789
u0025287:i1813609,7.53789
u0025287:i1850397,7.53789
u0025287:i1872194,7.53789
u0025287:i1881002,7.53789
u0025287:i1905040,7.53789
u0025287:i1958043,7.53789
u0025287:i1964418,7.53789
u0025287:i1967669,7.53789
u0025287:i1972803,7.53789
u0025287:i1988621,7.53789
u0025287:i1991031,7.53789
u0025287:i1996264,7.53789
u0025287:i2011276,7.53789
u0025287:i2059171,7.53789
u0025287:i2090629,7.53789
u0025287:i2096673,7.53789
u0025287:i2106440,7.53789
u0025287:i2107648,7.53789
u0025287:i2120120,7.53789
u0025287:i2124787,7.53789
u0025287:i2126355,7.53789
u0025287:i2139555,7.53789
u0025287:i2140379,7.53789
u0025287:i2165765,7.53789
u0025287:i2170593,7.53789
u0025287:i2172584,7.53789
u0025287:i2182972,7.53789
u0025287:i2191888,7.53789
u0025287:i2236160,7.53789
u0025287:i2241116,7.53789
u0025287:i2281159,7.53789
u0025287:i2293640,7.53789
u0025287:i2309260,7.53789
u0025287:i2322441,7.53789
u0025287:i2339741,7.53789
u0025287:i2355495,7.53789
u0025287:i2395427,7.53789
u0025287:i2402101,7.53789
u0025287:i2409818,7.53789
u0025287:i2428170,7.53789
u0025287:i2436386,7.53789
u0025287:i2474024,7.53789
u0025287:i2505294,7.53789
u0025287:i2509850,7.53789
u0025287:i2510434,7.53789
u0025287:i2517658,7.53789
u0025287:i2551396,7.53789
u0025287:i2582496,7.53789
u0025287:i2582802,7.53789
u0025287:i2637276,7.53789
u0025287:i2689958,7.53789
u0025287:i2726560,7.53789
u0025287:i2752772,7.53789
u0025287:i2788716,7.53789
u0025287:i2793490,7.53789
u0025287:i2802144,7.53789
u0025287:i2820852,7.53789
u0025287:i2848292,7.53789
u0025287:i2872724,7.53789
u0025287:i2885364,7.53789
u0025287:i2900624,7.53789
u0025287:i2905674,7.53789
u0025287:i2908446,7.53789
u0025287:i2916324,7.53789
u0025287:i2918436,7.53789
u0025287:i2944198,7.53789
u0025287:i2948790,7.53789
u0025287:i2960930,7.53789
u0025287:i2980472,7.53789
u0025287:i2980592,7.53789
u0025287:i3060492,7.53789
u0025287:i3079380,7.53789
u0025287:i3103412,7.53789
u0025287:i3138558,7.53789
u0025287:i3177316,7.53789
u0025287:i3181822,7.53789
u0025287:i3195644,7.53789
u0025287:i3214248,7.53789
u0025287:i3235888,7.53789
u0025287:i3301196,7.53789
u0025287:i3316948,7.53789
u0025287:i3397556,7.53789
u0025287:i3442006,7.53789
u0025287:i3442990,7.53789
u0025287:i3449040,7.53789
u0025287:i3496372,7.53789
u0025287:i3504048,7.53789
u0025287:i3520418,7.53789
u0025287:i3622592,7.53789
u0025287:i3713166,7.53789
u0025287:i3727824,7.53789
u0025287:i4178092,7.53789
u0025297:i0440963,7.83826
u0025297:i1065073,7.83826
u0025297:i1392190,7.83826
u0025297:i2381941,7.83826
u0025297:i2562232,7.83826
u0025297:i2582802,7.83826
u0025297:i2802144,7.83826
u0025297:i2911666,7.83826
u0025337:i0097659,8.33679
u0025337:i1121096,8.33679
u0025337:i1617661,8.33679
u0025337:i1964418,8.33679
u0025337:i2582802,8.33679
u0025357:i0350258,6.61138
u0025357:i0478970,6.61138
u0025357:i1205489,6.61138
u0025357:i1392190,6.61138
u0025357:i2084970,6.61138
u0025357:i2381249,6.61138
u0025357:i2562232,6.61138
u0025359:i0056193,6.96223
u0025359:i0056869,6.96223
u0025359:i0060474,6.96223
u0025359:i0061809,6.96223
u0025359:i0063522,6.96223
u0025359:i0072226,6.96223
u0025359:i0075066,6.96223
u0025359:i0077416,6.96223
u0025359:i0078718,6.96223
u0025359:i0078875,6.96223
u0025359:i0080453,6.96223
u0025359:i0080716,6.96223
u0025359:i0083232,6.96223
u0025359:i0084814,6.96223
u0025359:i0085496,6.96223
u0025359:i0089755,6.96223
u0025359:i0090852,6.96223
u0025359:i0091983,6.96223
u0025359:i0093010,6.96223
u0025359:i0093058,6.96223
u0025359:i0094606,6.96223
u0025359:i0094963,6.96223
u0025359:i0095159,6.96223
u0025359:i0095243,6.96223
u0025359:i0096336,6.96223
u0025359:i0096438,6.96223
u0025359:i0096754,6.96223
u0025359:i0096895,6.96223
u0025359:i0097441,6.96223
u0025359:i0098635,6.96223
u0025359:i0099850,6.96223
u0025359:i0100150,6.96223
u0025359:i0100530,6.96223
u0025359:i0101501,6.96223
u0025359:i0101605,6.96223
u0025359:i0101912,6.96223
u0025359:i0102266,6.96223
u0025359:i0102768,6.96223
u0025359:i0102926,6.96223
u0025359:i0103074,6.96223
u0025359:i0103776,6.96223
u0025359:i0104046,6.96223
u0025359:i0104070,6.96223
u0025359:i0105112,6.96223
u0025359:i0105585,6.96223
u0025359:i0106387,6.96223
u0025359:i0106453,6.96223
u0025359:i0106697,6.96223
u0025359:i0106918,6.96223
u0025359:i0107048,6.96223
u0025359:i0108052,6.96223
u0025359:i0108187,6.96223
u0025359:i0110322,6.96223
u0025359:i0110997,6.96223
u0025359:i0111257,6.96223
u0025359:i0112401,6.96223
u0025359:i0112462,6.96223
u0025359:i0112697,6.96223
u0025359:i0113101,6.96223
u0025359:i0113243,6.96223
u0025359:i0113451,6.96223
u0025359:i0113674,6.96223
u0025359:i0114214,6.96223
u0025359:i0114746,6.96223
u0025359:i0114924,6.96223
u0025359:i0116287,6.96223
u0025359:i0116621,6.96223
u0025359:i0117381,6.96223
u0025359:i0117666,6.96223
u0025359:i0117918,6.96223
u0025359:i0118655,6.96223
u0025359:i0118688,6.96223
u0025359:i0118694,6.96223
u0025359:i0118749,6.96223
u0025359:i0118771,6.96223
u0025359:i0118972,6.96223
u0025359:i0119256,6.96223
u0025359:i0119488,6.96223
u0025359:i0119654,6.96223
u0025359:i0119807,6.96223
u0025359:i0120382,6.96223
u0025359:i0120601,6.96223
u0025359:i0120633,6.96223
u0025359:i0120647,6.96223
u0025359:i0120660,6.96223
u0025359:i0120663,6.96223
u0025359:i0120735,6.96223
u0025359:i0120749,6.96223
u0025359:i0120784,6.96223
u0025359:i0120789,6.96223
u0025359:i0120824,6.96223
u0025359:i0120841,6.96223
u0025359:i0124315,6.96223
u0025359:i0124901,6.96223
u0025359:i0132245,6.96223
u0025359:i0137363,6.96223
u0025359:i0138524,6.96223
u0025359:i0145660,6.96223
u0025359:i0145681,6.96223
u0025359:i0146316,6.96223
u0025359:i0146336,6.96223
u0025359:i0147800,6.96223
u0025359:i0150377,6.96223
u0025359:i0150662,6.96223
u0025359:i0154420,6.96223
u0025359:i0161081,6.96223
u0025359:i0164334,6.96223
u0025359:i0164912,6.96223
u0025359:i0167404,6.96223
u0025359:i0175526,6.96223
u0025359:i0183523,6.96223
u0025359:i0183790,6.96223
u0025359:i0187393,6.96223
u0025359:i0188453,6.96223
u0025359:i0195234,6.96223
u0025359:i0198781,6.96223
u0025359:i0199626,6.96223
u0025359:i0201485,6.96223
u0025359:i0203019,6.96223
u0025359:i0204946,6.96223
u0025359:i0209475,6.96223
u0025359:i0211387,6.96223
u0025359:i0211933,6.96223
u0025359:i0221889,6.96223
u0025359:i0228786,6.96223
u0025359:i0237572,6.96223
u0025359:i0239060,6.96223
u0025359:i0250494,6.96223
u0025359:i0256415,6.96223
u0025359:i0274309,6.96223
u0025359:i0274812,6.96223
u0025359:i0280491,6.96223
u0025359:i0280778,6.96223
u0025359:i0285861,6.96223
u0025359:i0289635,6.96223
u0025359:i0289879,6.96223
u0025359:i0291579,6.96223
u0025359:i0325703,6.96223
u0025359:i0325710,6.96223
u0025359:i0335266,6.96223
u0025359:i0335345,6.96223
u0025359:i0338348,6.96223
u0025359:i0339300,6.96223
u0025359:i0343660,6.96223
u0025359:i0348505,6.96223
u0025359:i0350261,6.96223
u0025359:i0361127,6.96223
u0025359:i0361596,6.96223
u0025359:i0364045,6.96223
u0025359:i0373926,6.96223
u0025359:i0375173,6.96223
u0025359:i0382572,6.96223
u0025359:i0382932,6.96223
u0025359:i0384680,6.96223
u0025359:i0385004,6.96223
u0025359:i0385267,6.96223
u0025359:i0389860,6.96223
u0025359:i0390521,6.96223
u0025359:i0398017,6.96223
u0025359:i0408790,6.96223
u0025359:i0408839,6.96223
u0025359:i0409379,6.96223
u0025359:i0411705,6.96223
u0025359:i0417791,6.96223
u0025359:i0420555,6.96223
u0025359:i0420740,6.96223
u0025359:i0421239,6.96223
u0025359:i0422295,6.96223
u0025359:i0425210,6.96223
u0025359:i0433387,6.96223
u0025359:i0436697,6.96223
u0025359:i0443274,6.96223
u0025359:i0443543,6.96223
u0025359:i0443680,6.96223
u0025359:i0445935,6.96223
u0025359:i0449059,6.96223
u0025359:i0449467,6.96223
u0025359:i0450259,6.96223
u0025359:i0453548,6.96223
u0025359:i0455944,6.96223
u0025359:i0455957,6.96223
u0025359:i0456521,6.96223
u0025359:i0458413,6.96223
u0025359:i0458481,6.96223
u0025359:i0460810,6.96223
u0025359:i0462538,6.96223
u0025359:i0463998,6.96223
u0025359:i0472160,6.96223
u0025359:i0473075,6.96223
u0025359:i0473444,6.96223
u0025359:i0473492,6.96223
u0025359:i0475394,6.96223
u0025359:i0478311,6.96223
u0025359:i0481141,6.96223
u0025359:i0497365,6.96223
u0025359:i0499556,6.96223
u0025359:i0499603,6.96223
u0025359:i0758794,6.96223
u0025359:i0763840,6.96223
u0025359:i0765010,6.96223
u0025359:i0791303,6.96223
u0025359:i0800080,6.96223
u0025359:i0816442,6.96223
u0025359:i0825232,6.96223
u0025359:i0829150,6.96223
u0025359:i0831387,6.96223
u0025359:i0864835,6.96223
u0025359:i0866437,6.96223
u0025359:i0887912,6.96223
u0025359:i0910970,6.96223
u0025359:i0914798,6.96223
u0025359:i0959337,6.96223
u0025359:i0970416,6.96223
u0025359:i1013753,6.96223
u0025359:i1020530,6.96223
u0025359:i1065073,6.96223
u0025359:i1084950,6.96223
u0025359:i1092019,6.96223
u0025359:i1100048,6.96223
u0025359:i1114740,6.96223
u0025359:i1136608,6.96223
u0025359:i1186370,6.96223
u0025359:i1204975,6.96223
u0025359:i1206543,6.96223
u0025359:i1229340,6.96223
u0025359:i1234721,6.96223
u0025359:i1244754,6.96223
u0025359:i1253863,6.96223
u0025359:i1267297,6.96223
u0025359:i1289406,6.96223
u0025359:i1291150,6.96223
u0025359:i1311071,6.96223
u0025359:i1335975,6.96223
u0025359:i1355630,6.96223
u0025359:i1356928,6.96223
u0025359:i1360860,6.96223
u0025359:i1392214,6.96223
u0025359:i1405809,6.96223
u0025359:i1408253,6.96223
u0025359:i1410063,6.96223
u0025359:i1430612,6.96223
u0025359:i1454910,6.96223
u0025359:i1455151,6.96223
u0025359:i1464191,6.96223
u0025359:i1478964,6.96223
u0025359:i1486834,6.96223
u0025359:i1493157,6.96223
u0025359:i1508675,6.96223
u0025359:i1536410,6.96223
u0025359:i1540741,6.96223
u0025359:i1547638,6.96223
u0025359:i1596346,6.96223
u0025359:i1600196,6.96223
u0025359:i1606389,6.96223
u0025359:i1610013,6.96223
u0025359:i1618447,6.96223
u0025359:i1657510,6.96223
u0025359:i1661382,6.96223
u0025359:i1666335,6.96223
u0025359:i1680123,6.96223
u0025359:i1686821,6.96223
u0025359:i1698648,6.96223
u0025359:i1702437,6.96223
u0025359:i1714915,6.96223
u0025359:i1718835,6.96223
u0025359:i1727388,6.96223
u0025359:i1735900,6.96223
u0025359:i1742044,6.96223
u0025359:i1742334,6.96223
u0025359:i1756595,6.96223
u0025359:i1756616,6.96223
u0025359:i1772264,6.96223
u0025359:i1798709,6.96223
u0025359:i1800246,6.96223
u0025359:i1826590,6.96223
u0025359:i1826730,6.96223
u0025359:i1837709,6.96223
u0025359:i1839642,6.96223
u0025359:i1843866,6.96223
u0025359:i1854236,6.96223
u0025359:i1860238,6.96223
u0025359:i1872181,6.96223
u0025359:i1877832,6.96223
u0025359:i1884457,6.96223
u0025359:i1894476,6.96223
u0025359:i1899324,6.96223
u0025359:i1921064,6.96223
u0025359:i1924435,6.96223
u0025359:i1925466,6.96223
u0025359:i1928340,6.96223
u0025359:i1929263,6.96223
u0025359:i1937269,6.96223
u0025359:i1951265,6.96223
u0025359:i1966566,6.96223
u0025359:i1972571,6.96223
u0025359:i1972779,6.96223
u0025359:i1975159,6.96223
u0025359:i2004420,6.96223
u0025359:i2013293,6.96223
u0025359:i2016940,6.96223
u0025359:i2017038,6.96223
u0025359:i2024469,6.96223
u0025359:i2039345,6.96223
u0025359:i2042568,6.96223
u0025359:i2055765,6.96223
u0025359:i2058107,6.96223
u0025359:i2059171,6.96223
u0025359:i2095649,6.96223
u0025359:i2103267,6.96223
u0025359:i2107861,6.96223
u0025359:i2109248,6.96223
u0025359:i2112210,6.96223
u0025359:i2167202,6.96223
u0025359:i2167266,6.96223
u0025359:i2170228,6.96223
u0025359:i2170299,6.96223
u0025359:i2172584,6.96223
u0025359:i2172985,6.96223
u0025359:i2177771,6.96223
u0025359:i2187115,6.96223
u0025359:i2193265,6.96223
u0025359:i2193418,6.96223
u0025359:i2198241,6.96223
u0025359:i2203939,6.96223
u0025359:i2205697,6.96223
u0025359:i2212008,6.96223
u0025359:i2218003,6.96223
u0025359:i2231138,6.96223
u0025359:i2231251,6.96223
u0025359:i2239832,6.96223
u0025359:i2249221,6.96223
u0025359:i2258345,6.96223
u0025359:i2275471,6.96223
u0025359:i2278388,6.96223
u0025359:i2286990,6.96223
u0025359:i2292959,6.96223
u0025359:i2294449,6.96223
u0025359:i2294677,6.96223
u0025359:i2294939,6.96223
u0025359:i2304953,6.96223
u0025359:i2309224,6.96223
u0025359:i2316411,6.96223
u0025359:i2318092,6.96223
u0025359:i2319580,6.96223
u0025359:i2333784,6.96223
u0025359:i2333804,6.96223
u0025359:i2343793,6.96223
u0025359:i2345112,6.96223
u0025359:i2345737,6.96223
u0025359:i2354407,6.96223
u0025359:i2355495,6.96223
u0025359:i2357291,6.96223
u0025359:i2357461,6.96223
u0025359:i2359024,6.96223
u0025359:i2369135,6.96223
u0025359:i2369205,6.96223
u0025359:i2380331,6.96223
u0025359:i2382396,6.96223
u0025359:i2388637,6.96223
u0025359:i2390361,6.96223
u0025359:i2392326,6.96223
u0025359:i2397535,6.96223
u0025359:i2398249,6.96223
u0025359:i2401597,6.96223
u0025359:i2401807,6.96223
u0025359:i2402105,6.96223
u0025359:i2402157,6.96223
u0025359:i2404583,6.96223
u0025359:i2425486,6.96223
u0025359:i2438644,6.96223
u0025359:i2458106,6.96223
u0025359:i2463288,6.96223
u0025359:i2473602,6.96223
u0025359:i2499414,6.96223
u0025359:i2510268,6.96223
u0025359:i2512170,6.96223
u0025359:i2518788,6.96223
u0025359:i2537176,6.96223
u0025359:i2557490,6.96223
u0025359:i2567712,6.96223
u0025359:i2571502,6.96223
u0025359:i2582846,6.96223
u0025359:i2608726,6.96223
u0025359:i2676350,6.96223
u0025359:i2708254,6.96223
u0025359:i2713180,6.96223
u0025359:i2718492,6.96223
u0025359:i2727028,6.96223
u0025359:i2737050,6.96223
u0025359:i2771372,6.96223
u0025359:i2800240,6.96223
u0025359:i2802154,6.96223
u0025359:i2825854,6.96223
u0025359:i2854876,6.96223
u0025359:i2911666,6.96223
u0025359:i2920540,6.96223
u0025359:i2946498,6.96223
u0025359:i2962726,6.96223
u0025359:i2975578,6.96223
u0025359:i2980648,6.96223
u0025359:i2992894,6.96223
u0025359:i3014666,6.96223
u0025359:i3061836,6.96223
u0025359:i3089922,6.96223
u0025359:i3110822,6.96223
u0025359:i3129564,6.96223
u0025359:i3164988,6.96223
u0025359:i3169706,6.96223
u0025359:i3179568,6.96223
u0025359:i3283556,6.96223
u0025359:i3294634,6.96223
u0025359:i3560658,6.96223
u0025359:i3573140,6.96223
u0025359:i3638012,6.96223
u0025359:i3776288,6.96223
u0025359:i3983266,6.96223
u0025359:i4005430,6.96223
u0025367:i0478970,8.50811
u0025367:i1078912,8.50811
u0025367:i1392190,8.50811
u0025367:i1823672,8.50811
u0025367:i1935302,8.50811
u0025367:i2039393,8.50811
u0025367:i2126355,8.50811
u0025367:i2199571,8.50811
u0025367:i2381941,8.50811
u0025367:i2395427,8.50811
u0025367:i2802144,8.50811
u0025367:i2908446,8.50811
u0025367:i2917388,8.50811
u0025373:i0232500,8.02148
u0025373:i0369610,8.02148
u0025373:i0477095,8.02148
u0025373:i0478970,8.02148
u0025373:i1020072,8.02148
u0025373:i1100089,8.02148
u0025373:i1213663,8.02148
u0025373:i1392190,8.02148
u0025373:i1398426,8.02148
u0025373:i1502712,8.02148
u0025373:i1638355,8.02148
u0025373:i1674771,8.02148
u0025373:i1790864,8.02148
u0025373:i1798684,8.02148
u0025373:i1865505,8.02148
u0025373:i1872194,8.02148
u0025373:i1877832,8.02148
u0025373:i1951265,8.02148
u0025373:i1964418,8.02148
u0025373:i2015381,8.02148
u0025373:i2084970,8.02148
u0025373:i2103281,8.02148
u0025373:i2126355,8.02148
u0025373:i2180411,8.02148
u0025373:i2224026,8.02148
u0025373:i2245084,8.02148
u0025373:i2279373,8.02148
u0025373:i2293640,8.02148
u0025373:i2305051,8.02148
u0025373:i2310332,8.02148
u0025373:i2371399,8.02148
u0025373:i2381249,8.02148
u0025373:i2395427,8.02148
u0025373:i2555736,8.02148
u0025373:i2582802,8.02148
u0025373:i2692250,8.02148
u0025373:i2820852,8.02148
u0025373:i2848292,8.02148
u0025373:i2872750,8.02148
u0025373:i2908446,8.02148
u0025373:i2967224,8.02148
u0025373:i2980516,8.02148
u0025373:i3007512,8.02148
u0025373:i3149038,8.02148
u0025373:i3152624,8.02148
u0025373:i3168230,8.02148
u0025373:i3169706,8.02148
u0025373:i3205376,8.02148
u0025373:i3321300,8.02148
u0025373:i3442006,8.02148
u0025403:i0109040,6.31898
u0025403:i0993846,7.05581
u0025403:i1130884,5.87291
u0025403:i1219289,7.01217
u0025403:i1291584,5.99329
u0025403:i1675434,6.45361
u0025403:i2024469,6.62562
u0025436:i0374546,7.60697
u0025436:i0449467,7.60697
u0025436:i1186830,7.60697
u0025436:i1258197,7.60697
u0025436:i1270842,7.60697
u0025436:i1360860,7.60697
u0025436:i1832382,7.60697
u0025436:i2101473,7.60697
u0025436:i2562232,7.60697
u0025436:i2718492,7.60697
u0025436:i2758880,7.60697
u0025436:i2884206,7.60697
u0025436:i3011894,7.60697
u0025436:i3316960,7.60697
u0025446:i0369610,7.23552
u0025446:i0470752,7.23552
u0025446:i0478970,7.23552
u0025446:i1020072,7.23552
u0025446:i1340138,7.23552
u0025446:i1392190,7.23552
u0025446:i1502712,7.23552
u0025446:i1617661,7.23552
u0025446:i1638355,7.23552
u0025446:i1772288,7.23552
u0025446:i1791528,7.23552
u0025446:i1798684,7.23552
u0025446:i1823672,7.23552
u0025446:i1964418,7.23552
u0025446:i2120120,7.23552
u0025446:i2126355,7.23552
u0025446:i2199571,7.23552
u0025446:i2245084,7.23552
u0025446:i2279373,7.23552
u0025446:i2305051,7.23552
u0025446:i2381249,7.23552
u0025446:i2381941,7.23552
u0025446:i2395427,7.23552
u0025446:i2515034,7.23552
u0025446:i2788710,7.23552
u0025446:i2802144,7.23552
u0025446:i2820852,7.23552
u0025446:i2911666,7.23552
u0025446:i2937898,7.23552
u0025446:i2980516,7.23552
u0025446:i3235888,7.23552
u0025446:i3713166,7.23552
u0025446:i4178092,7.23552
u0025447:i0110475,8.27178
u0025447:i0292506,8.27178
u0025447:i0369610,8.27178
u0025447:i0477302,8.27178
u0025447:i0478970,8.27178
u0025447:i1057500,8.27178
u0025447:i1253863,8.27178
u0025447:i1924429,8.27178
u0025447:i1964418,8.27178
u0025447:i1967545,8.27178
u0025447:i1980929,8.27178
u0025447:i2024469,8.27178
u0025447:i2084970,8.27178
u0025447:i2109248,8.27178
u0025447:i2170299,8.27178
u0025447:i2293640,8.27178
u0025447:i2381249,8.27178
u0025447:i2381941,8.27178
u0025447:i2390237,8.27178
u0025447:i2395427,8.27178
u0025447:i2557490,8.27178
u0025447:i2582802,8.27178
u0025447:i2637276,8.27178
u0025447:i2802144,8.27178
u0025447:i2820852,8.27178
u0025447:i2848292,8.27178
u0025447:i2872732,8.27178
u0025447:i3079380,8.27178
u0025447:i3958276,8.27178
u0025487:i0110413,6.13793
u0025487:i0111161,6.03185
u0025487:i0264464,6.42631
u0025487:i0332280,6.62691
u0025487:i0405159,6.46456
u0025487:i0450259,6.43657
u0025487:i0964517,6.34692
u0025487:i1023111,4.81009
u0025487:i1065073,7.21931
u0025487:i1119646,6.26554
u0025487:i1130884,5.96189
u0025487:i1212450,5.98487
u0025487:i1375666,6.41697
u0025487:i1392214,6.41626
u0025487:i1408253,6.83177
u0025487:i1411697,6.56338
u0025487:i1454468,6.51995
u0025487:i1457767,6.06786
u0025487:i1637725,6.5625
u0025487:i1645170,6.76076
u0025487:i1649419,6.89865
u0025487:i1661820,7.03445
u0025487:i1853728,5.91502
u0025487:i1924435,6.92015
u0025487:i1951261,5.82029
u0025487:i2023587,6.78425
u0025487:i2059171,5.37584
u0025487:i2084970,7.20175
u0025487:i2387559,6.47915
u0025487:i2562232,7.20541
u0025487:i2582846,6.64591
u0025487:i2713180,7.30803
u0025487:i2872718,7.27363
u0025487:i2965412,7.22794
u0025487:i2980648,7.16026
u0025487:i3079380,6.95336
u0025487:i3177316,6.79211
u0025498:i0079116,6.39925
u0025498:i0114369,5.81834
u0025498:i2261331,6.78564
u0025498:i2338151,7.00369
u0025515:i0110413,6.37331
u0025515:i0112384,6.37331
u0025515:i0258463,6.37331
u0025515:i0266543,6.37331
u0025515:i0365748,6.37331
u0025515:i0365907,6.37331
u0025515:i0478970,6.37331
u0025515:i0816692,6.37331
u0025515:i0903624,6.37331
u0025515:i1100089,6.37331
u0025515:i1276104,6.37331
u0025515:i1386588,6.37331
u0025515:i1392190,6.37331
u0025515:i1617661,6.37331
u0025515:i1650554,6.37331
u0025515:i1675434,6.37331
u0025515:i1937149,6.37331
u0025515:i1951265,6.37331
u0025515:i1959490,6.37331
u0025515:i2096673,6.37331
u0025515:i2126355,6.37331
u0025515:i2170439,6.37331
u0025515:i2170593,6.37331
u0025515:i2179136,6.37331
u0025515:i2381249,6.37331
u0025515:i2397535,6.37331
u0025515:i2446042,6.37331
u0025515:i2802144,6.37331
u0025515:i2820852,6.37331
u0025515:i2872718,6.37331
u0025515:i2980516,6.37331
u0025515:i3079380,6.37331
u0025523:i0099785,7.80468
u0025523:i0203019,7.80468
u0025523:i0317219,7.80468
u0025523:i0337978,7.80468
u0025523:i0340163,7.80468
u0025523:i0829482,7.80468
u0025523:i1119646,7.80468
u0025523:i1564367,7.80468
u0025523:i1855199,7.80468
u0025542:i0107822,7.41
u0025542:i0280653,7.41
u0025542:i0758758,7.41
u0025542:i1865505,7.41
u0025542:i2576852,7.41
u0025542:i2752688,7.41
u0025584:i0369610,7.92598
u0025584:i0470752,7.92598
u0025584:i0478970,7.92598
u0025584:i0790736,7.92598
u0025584:i1198156,7.92598
u0025584:i1340138,7.92598
u0025584:i1385867,7.92598
u0025584:i1626146,7.92598
u0025584:i1655441,7.92598
u0025584:i1659337,7.92598
u0025584:i1698641,7.92598
u0025584:i1702439,7.92598
u0025584:i1809398,7.92598
u0025584:i1823672,7.92598
u0025584:i1964418,7.92598
u0025584:i2084970,7.92598
u0025584:i2126355,7.92598
u0025584:i2140465,7.92598
u0025584:i2179136,7.92598
u0025584:i2199571,7.92598
u0025584:i2273657,7.92598
u0025584:i2278388,7.92598
u0025584:i2358925,7.92598
u0025584:i2381249,7.92598
u0025584:i2436386,7.92598
u0025584:i2446042,7.92598
u0025584:i2509850,7.92598
u0025584:i2555736,7.92598
u0025584:i2631186,7.92598
u0025584:i2637276,7.92598
u0025584:i2652092,7.92598
u0025584:i2717860,7.92598
u0025584:i2726560,7.92598
u0025584:i2788710,7.92598
u0025584:i2802144,7.92598
u0025584:i2917388,7.92598
u0025584:i2937898,7.92598
u0025584:i3011894,7.92598
u0025584:i3079380,7.92598
u0025584:i3205376,7.92598
u0025584:i3235888,7.92598
u0025584:i3247714,7.92598
u0025584:i3339674,7.92598
u0025584:i3495030,7.92598
u0025584:i3742284,7.92598
u0025584:i3767372,7.92598
u0025584:i3863552,7.92598
u0025584:i4430212,7.92598
u0025592:i1392190,7.085
u0025592:i2395427,7.21877
u0025592:i2820852,7.1078
u0025597:i0426931,6.42409
u0025597:i0816692,6.42409
u0025597:i2980516,6.42409
u0025597:i2994190,6.42409
u0025627:i0097239,4.30266
u0025627:i0112384,5.89568
u0025627:i0315733,6.69316
u0025627:i0366627,4.63436
u0025627:i0368447,5.73305
u0025627:i0401383,6.85968
u0025627:i0469494,6.44448
u0025627:i0795368,6.70666
u0025627:i0802948,6.42291
u0025627:i1355630,6.99375
u0025627:i1396226,6.21237
u0025627:i1692486,6.26936
u0025627:i1821549,6.59594
u0025627:i2042568,6.99866
u0025627:i2387433,6.68109
u0025627:i2388715,6.67822
u0025627:i2561572,7.09586
u0025627:i2758880,7.1228
u0025627:i2802144,7.17195
u0025627:i2820852,7.11716
u0025627:i2848292,7.15292
u0025627:i2908446,7.02083
u0025627:i3042408,6.19736
u0025627:i3177316,7.05334
u0025627:i3205376,6.67945
u0025637:i0066963,8.36331
u0025637:i0120647,8.36331
u0025637:i0120812,8.36331
u0025637:i0208003,8.36331
u0025637:i0266915,8.36331
u0025637:i0317919,8.36331
u0025637:i0463985,8.36331
u0025637:i0882977,8.36331
u0025637:i1205489,8.36331
u0025637:i1231587,8.36331
u0025637:i1392190,8.36331
u0025637:i1398426,8.36331
u0025637:i1840309,8.36331
u0025637:i1872181,8.36331
u0025637:i1907668,8.36331
u0025637:i2096672,8.36331
u0025637:i2126355,8.36331
u0025637:i2179136,8.36331
u0025637:i2381941,8.36331
u0025637:i2404311,8.36331
u0025637:i2561572,8.36331
u0025637:i2820852,8.36331
u0025665:i0095250,7.60697
u0025665:i0109424,7.60697
u0025665:i0250258,7.60697
u0025665:i0340377,7.60697
u0025665:i0435651,7.60697
u0025665:i0443453,7.60697
u0025665:i1216520,7.60697
u0025665:i1450321,7.60697
u0025665:i1772341,7.60697
u0025665:i1798684,7.60697
u0025665:i1798709,7.60697
u0025665:i1801061,7.60697
u0025665:i1935179,7.60697
u0025665:i2043933,7.60697
u0025665:i2140379,7.60697
u0025665:i2245084,7.60697
u0025665:i2278871,7.60697
u0025665:i2370248,7.60697
u0025665:i2562232,7.60697
u0025665:i2582802,7.60697
u0025665:i2785032,7.60697
u0025665:i2936180,7.60697
u0025665:i2980516,7.60697
u0025665:i3045616,7.60697
u0025665:i3409392,7.60697
u0025704:i0089885,7.41959
u0025704:i0181689,7.41959
u0025704:i1340138,7.41959
u0025704:i1392190,7.41959
u0025704:i1655441,7.41959
u0025704:i1823672,7.41959
u0025704:i2024469,7.41959
u0025704:i2334879,7.41959
u0025718:i0087469,7.60697
u0025718:i0087928,7.60697
u0025718:i0089822,7.60697
u0025718:i0367882,7.60697
u0025718:i0936501,7.60697
u0025718:i1029360,7.60697
u0025718:i1065073,7.60697
u0025718:i1375666,7.60697
u0025718:i1392190,7.60697
u0025718:i1790864,7.60697
u0025718:i1979320,7.60697
u0025718:i2084970,7.60697
u0025718:i2278388,7.60697
u0025718:i2293640,7.60697
u0025718:i2358925,7.60697
u0025718:i2473682,7.60697
u0025718:i2562232,7.60697
u0025718:i2870648,7.60697
u0025718:i3322940,7.60697
u0025726:i0033717,2.12444
u0025726:i0070510,5.69463
u0025726:i0137523,6.36999
u0025734:i1638002,6.7302
u0025734:i1661199,7.16076
u0025734:i2562232,7.21303
u0025734:i2582802,7.24541
u0025748:i2631186,6.46486
u0025748:i3848892,6.76875
u0025748:i4430212,5.93397
u0025773:i0062168,8.08333
u0025773:i0066895,8.08333
u0025773:i0369610,8.08333
u0025773:i2004420,8.08333
u0025773:i2015381,8.08333
u0025773:i2322441,8.08333
u0025773:i2713180,8.08333
u0025773:i2852458,8.08333
u0025818:i0074812,6.37331
u0025818:i0109729,6.37331
u0025818:i0470752,6.37331
u0025818:i1126590,6.37331
u0025818:i1392190,6.37331
u0025818:i2179136,6.37331
u0025818:i2278388,6.37331
u0025818:i2562232,6.37331
u0025818:i4178092,6.37331
u0025822:i0468569,7.60697
u0025822:i1924435,7.60697
u0025822:i2125423,7.60697
u0025822:i2179136,7.60697
u0025841:i0064757,7.33522
u0025841:i0066995,7.33522
u0025841:i0115734,7.33522
u0025841:i0210945,7.33522
u0025841:i0322802,7.33522
u0025841:i0338564,7.33522
u0025841:i0445990,7.33522
u0025841:i0455944,7.33522
u0025841:i0497465,7.33522
u0025841:i1016321,7.33522
u0025841:i1024648,7.33522
u0025841:i1045658,7.33522
u0025841:i1124035,7.33522
u0025841:i1204975,7.33522
u0025841:i1232829,7.33522
u0025841:i1245492,7.33522
u0025841:i1272878,7.33522
u0025841:i1670345,7.33522
u0025841:i1674771,7.33522
u0025841:i1690953,7.33522
u0025841:i1800241,7.33522
u0025841:i1866249,7.33522
u0025841:i1924435,7.33522
u0025841:i1931533,7.33522
u0025841:i2015381,7.33522
u0025841:i2024469,7.33522
u0025841:i2229499,7.33522
u0025841:i2334879,7.33522
u0025841:i2446042,7.33522
u0025841:i2557490,7.33522
u0025841:i2582802,7.33522
u0025841:i2713180,7.33522
u0025883:i0268978,7.1434
u0025883:i0369610,7.1434
u0025883:i1204975,7.1434
u0025883:i1253863,7.1434
u0025883:i1291150,7.1434
u0025883:i1375666,7.1434
u0025883:i1587310,7.1434
u0025883:i1790864,7.1434
u0025883:i2015381,7.1434
u0025883:i2084970,7.1434
u0025883:i2109248,7.1434
u0025883:i2278388,7.1434
u0025883:i2310332,7.1434
u0025883:i2872732,7.1434
u0025900:i1020072,7.92598
u0025900:i1267297,7.92598
u0025900:i1392190,7.92598
u0025900:i1661199,7.92598
u0025900:i1809398,7.92598
u0025900:i1823672,7.92598
u0025900:i1911658,7.92598
u0025900:i1951265,7.92598
u0025900:i1972779,7.92598
u0025900:i2096673,7.92598
u0025900:i2305051,7.92598
u0025900:i2310332,7.92598
u0025900:i2381941,7.92598
u0025900:i2388637,7.92598
u0025900:i2446042,7.92598
u0025900:i2908446,7.92598
u0025900:i2911666,7.92598
u0025900:i3203616,7.92598
u0025916:i0044557,8.52381
u0025916:i0044916,8.52381
u0025916:i0045891,8.52381
u0025916:i0047422,8.52381
u0025916:i0047574,8.52381
u0025916:i0048028,8.52381
u0025916:i0048605,8.52381
u0025916:i0049682,8.52381
u0025916:i0054022,8.52381
u0025916:i0062622,8.52381
u0025916:i0063350,8.52381
u0025916:i0063442,8.52381
u0025916:i0071230,8.52381
u0025916:i0071762,8.52381
u0025916:i0073629,8.52381
u0025916:i0075005,8.52381
u0025916:i0077394,8.52381
u0025916:i0077631,8.52381
u0025916:i0078935,8.52381
u0025916:i0080771,8.52381
u0025916:i0082377,8.52381
u0025916:i0087197,8.52381
u0025916:i0088847,8.52381
u0025916:i0089017,8.52381
u0025916:i0089218,8.52381
u0025916:i0090094,8.52381
u0025916:i0093171,8.52381
u0025916:i0093428,8.52381
u0025916:i0093854,8.52381
u0025916:i0093995,8.52381
u0025916:i0094012,8.52381
u0025916:i0096895,8.52381
u0025916:i0096928,8.52381
u0025916:i0097742,8.52381
u0025916:i0098067,8.52381
u0025916:i0098536,8.52381
u0025916:i0102034,8.52381
u0025916:i0102059,8.52381
u0025916:i0102216,8.52381
u0025916:i0102926,8.52381
u0025916:i0104187,8.52381
u0025916:i0104265,8.52381
u0025916:i0106673,8.52381
u0025916:i0106912,8.52381
u0025916:i0107096,8.52381
u0025916:i0107659,8.52381
u0025916:i0110167,8.52381
u0025916:i0110322,8.52381
u0025916:i0111438,8.52381
u0025916:i0112442,8.52381
u0025916:i0113189,8.52381
u0025916:i0114746,8.52381
u0025916:i0115963,8.52381
u0025916:i0116483,8.52381
u0025916:i0118655,8.52381
u0025916:i0119738,8.52381
u0025916:i0120347,8.52381
u0025916:i0120399,8.52381
u0025916:i0120770,8.52381
u0025916:i0125439,8.52381
u0025916:i0143145,8.52381
u0025916:i0146882,8.52381
u0025916:i0157583,8.52381
u0025916:i0162222,8.52381
u0025916:i0172156,8.52381
u0025916:i0181852,8.52381
u0025916:i0188453,8.52381
u0025916:i0203940,8.52381
u0025916:i0212985,8.52381
u0025916:i0219671,8.52381
u0025916:i0240468,8.52381
u0025916:i0240890,8.52381
u0025916:i0242423,8.52381
u0025916:i0246460,8.52381
u0025916:i0259324,8.52381
u0025916:i0271367,8.52381
u0025916:i0277986,8.52381
u0025916:i0279331,8.52381
u0025916:i0280590,8.52381
u0025916:i0283026,8.52381
u0025916:i0289043,8.52381
u0025916:i0289765,8.52381
u0025916:i0298203,8.52381
u0025916:i0302886,8.52381
u0025916:i0305224,8.52381
u0025916:i0324554,8.52381
u0025916:i0330793,8.52381
u0025916:i0335345,8.52381
u0025916:i0335438,8.52381
u0025916:i0340377,8.52381
u0025916:i0365907,8.52381
u0025916:i0367959,8.52381
u0025916:i0369610,8.52381
u0025916:i0375568,8.52381
u0025916:i0381061,8.52381
u0025916:i0398017,8.52381
u0025916:i0398286,8.52381
u0025916:i0398375,8.52381
u0025916:i0402910,8.52381
u0025916:i0408236,8.52381
u0025916:i0431021,8.52381
u0025916:i0448564,8.52381
u0025916:i0455805,8.52381
u0025916:i0458413,8.52381
u0025916:i0466909,8.52381
u0025916:i0470752,8.52381
u0025916:i0475394,8.52381
u0025916:i0477347,8.52381
u0025916:i0479537,8.52381
u0025916:i0480249,8.52381
u0025916:i0482599,8.52381
u0025916:i0485985,8.52381
u0025916:i0489282,8.52381
u0025916:i0489664,8.52381
u0025916:i0498353,8.52381
u0025916:i0775529,8.52381
u0025916:i0810913,8.52381
u0025916:i0815245,8.52381
u0025916:i0816692,8.52381
u0025916:i0830515,8.52381
u0025916:i0831884,8.52381
u0025916:i0838221,8.52381
u0025916:i0884732,8.52381
u0025916:i0896798,8.52381
u0025916:i0993846,8.52381
u0025916:i1020072,8.52381
u0025916:i1020543,8.52381
u0025916:i1029360,8.52381
u0025916:i1068242,8.52381
u0025916:i1074638,8.52381
u0025916:i1078912,8.52381
u0025916:i1082868,8.52381
u0025916:i1092082,8.52381
u0025916:i1097239,8.52381
u0025916:i1100089,8.52381
u0025916:i1109624,8.52381
u0025916:i1121096,8.52381
u0025916:i1126590,8.52381
u0025916:i1129415,8.52381
u0025916:i1132449,8.52381
u0025916:i1134846,8.52381
u0025916:i1152398,8.52381
u0025916:i1175709,8.52381
u0025916:i1204977,8.52381
u0025916:i1210042,8.52381
u0025916:i1214962,8.52381
u0025916:i1220719,8.52381
u0025916:i1225822,8.52381
u0025916:i1226273,8.52381
u0025916:i1242460,8.52381
u0025916:i1258972,8.52381
u0025916:i1274586,8.52381
u0025916:i1296899,8.52381
u0025916:i1297919,8.52381
u0025916:i1298650,8.52381
u0025916:i1307068,8.52381
u0025916:i1313092,8.52381
u0025916:i1315981,8.52381
u0025916:i1323594,8.52381
u0025916:i1355630,8.52381
u0025916:i1371150,8.52381
u0025916:i1392190,8.52381
u0025916:i1422136,8.52381
u0025916:i1423995,8.52381
u0025916:i1424003,8.52381
u0025916:i1430615,8.52381
u0025916:i1431065,8.52381
u0025916:i1433811,8.52381
u0025916:i1440161,8.52381
u0025916:i1441940,8.52381
u0025916:i1480656,8.52381
u0025916:i1486192,8.52381
u0025916:i1496422,8.52381
u0025916:i1517489,8.52381
u0025916:i1519461,8.52381
u0025916:i1528100,8.52381
u0025916:i1531901,8.52381
u0025916:i1540128,8.52381
u0025916:i1549572,8.52381
u0025916:i1560479,8.52381
u0025916:i1567437,8.52381
u0025916:i1571249,8.52381
u0025916:i1583421,8.52381
u0025916:i1588895,8.52381
u0025916:i1600196,8.52381
u0025916:i1602098,8.52381
u0025916:i1605717,8.52381
u0025916:i1615065,8.52381
u0025916:i1617661,8.52381
u0025916:i1626146,8.52381
u0025916:i1634003,8.52381
u0025916:i1640711,8.52381
u0025916:i1641841,8.52381
u0025916:i1646980,8.52381
u0025916:i1650028,8.52381
u0025916:i1656186,8.52381
u0025916:i1659337,8.52381
u0025916:i1661199,8.52381
u0025916:i1661820,8.52381
u0025916:i1665746,8.52381
u0025916:i1666801,8.52381
u0025916:i1667307,8.52381
u0025916:i1675434,8.52381
u0025916:i1678051,8.52381
u0025916:i1690953,8.52381
u0025916:i1703148,8.52381
u0025916:i1711425,8.52381
u0025916:i1712170,8.52381
u0025916:i1718903,8.52381
u0025916:i1726592,8.52381
u0025916:i1727300,8.52381
u0025916:i1748122,8.52381
u0025916:i1764183,8.52381
u0025916:i1772288,8.52381
u0025916:i1780798,8.52381
u0025916:i1791528,8.52381
u0025916:i1795702,8.52381
u0025916:i1809398,8.52381
u0025916:i1810683,8.52381
u0025916:i1823672,8.52381
u0025916:i1836953,8.52381
u0025916:i1837613,8.52381
u0025916:i1838544,8.52381
u0025916:i1839492,8.52381
u0025916:i1850397,8.52381
u0025916:i1862079,8.52381
u0025916:i1872194,8.52381
u0025916:i1881002,8.52381
u0025916:i1893256,8.52381
u0025916:i1912398,8.52381
u0025916:i1920849,8.52381
u0025916:i1920945,8.52381
u0025916:i1930463,8.52381
u0025916:i1937264,8.52381
u0025916:i1945084,8.52381
u0025916:i1951265,8.52381
u0025916:i1980929,8.52381
u0025916:i1981140,8.52381
u0025916:i1981677,8.52381
u0025916:i1990314,8.52381
u0025916:i2034139,8.52381
u0025916:i2039393,8.52381
u0025916:i2040560,8.52381
u0025916:i2043933,8.52381
u0025916:i2078552,8.52381
u0025916:i2090629,8.52381
u0025916:i2096672,8.52381
u0025916:i2101569,8.52381
u0025916:i2103254,8.52381
u0025916:i2107861,8.52381
u0025916:i2115295,8.52381
u0025916:i2132285,8.52381
u0025916:i2150332,8.52381
u0025916:i2165859,8.52381
u0025916:i2170439,8.52381
u0025916:i2170593,8.52381
u0025916:i2172584,8.52381
u0025916:i2179116,8.52381
u0025916:i2179136,8.52381
u0025916:i2180411,8.52381
u0025916:i2180994,8.52381
u0025916:i2194499,8.52381
u0025916:i2220642,8.52381
u0025916:i2224026,8.52381
u0025916:i2234003,8.52381
u0025916:i2234025,8.52381
u0025916:i2238050,8.52381
u0025916:i2238470,8.52381
u0025916:i2244901,8.52381
u0025916:i2245084,8.52381
u0025916:i2262227,8.52381
u0025916:i2278388,8.52381
u0025916:i2300975,8.52381
u0025916:i2305051,8.52381
u0025916:i2310332,8.52381
u0025916:i2312718,8.52381
u0025916:i2321195,8.52381
u0025916:i2332883,8.52381
u0025916:i2339741,8.52381
u0025916:i2343549,8.52381
u0025916:i2366608,8.52381
u0025916:i2368672,8.52381
u0025916:i2375597,8.52381
u0025916:i2376218,8.52381
u0025916:i2381941,8.52381
u0025916:i2395199,8.52381
u0025916:i2420166,8.52381
u0025916:i2420756,8.52381
u0025916:i2436386,8.52381
u0025916:i2446042,8.52381
u0025916:i2473602,8.52381
u0025916:i2481496,8.52381
u0025916:i2509850,8.52381
u0025916:i2531168,8.52381
u0025916:i2535470,8.52381
u0025916:i2555736,8.52381
u0025916:i2559458,8.52381
u0025916:i2561572,8.52381
u0025916:i2562232,8.52381
u0025916:i2562578,8.52381
u0025916:i2573858,8.52381
u0025916:i2582802,8.52381
u0025916:i2614816,8.52381
u0025916:i2626350,8.52381
u0025916:i2637276,8.52381
u0025916:i2637294,8.52381
u0025916:i2652092,8.52381
u0025916:i2691734,8.52381
u0025916:i2692250,8.52381
u0025916:i2692904,8.52381
u0025916:i2713180,8.52381
u0025916:i2714380,8.52381
u0025916:i2717822,8.52381
u0025916:i2724236,8.52381
u0025916:i2725962,8.52381
u0025916:i2784512,8.52381
u0025916:i2799166,8.52381
u0025916:i2802136,8.52381
u0025916:i2802144,8.52381
u0025916:i2820852,8.52381
u0025916:i2848292,8.52381
u0025916:i2866360,8.52381
u0025916:i2872718,8.52381
u0025916:i2872750,8.52381
u0025916:i2884206,8.52381
u0025916:i2908856,8.52381
u0025916:i2910508,8.52381
u0025916:i2911666,8.52381
u0025916:i2911668,8.52381
u0025916:i2917388,8.52381
u0025916:i2918436,8.52381
u0025916:i2936470,8.52381
u0025916:i2944198,8.52381
u0025916:i2980516,8.52381
u0025916:i2980648,8.52381
u0025916:i2994190,8.52381
u0025916:i3004746,8.52381
u0025916:i3007512,8.52381
u0025916:i3033948,8.52381
u0025916:i3045616,8.52381
u0025916:i3079380,8.52381
u0025916:i3099498,8.52381
u0025916:i3125220,8.52381
u0025916:i3152624,8.52381
u0025916:i3169706,8.52381
u0025916:i3171246,8.52381
u0025916:i3181822,8.52381
u0025916:i3202890,8.52381
u0025916:i3203616,8.52381
u0025916:i3235888,8.52381
u0025916:i3247714,8.52381
u0025916:i3297330,8.52381
u0025916:i3316960,8.52381
u0025916:i3322940,8.52381
u0025916:i3395184,8.52381
u0025916:i3397918,8.52381
u0025916:i3411432,8.52381
u0025916:i3442006,8.52381
u0025916:i3472226,8.52381
u0025916:i3479316,8.52381
u0025916:i3496372,8.52381
u0025916:i3526408,8.52381
u0025916:i3591944,8.52381
u0025916:i3636326,8.52381
u0025916:i3699684,8.52381
u0025916:i3788052,8.52381
u0025916:i4007502,8.52381
u0025916:i4066748,8.52381
u0025916:i4250960,8.52381
u0025916:i4340174,8.52381
u0025923:i1850397,7.70813
u0025923:i2278388,7.70813
u0025923:i2381941,7.70813
u0025923:i2562232,7.70813
u0025923:i2582802,7.70813
u0025934:i0816692,6.90333
u0025934:i1631867,7.19968
u0025934:i2015381,6.9759
u0025934:i2179136,7.29726
u0025934:i2872732,7.20594
u0025943:i0116999,3.7098
u0025943:i0816692,6.91333
u0025943:i1809398,7.17753
u0025943:i1877832,6.92733
u0025943:i3007512,7.22389
u0025966:i0119177,7.92598
u0025966:i0211933,7.92598
u0025966:i0362478,7.92598
u0025966:i0398286,7.92598
u0025966:i0401711,7.92598
u0025966:i0435651,7.92598
u0025966:i0457430,7.92598
u0025966:i0478970,7.92598
u0025966:i0765443,7.92598
u0025966:i0814314,7.92598
u0025966:i0814331,7.92598
u0025966:i0815236,7.92598
u0025966:i0832903,7.92598
u0025966:i0857191,7.92598
u0025966:i0912592,7.92598
u0025966:i0956101,7.92598
u0025966:i0985695,7.92598
u0025966:i0985699,7.92598
u0025966:i1053810,7.92598
u0025966:i1075747,7.92598
u0025966:i1131729,7.92598
u0025966:i1174732,7.92598
u0025966:i1205537,7.92598
u0025966:i1217070,7.92598
u0025966:i1232829,7.92598
u0025966:i1238291,7.92598
u0025966:i1245492,7.92598
u0025966:i1253863,7.92598
u0025966:i1270277,7.92598
u0025966:i1294970,7.92598
u0025966:i1333125,7.92598
u0025966:i1374992,7.92598
u0025966:i1392190,7.92598
u0025966:i1399683,7.92598
u0025966:i1408253,7.92598
u0025966:i1418377,7.92598
u0025966:i1430612,7.92598
u0025966:i1448755,7.92598
u0025966:i1456941,7.92598
u0025966:i1462769,7.92598
u0025966:i1473397,7.92598
u0025966:i1498569,7.92598
u0025966:i1545754,7.92598
u0025966:i1564367,7.92598
u0025966:i1587310,7.92598
u0025966:i1587707,7.92598
u0025966:i1599348,7.92598
u0025966:i1600195,7.92598
u0025966:i1605630,7.92598
u0025966:i1617661,7.92598
u0025966:i1659338,7.92598
u0025966:i1686821,7.92598
u0025966:i1706620,7.92598
u0025966:i1718898,7.92598
u0025966:i1723121,7.92598
u0025966:i1742650,7.92598
u0025966:i1743720,7.92598
u0025966:i1790864,7.92598
u0025966:i1790885,7.92598
u0025966:i1823664,7.92598
u0025966:i1840309,7.92598
u0025966:i1855199,7.92598
u0025966:i1867093,7.92598
u0025966:i1877832,7.92598
u0025966:i1905041,7.92598
u0025966:i1924435,7.92598
u0025966:i1931435,7.92598
u0025966:i1935179,7.92598
u0025966:i1951264,7.92598
u0025966:i1956620,7.92598
u0025966:i1972571,7.92598
u0025966:i1979320,7.92598
u0025966:i2044801,7.92598
u0025966:i2101570,7.92598
u0025966:i2103254,7.92598
u0025966:i2103281,7.92598
u0025966:i2109248,7.92598
u0025966:i2170299,7.92598
u0025966:i2209764,7.92598
u0025966:i2294449,7.92598
u0025966:i2334879,7.92598
u0025966:i2401097,7.92598
u0025966:i2436386,7.92598
u0025966:i2461034,7.92598
u0025966:i2644714,7.92598
u0025966:i2872732,7.92598
u0025979:i1872194,7.28493
u0025979:i2180411,7.28493
u0025979:i2718492,7.28493
u0025981:i1020072,8.07171
u0025981:i1980929,8.07171
u0025981:i2125608,8.07171
u0025981:i2179136,8.07171
u0025981:i3722248,8.07171
u0025992:i0420332,7.60697
u0025992:i1392190,7.60697
u0025992:i2267998,7.60697
u0025992:i2562232,7.60697
u0026001:i2096673,7.46
u0026001:i2126355,7.46
u0026001:i2562232,7.46
u0026009:i0078748,7.91111
u0026009:i0090605,7.91111
u0026009:i0102685,7.91111
u0026009:i0110475,7.91111
u0026009:i0113497,7.91111
u0026009:i0253474,7.91111
u0026009:i0369610,7.91111
u0026009:i0438488,7.91111
u0026009:i0443706,7.91111
u0026009:i0478970,7.91111
u0026009:i1100089,7.91111
u0026009:i1182345,7.91111
u0026009:i1340138,7.91111
u0026009:i1392190,7.91111
u0026009:i1502712,7.91111
u0026009:i1582248,7.91111
u0026009:i1714915,7.91111
u0026009:i1781922,7.91111
u0026009:i1798684,7.91111
u0026009:i1840309,7.91111
u0026009:i1980929,7.91111
u0026009:i2179136,7.91111
u0026009:i2180411,7.91111
u0026009:i2224026,7.91111
u0026009:i2245084,7.91111
u0026009:i2293640,7.91111
u0026009:i2381249,7.91111
u0026009:i2381941,7.91111
u0026009:i2395427,7.91111
u0026009:i2436386,7.91111
u0026009:i2452200,7.91111
u0026009:i2582802,7.91111
u0026009:i2637276,7.91111
u0026009:i2802144,7.91111
u0026009:i2820852,7.91111
u0026009:i2872718,7.91111
u0026009:i2911666,7.91111
u0026009:i2980516,7.91111
u0026009:i3168230,7.91111
u0026037:i0227445,4.87882
u0026037:i2096673,7.0949
u0026037:i3042408,6.28465
u0026048:i0056443,8.12598
u0026048:i0061648,8.12598
u0026048:i0066921,8.12598
u0026048:i0067144,8.12598
u0026048:i0067959,8.12598
u0026048:i0071315,8.12598
u0026048:i0073802,8.12598
u0026048:i0074119,8.12598
u0026048:i0075968,8.12598
u0026048:i0077405,8.12598
u0026048:i0080339,8.12598
u0026048:i0081283,8.12598
u0026048:i0093493,8.12598
u0026048:i0095647,8.12598
u0026048:i0101765,8.12598
u0026048:i0101889,8.12598
u0026048:i0107207,8.12598
u0026048:i0112641,8.12598
u0026048:i0159365,8.12598
u0026048:i0211915,8.12598
u0026048:i0254686,8.12598
u0026048:i0268126,8.12598
u0026048:i0289043,8.12598
u0026048:i0369339,8.12598
u0026048:i0375912,8.12598
u0026048:i0381849,8.12598
u0026048:i0463854,8.12598
u0026048:i0467406,8.12598
u0026048:i0470752,8.12598
u0026048:i0756683,8.12598
u0026048:i0787474,8.12598
u0026048:i0910970,8.12598
u0026048:i1020072,8.12598
u0026048:i1045670,8.12598
u0026048:i1126590,8.12598
u0026048:i1130884,8.12598
u0026048:i1174732,8.12598
u0026048:i1392190,8.12598
u0026048:i1412386,8.12598
u0026048:i1441953,8.12598
u0026048:i1478338,8.12598
u0026048:i1527186,8.12598
u0026048:i1587310,8.12598
u0026048:i1602620,8.12598
u0026048:i1617661,8.12598
u0026048:i1655441,8.12598
u0026048:i1661199,8.12598
u0026048:i1770734,8.12598
u0026048:i1772288,8.12598
u0026048:i1791682,8.12598
u0026048:i1853728,8.12598
u0026048:i1865505,8.12598
u0026048:i1911658,8.12598
u0026048:i1924396,8.12598
u0026048:i2076220,8.12598
u0026048:i2096673,8.12598
u0026048:i2262227,8.12598
u0026048:i2293640,8.12598
u0026048:i2305051,8.12598
u0026048:i2326554,8.12598
u0026048:i2404425,8.12598
u0026048:i2452254,8.12598
u0026048:i2486678,8.12598
u0026048:i2555736,8.12598
u0026048:i2570858,8.12598
u0026048:i2576852,8.12598
u0026048:i2616810,8.12598
u0026048:i2652092,8.12598
u0026048:i2713180,8.12598
u0026048:i2726560,8.12598
u0026048:i2848292,8.12598
u0026048:i2872750,8.12598
u0026048:i2911666,8.12598
u0026048:i2935476,8.12598
u0026048:i2936470,8.12598
u0026048:i3007512,8.12598
u0026048:i3149038,8.12598
u0026048:i3168230,8.12598
u0026048:i3205376,8.12598
u0026048:i3235888,8.12598
u0026048:i3409392,8.12598
u0026048:i3504048,8.12598
u0026048:i3544082,8.12598
u0026048:i3612616,8.12598
u0026048:i3622120,8.12598
u0026048:i3655522,8.12598
u0026048:i4137902,8.12598
u0026048:i4229236,8.12598
u0026054:i0470752,7.67
u0026054:i2015381,7.67
u0026054:i2713180,7.67
u0026054:i2975578,7.67
u0026120:i0120683,7.67
u0026120:i0371246,7.67
u0026120:i0421239,7.67
u0026120:i0444653,7.67
u0026120:i1285309,7.67
u0026120:i1583421,7.67
u0026120:i1661382,7.67
u0026120:i1723121,7.67
u0026120:i1800241,7.67
u0026120:i2179136,7.67
u0026120:i2229499,7.67
u0026120:i2374902,7.67
u0026120:i3045616,7.67
u0026144:i0116695,7.53809
u0026144:i0365907,7.53809
u0026144:i0470752,7.53809
u0026144:i0816692,7.53809
u0026144:i0829150,7.53809
u0026144:i1065073,7.53809
u0026144:i1109624,7.53809
u0026144:i1216491,7.53809
u0026144:i1291150,7.53809
u0026144:i1355630,7.53809
u0026144:i1600196,7.53809
u0026144:i1872194,7.53809
u0026144:i1951265,7.53809
u0026144:i1972571,7.53809
u0026144:i2084970,7.53809
u0026144:i2199571,7.53809
u0026144:i2245084,7.53809
u0026144:i2293640,7.53809
u0026144:i2304771,7.53809
u0026144:i2305051,7.53809
u0026144:i2310332,7.53809
u0026144:i2381249,7.53809
u0026144:i2381941,7.53809
u0026144:i2452200,7.53809
u0026144:i2562232,7.53809
u0026144:i2582802,7.53809
u0026144:i2713180,7.53809
u0026144:i2802144,7.53809
u0026144:i2820852,7.53809
u0026144:i2872718,7.53809
u0026144:i2908446,7.53809
u0026144:i2980516,7.53809
u0026144:i2980648,7.53809
u0026144:i3316960,7.53809
u0026167:i1571249,7.60697
u0026167:i1714833,7.60697
u0026167:i1872194,7.60697
u0026167:i2005374,7.60697
u0026167:i2170593,7.60697
u0026167:i2567712,7.60697
u0026167:i2717860,7.60697
u0026167:i2870808,7.60697
u0026167:i2899120,7.60697
u0026167:i2980516,7.60697
u0026198:i0111161,7.92598
u0026198:i0376968,7.92598
u0026198:i2084970,7.92598
u0026198:i2758880,7.92598
u0026198:i2884206,7.92598
u0026206:i0088247,6.55417
u0026206:i0100802,6.81559
u0026206:i0103064,6.64299
u0026206:i0107362,5.5353
u0026206:i0181852,7.13263
u0026206:i0371746,6.27268
u0026206:i0438488,7.05773
u0026206:i0458339,6.7789
u0026206:i0478970,7.02972
u0026206:i0800080,6.23857
u0026206:i0800369,6.46272
u0026206:i0816692,6.92335
u0026206:i0848228,6.81252
u0026206:i1228705,6.60704
u0026206:i1300854,6.99472
u0026206:i1340138,7.09987
u0026206:i1637725,6.72256
u0026206:i1843866,6.86252
u0026206:i1981115,6.76176
u0026206:i2015381,7.0187
u0026206:i2395427,7.22659
u0026206:i2637276,6.84011
u0026206:i2802144,7.17872
u0026209:i0120735,4.76641
u0026209:i0369610,7.14072
u0026209:i0825232,6.28761
u0026209:i1638002,6.7931
u0026209:i1638355,6.94248
u0026209:i1798709,6.92296
u0026209:i2205697,6.63219
u0026209:i2239832,6.38538
u0026209:i2908446,7.04033
u0026209:i3079380,6.97007
u0026227:i0369610,6.8719
u0026227:i0470752,6.8719
u0026227:i2582802,6.8719
u0026227:i3678782,6.8719
u0026243:i0051201,7.10271
u0026243:i0070511,7.10271
u0026243:i0070735,7.10271
u0026243:i0075686,7.10271
u0026243:i0097937,7.10271
u0026243:i0105236,7.10271
u0026243:i0108052,7.10271
u0026243:i0117381,7.10271
u0026243:i0119217,7.10271
u0026243:i0137523,7.10271
u0026243:i0253474,7.10271
u0026243:i0277027,7.10271
u0026243:i0278504,7.10271
u0026243:i0405094,7.10271
u0026243:i0477348,7.10271
u0026243:i0790636,7.10271
u0026243:i0816692,7.10271
u0026243:i1065073,7.10271
u0026243:i1305806,7.10271
u0026243:i1504320,7.10271
u0026243:i1772250,7.10271
u0026243:i1800241,7.10271
u0026243:i1924396,7.10271
u0026243:i2039393,7.10271
u0026243:i2084970,7.10271
u0026243:i2334873,7.10271
u0026243:i2561572,7.10271
u0026243:i2562232,7.10271
u0026243:i2582802,7.10271
u0026243:i2713180,7.10271
u0026243:i2802144,7.10271
u0026243:i2872718,7.10271
u0026243:i2911666,7.10271
u0026243:i2980516,7.10271
u0026250:i1211956,6.56648
u0026250:i1292652,0
u0026250:i1756750,3.41692
u0026250:i2186812,0
u0026250:i2350892,5.21236
u0026266:i1922777,6.65863
u0026266:i2105044,5.95829
u0026266:i2326554,6.97863
u0026266:i2374902,5.95159
u0026266:i2450186,0
u0026298:i0099487,4.93169
u0026298:i0230600,6.54481
u0026298:i1655441,7.02933
u0026298:i2096673,7.11039
u0026300:i0369610,6.79512
u0026300:i1340138,6.79512
u0026300:i2268016,6.79512
u0026300:i2309260,6.79512
u0026300:i3623726,6.79512
u0026300:i4178092,6.79512
u0026358:i1216491,7.60697
u0026358:i1655441,7.60697
u0026358:i2179136,7.60697
u0026358:i2980516,7.60697
u0026358:i3007512,7.60697
u0026358:i3538766,7.60697
u0026387:i0070735,8.52381
u0026387:i0099685,8.52381
u0026387:i0113277,8.52381
u0026387:i0180073,8.52381
u0026387:i0268978,8.52381
u0026387:i0816692,8.52381
u0026387:i0993846,8.52381
u0026387:i1318514,8.52381
u0026387:i1392190,8.52381
u0026387:i1504320,8.52381
u0026387:i1542344,8.52381
u0026387:i2084970,8.52381
u0026387:i2179136,8.52381
u0026387:i2788710,8.52381
u0026387:i2820852,8.52381
u0026387:i2872718,8.52381
u0026387:i2884206,8.52381
u0026405:i0028988,3.90779
u0026405:i0045888,0
u0026405:i0050825,6.51243
u0026405:i0053976,3.46767
u0026405:i0056215,0
u0026405:i0056406,0
u0026405:i0057058,3.80348
u0026405:i0057115,6.67716
u0026405:i0062229,5.29911
u0026405:i0064815,0
u0026405:i0070215,3.88806
u0026405:i0072684,6.79355
u0026405:i0077711,4.9613
u0026405:i0078788,6.75172
u0026405:i0080455,6.15905
u0026405:i0083987,6.04019
u0026405:i0086879,5.80915
u0026405:i0088247,6.69665
u0026405:i0090756,6.43144
u0026405:i0092005,6.89065
u0026405:i0093437,4.53245
u0026405:i0105695,5.80818
u0026405:i0107207,7.03986
u0026405:i0107227,3.72317
u0026405:i0108065,5.36517
u0026405:i0109830,6.30266
u0026405:i0113247,6.37322
u0026405:i0114369,5.886
u0026405:i0119488,6.74139
u0026405:i0120735,4.94974
u0026405:i0169828,3.48455
u0026405:i0217505,6.36253
u0026405:i0300140,0
u0026405:i0369610,7.14849
u0026405:i0379725,6.13147
u0026405:i0424227,2.75244
u0026405:i0425112,6.48758
u0026405:i0478970,7.04139
u0026405:i0810800,0
u0026405:i0816692,6.93339
u0026405:i0903657,7.04672
u0026405:i1193138,7.05461
u0026405:i1285016,6.81484
u0026405:i1433811,6.52024
u0026405:i1602620,6.72363
u0026405:i1798684,6.87909
u0026405:i2084970,7.20921
u0026405:i2096673,7.12591
u0026405:i2229499,6.86622
u0026405:i2258858,2.35333
u0026405:i2305051,7.34944
u0026405:i2370248,6.78937
u0026405:i2562232,7.22066
u0026405:i2582496,6.68808
u0026405:i2637276,6.86715
u0026405:i2718492,7.26921
u0026405:i2870648,7.1774
u0026405:i2991224,7.04608
u0026405:i3079380,6.98683
u0026405:i3369806,5.97904
u0026405:i3612616,6.77224
u0026405:i3622592,6.65909
u0026405:i4126304,6.14287
u0026488:i0035896,7.60697
u0026488:i0086250,7.60697
u0026488:i0103772,7.60697
u0026488:i0185937,7.60697
u0026488:i0948470,7.60697
u0026488:i1065073,7.60697
u0026488:i1327628,7.60697
u0026488:i1454468,7.60697
u0026488:i1462758,7.60697
u0026488:i2179116,7.60697
u0026488:i2205697,7.60697
u0026488:i3316960,7.60697
u0026491:i1151309,3.62961
u0026491:i2140371,0
u0026491:i3135012,3.88154
u0026560:i0212346,5.85369
u0026560:i0338013,6.49625
u0026560:i1666801,6.70084
u0026560:i2096673,7.14147
u0026560:i2726560,6.82316
u0026561:i0125439,7.70224
u0026561:i0317248,7.70224
u0026561:i0408790,7.70224
u0026561:i0482546,7.70224
u0026561:i0816692,7.70224
u0026561:i1243974,7.70224
u0026561:i1638002,7.70224
u0026561:i1655441,7.70224
u0026561:i1661199,7.70224
u0026561:i1726592,7.70224
u0026561:i1772250,7.70224
u0026561:i1790864,7.70224
u0026561:i1872194,7.70224
u0026561:i1951265,7.70224
u0026561:i1972779,7.70224
u0026561:i2126355,7.70224
u0026561:i2170593,7.70224
u0026561:i2294449,7.70224
u0026561:i2305051,7.70224
u0026561:i2446042,7.70224
u0026561:i2582802,7.70224
u0026561:i2626350,7.70224
u0026561:i2637276,7.70224
u0026561:i2726560,7.70224
u0026561:i2872718,7.70224
u0026561:i2980516,7.70224
u0026561:i3125324,7.70224
u0026561:i3289712,7.70224
u0026575:i0033467,6.71411
u0026575:i0086510,3.51305
u0026575:i0114814,6.21865
u0026575:i0816692,6.94343
u0026575:i1091191,6.6818
u0026575:i1392170,5.65814
u0026575:i1817273,6.88168
u0026575:i1840309,7.18476
u0026575:i1951264,6.41194
u0026575:i1951265,7.18913
u0026575:i2084970,7.21668
u0026575:i2172584,6.77661
u0026575:i2179136,7.30511
u0026575:i2414766,6.27408
u0026575:i2431286,7.10509
u0026575:i2908446,7.05989
u0026576:i0050083,6.53661
u0026576:i0086879,6.0512
u0026576:i0246578,6.91933
u0026576:i0364569,6.24589
u0026576:i0482571,5.78657
u0026576:i0816692,6.9535
u0026576:i1638353,0
u0026576:i2084970,7.22416
u0026576:i2096673,7.15706
u0026576:i2203308,5.20599
u0026576:i3863552,6.69905
u0026609:i0800369,6.64737
u0026609:i1245526,6.00904
u0026609:i1392190,7.09099
u0026609:i1600196,7.2
u0026609:i2053425,5.81593
u0026609:i2293640,7.15356
u0026609:i2395427,7.23442
u0026609:i3079380,7.00362
u0026627:i0265666,6.55955
u0026627:i0377107,5.83617
u0026627:i1645089,6.06796
u0026627:i1872194,7.35062
u0026627:i2015381,7.06176
u0026627:i2334873,7.11719
u0026647:i0399201,6.53498
u0026647:i1085492,6.53498
u0026647:i1361318,6.53498
u0026647:i1675434,6.53498
u0026647:i1772288,6.53498
u0026647:i1809398,6.53498
u0026647:i2381941,6.53498
u0026647:i2446042,6.53498
u0026647:i2802144,6.53498
u0026647:i2917388,6.53498
u0026647:i3202890,6.53498
u0026647:i3247714,6.53498
u0026650:i1340138,7.11689
u0026650:i1524930,6.90542
u0026650:i1781922,6.81169
u0026650:i2381249,7.09175
u0026669:i0369610,7.72229
u0026669:i0478970,7.72229
u0026669:i1340138,7.72229
u0026669:i1670345,7.72229
u0026669:i2015381,7.72229
u0026669:i2084970,7.72229
u0026669:i2180411,7.72229
u0026669:i2381249,7.72229
u0026669:i3622592,7.72229
u0026674:i0369610,7.50908
u0026674:i0478970,7.50908
u0026674:i1340138,7.50908
u0026674:i1392190,7.50908
u0026674:i1398426,7.50908
u0026674:i1502712,7.50908
u0026674:i1598642,7.50908
u0026674:i1617661,7.50908
u0026674:i1638355,7.50908
u0026674:i1790864,7.50908
u0026674:i1798684,7.50908
u0026674:i1823672,7.50908
u0026674:i1964418,7.50908
u0026674:i2084970,7.50908
u0026674:i2096673,7.50908
u0026674:i2120120,7.50908
u0026674:i2126355,7.50908
u0026674:i2179136,7.50908
u0026674:i2381249,7.50908
u0026674:i2395427,7.50908
u0026674:i2436386,7.50908
u0026674:i2517044,7.50908
u0026674:i2752772,7.50908
u0026674:i2802144,7.50908
u0026674:i2820852,7.50908
u0026674:i2848292,7.50908
u0026674:i2908446,7.50908
u0026674:i2911666,7.50908
u0026674:i3235888,7.50908
u0026674:i3622592,7.50908
u0026674:i4178092,7.50908
u0026688:i0816692,7.92598
u0026688:i1655441,7.92598
u0026688:i3079380,7.92598
u0026690:i0050613,7.4932
u0026690:i0062229,7.4932
u0026690:i0087884,7.4932
u0026690:i0094625,7.4932
u0026690:i0374887,7.4932
u0026690:i0790636,7.4932
u0026690:i0816692,7.4932
u0026690:i1065073,7.4932
u0026690:i1280558,7.4932
u0026690:i1872181,7.4932
u0026690:i1877832,7.4932
u0026690:i1951264,7.4932
u0026690:i2015381,7.4932
u0026690:i2084970,7.4932
u0026690:i2267998,7.4932
u0026690:i2294449,7.4932
u0026690:i2294629,7.4932
u0026690:i2582802,7.4932
u0026690:i2872718,7.4932
u0026690:i3011894,7.4932
u0026695:i0470752,7.14702
u0026695:i0478970,7.05309
u0026695:i1741225,3.96299
u0026695:i3090634,6.61502
u0026708:i0120731,7.60697
u0026708:i0211915,7.60697
u0026708:i0264464,7.60697
u0026708:i0360486,7.60697
u0026708:i1100089,7.60697
u0026708:i1109624,7.60697
u0026708:i2084970,7.60697
u0026708:i2267998,7.60697
u0026708:i2278388,7.60697
u0026708:i2281159,7.60697
u0026708:i2395427,7.60697
u0026708:i2582802,7.60697
u0026708:i2872718,7.60697
u0026708:i2980516,7.60697
u0026711:i0387898,7.30666
u0026711:i0405094,7.30666
u0026711:i1840309,7.30666
u0026711:i1843866,7.30666
u0026711:i1972571,7.30666
u0026711:i2194499,7.30666
u0026711:i2334873,7.30666
u0026711:i2562232,7.30666
u0026711:i2980516,7.30666
u0026716:i0116282,9.07864
u0026716:i0365686,9.07864
u0026716:i0398375,9.07864
u0026716:i0478970,9.07864
u0026716:i0479468,9.07864
u0026716:i1161864,9.07864
u0026716:i1205537,9.07864
u0026716:i1545660,9.07864
u0026716:i1583420,9.07864
u0026716:i1706620,9.07864
u0026716:i1809398,9.07864
u0026716:i2267998,9.07864
u0026716:i2509850,9.07864
u0026716:i2557490,9.07864
u0026716:i2582802,9.07864
u0026716:i2872732,9.07864
u0026716:i2911666,9.07864
u0026731:i0369610,7.60697
u0026731:i0478970,7.60697
u0026731:i1502712,7.60697
u0026731:i2381249,7.60697
u0026731:i4178092,7.60697
u0026735:i0084516,7.40776
u0026735:i0093058,7.40776
u0026735:i0443706,7.40776
u0026743:i0369610,7.60697
u0026743:i0478970,7.60697
u0026743:i1781922,7.60697
u0026743:i2179136,7.60697
u0026743:i2404425,7.60697
u0026743:i2446042,7.60697
u0026743:i2717822,7.60697
u0026743:i3014666,7.60697
u0026743:i3079380,7.60697
u0026751:i0470752,7.37379
u0026751:i0816692,7.37379
u0026751:i1528100,7.37379
u0026751:i1557611,7.37379
u0026751:i1567437,7.37379
u0026751:i1726592,7.37379
u0026751:i1772264,7.37379
u0026751:i1800246,7.37379
u0026751:i1823672,7.37379
u0026751:i1988621,7.37379
u0026751:i2084970,7.37379
u0026751:i2179136,7.37379
u0026751:i2231253,7.37379
u0026751:i2275946,7.37379
u0026751:i2322441,7.37379
u0026751:i2381941,7.37379
u0026751:i2436386,7.37379
u0026751:i2517658,7.37379
u0026751:i2535470,7.37379
u0026751:i2561572,7.37379
u0026751:i2582802,7.37379
u0026751:i2614684,7.37379
u0026751:i2911666,7.37379
u0026751:i2918436,7.37379
u0026751:i2944198,7.37379
u0026751:i2960930,7.37379
u0026751:i2980516,7.37379
u0026751:i3177316,7.37379
u0026751:i3203616,7.37379
u0026751:i3235888,7.37379
u0026751:i3280916,7.37379
u0026751:i3395184,7.37379
u0026751:i3450650,7.37379
u0026751:i3504048,7.37379
u0026751:i3985648,7.37379
u0026785:i0082085,7.37416
u0026785:i0100758,7.37416
u0026785:i0103060,7.37416
u0026785:i0108550,7.37416
u0026785:i0113277,7.37416
u0026785:i0407304,7.37416
u0026785:i0477348,7.37416
u0026785:i1340138,7.37416
u0026785:i1392190,7.37416
u0026785:i1416801,7.37416
u0026785:i2084970,7.37416
u0026801:i0103873,8.5991
u0026801:i0369610,8.5991
u0026801:i0470752,8.5991
u0026801:i0478970,8.5991
u0026801:i0884732,8.5991
u0026801:i1029360,8.5991
u0026801:i1109624,8.5991
u0026801:i1392190,8.5991
u0026801:i1567437,8.5991
u0026801:i1809398,8.5991
u0026801:i1823672,8.5991
u0026801:i1945044,8.5991
u0026801:i2096673,8.5991
u0026801:i2120120,8.5991
u0026801:i2126355,8.5991
u0026801:i2170439,8.5991
u0026801:i2179136,8.5991
u0026801:i2199571,8.5991
u0026801:i2230358,8.5991
u0026801:i2245084,8.5991
u0026801:i2389182,8.5991
u0026801:i2395427,8.5991
u0026801:i2446042,8.5991
u0026801:i2494280,8.5991
u0026801:i2561572,8.5991
u0026801:i2577172,8.5991
u0026801:i2582802,8.5991
u0026801:i2614684,8.5991
u0026801:i2637294,8.5991
u0026801:i2713180,8.5991
u0026801:i2802136,8.5991
u0026801:i2802144,8.5991
u0026801:i2820852,8.5991
u0026801:i2848292,8.5991
u0026801:i2911666,8.5991
u0026801:i2962876,8.5991
u0026801:i2980708,8.5991
u0026801:i3079380,8.5991
u0026801:i3099498,8.5991
u0026801:i3203616,8.5991
u0026801:i3235888,8.5991
u0026801:i3297330,8.5991
u0026801:i3316960,8.5991
u0026801:i3416742,8.5991
u0026801:i3450650,8.5991
u0026801:i3713166,8.5991
u0026814:i2229499,8.12143
u0026814:i2726560,8.12143
u0026814:i2967224,8.12143
u0026814:i4056738,8.12143
u0026824:i0075860,7.67
u0026824:i0088763,7.67
u0026824:i0099685,7.67
u0026824:i0218839,7.67
u0026824:i0399146,7.67
u0026824:i2234025,7.67
u0026824:i2872718,7.67
u0026834:i0486946,3.835
u0026834:i1403862,0
u0026834:i1910498,0
u0026834:i2048770,3.38277
u0026834:i2377414,0
u0026857:i0089218,7.92598
u0026857:i1100089,7.92598
u0026857:i2326612,7.92598
u0026857:i2387433,7.92598
u0026857:i2870708,7.92598
u0026857:i2980516,7.92598
u0026907:i0121766,7.90696
u0026907:i0369610,7.90696
u0026907:i0816692,7.90696
u0026907:i0903624,7.90696
u0026907:i0993846,7.90696
u0026907:i1170358,7.90696
u0026907:i1392190,7.90696
u0026907:i1446714,7.90696
u0026907:i1657507,7.90696
u0026907:i2209764,7.90696
u0026980:i0369610,7.92598
u0026980:i1655441,7.92598
u0026980:i2561572,7.92598
u0026980:i2637276,7.92598
u0026980:i2802144,7.92598
u0026991:i0120915,5.94932
u0026991:i0121765,5.59997
u0026991:i0287978,6.21948
u0026991:i0369610,7.15627
u0026991:i0478970,7.06481
u0026991:i1462758,6.67441
u0026991:i1638355,6.97772
u0026991:i1825157,6.74782
u0026991:i1915581,6.70699
u0026991:i1964418,7.02195
u0026991:i2004420,7.20009
u0026991:i2096673,7.17269
u0026991:i2381249,7.10444
u0026991:i2428170,6.89172
u0026991:i2637276,6.89429
u0026991:i2918436,6.90368
u0026991:i3079380,7.02046
u0026991:i3152624,6.89304
u0026991:i3520418,6.45234
u0026991:i3713166,6.88691
u0027054:i0077269,7.92598
u0027054:i0139239,7.92598
u0027054:i0780536,7.92598
u0027054:i0830515,7.92598
u0027054:i1077258,7.92598
u0027054:i1426329,7.92598
u0027054:i1502712,7.92598
u0027054:i3970854,7.92598
u0027068:i0443706,7.64286
u0027068:i1392190,7.64286
u0027068:i2090629,7.64286
u0027068:i2515030,7.64286
u0027068:i2784512,7.64286
u0027068:i3181822,7.64286
u0027068:i3235888,7.64286
u0027068:i3684484,7.64286
u0027084:i0286751,0
u0027084:i0325655,0
u0027084:i0366292,0
u0027084:i1156398,6.79708
u0027084:i1392190,7.09698
u0027084:i1641975,4.96145
u0027084:i2235779,6.82711
u0027084:i2908446,7.0795
u0027084:i3713166,6.95068
u0027098:i2515034,7.41
u0027098:i3316960,7.41
u0027098:i3442006,7.41
u0027101:i1126590,8.5283
u0027101:i2084970,8.5283
u0027101:i2884206,8.5283
u0027132:i1091191,6.80553
u0027132:i1790864,6.94481
u0027132:i1823672,7.24441
u0027132:i2820852,7.12654
u0027182:i0068646,5.73146
u0027182:i0071562,5.79211
u0027182:i0073802,5.68402
u0027182:i0080339,6.90389
u0027182:i0082694,7.17657
u0027182:i0089530,6.99599
u0027182:i0099422,3.7619
u0027182:i0099674,5.62982
u0027182:i0102768,3.48111
u0027182:i0105323,5.28286
u0027182:i0212720,6.52641
u0027182:i0266308,4.86845
u0027182:i0369610,7.16406
u0027182:i0377092,4.24655
u0027182:i0396171,6.49216
u0027182:i0430105,5.15477
u0027182:i0436697,5.39593
u0027182:i0470752,7.15937
u0027182:i0478970,7.07654
u0027182:i0787442,0
u0027182:i0804463,6.85572
u0027182:i0821442,0
u0027182:i0910905,5.52086
u0027182:i0969367,0
u0027182:i1014763,6.92536
u0027182:i1121096,7.13165
u0027182:i1243974,6.96936
u0027182:i1270262,6.43902
u0027182:i1340138,7.13396
u0027182:i1392190,7.10298
u0027182:i1432078,0
u0027182:i1502712,7.08465
u0027182:i1524930,7.00002
u0027182:i1617661,7.23742
u0027182:i1626146,6.90168
u0027182:i1638355,7.01314
u0027182:i1655441,7.05874
u0027182:i1661199,7.18728
u0027182:i1674771,6.94976
u0027182:i1772264,7.21408
u0027182:i1791682,7.188
u0027182:i1798684,6.90496
u0027182:i1823672,7.26009
u0027182:i1825955,3.14807
u0027182:i1964418,7.05208
u0027182:i1972571,7.26654
u0027182:i1981677,6.42063
u0027182:i2055709,3.73603
u0027182:i2088003,6.66321
u0027182:i2096673,7.18835
u0027182:i2097298,6.62852
u0027182:i2120120,6.76245
u0027182:i2126355,7.20855
u0027182:i2140379,6.96382
u0027182:i2140465,6.77421
u0027182:i2199571,7.01399
u0027182:i2224026,7.15486
u0027182:i2261331,6.87493
u0027182:i2279373,7.21394
u0027182:i2290567,3.84784
u0027182:i2293640,7.17929
u0027182:i2354215,0
u0027182:i2376218,6.85255
u0027182:i2381249,7.11715
u0027182:i2381941,7.20362
u0027182:i2393845,6.65068
u0027182:i2395427,7.24226
u0027182:i2404425,7.07939
u0027182:i2424988,5.69316
u0027182:i2438644,6.46992
u0027182:i2493486,6.74961
u0027182:i2515034,7.0266
u0027182:i2555736,7.40294
u0027182:i2561572,7.12726
u0027182:i2631186,6.86891
u0027182:i2637276,6.92154
u0027182:i2640474,3.46767
u0027182:i2708644,0
u0027182:i2717822,7.2108
u0027182:i2725962,6.93223
u0027182:i2820852,7.13593
u0027182:i2828840,0
u0027182:i2908446,7.09916
u0027182:i2933474,6.32221
u0027182:i2948790,6.52643
u0027182:i2952602,3.2798
u0027182:i2967224,6.70498
u0027182:i2979920,3.27635
u0027182:i3045616,7.00754
u0027182:i3079380,7.03733
u0027182:i3152624,6.94954
u0027182:i3155654,0
u0027182:i3168230,7.17023
u0027182:i3205376,6.77768
u0027182:i3247714,7.05862
u0027182:i3297330,7.11061
u0027182:i3369806,6.25082
u0027182:i3419894,0
u0027182:i3422462,3.41692
u0027182:i3442990,6.75777
u0027182:i3447364,6.64527
u0027182:i3450650,6.621
u0027182:i3469244,5.5703
u0027182:i3483612,3.75454
u0027182:i3516378,4.8344
u0027182:i3547616,0
u0027182:i3672840,6.7334
u0027182:i3679000,3.14362
u0027182:i3742284,6.77591
u0027182:i3767372,6.76894
u0027182:i3802576,6.08563
u0027182:i3824412,5.93139
u0027182:i3848938,0
u0027182:i3863552,6.80211
u0027182:i4023852,3.41692
u0027182:i4110568,6.40176
u0027182:i4258292,3.68589
u0027182:i4333674,3.80348
u0027182:i4354740,4.5145
u0027182:i4430212,6.47342
u0027182:i4500734,0
u0027182:i4567602,0
u0027182:i4684028,0
u0027196:i0816692,7.41959
u0027196:i1371150,7.41959
u0027196:i2199571,7.41959
u0027196:i2758880,7.41959
u0027212:i1951265,7.92598
u0027212:i2084970,7.92598
u0027212:i2707858,7.92598
u0027218:i0054215,6.52455
u0027218:i0416960,4.87723
u0027218:i0861689,4.93461
u0027218:i0884328,6.0664
u0027218:i1211956,6.72282
u0027218:i1258197,5.60836
u0027218:i1403177,0
u0027218:i1655441,7.08827
u0027218:i2184339,6.64256
u0027218:i2316411,7.16312
u0027218:i2911666,7.31755
u0027218:i2975578,6.82221
u0027218:i2980516,7.18541
u0027218:i3079380,7.05425
u0027218:i3149038,7.14881
u0027218:i3181822,7.07588
u0027218:i3729920,6.46516
u0027245:i0816692,6.96357
u0027245:i1091191,6.93156
u0027245:i1340138,7.15107
u0027245:i1535109,6.05315
u0027245:i1661199,7.2139
u0027245:i1666801,6.77967
u0027245:i1809398,7.20535
u0027245:i2084970,7.23165
u0027245:i2120120,6.8223
u0027245:i2267998,7.13419
u0027245:i2726560,6.8914
u0027245:i3270108,3.75454
u0027245:i3554418,0
u0027263:i0970179,7.67
u0027263:i1535109,7.67
u0027263:i1926313,7.67
u0027263:i2408040,7.67
u0027263:i2980516,7.67
u0027276:i0093773,7.41959
u0027276:i0114814,7.41959
u0027276:i0116778,7.41959
u0027276:i0120631,7.41959
u0027276:i0120681,7.41959
u0027276:i0120888,7.41959
u0027276:i0120915,7.41959
u0027276:i0121765,7.41959
u0027276:i0264616,7.41959
u0027276:i0305224,7.41959
u0027276:i0319061,7.41959
u0027276:i0335438,7.41959
u0027276:i0369610,7.41959
u0027276:i0385002,7.41959
u0027276:i0393162,7.41959
u0027276:i0404390,7.41959
u0027276:i0405159,7.41959
u0027276:i0420294,7.41959
u0027276:i0425210,7.41959
u0027276:i0434409,7.41959
u0027276:i0443453,7.41959
u0027276:i0478970,7.41959
u0027276:i0489099,7.41959
u0027276:i1029360,7.41959
u0027276:i1086772,7.41959
u0027276:i1340138,7.41959
u0027276:i1392190,7.41959
u0027276:i1430612,7.41959
u0027276:i1617661,7.41959
u0027276:i1666801,7.41959
u0027276:i1817273,7.41959
u0027276:i1911644,7.41959
u0027276:i1964418,7.41959
u0027276:i2126355,7.41959
u0027276:i2322441,7.41959
u0027276:i2395427,7.41959
u0027276:i2556874,7.41959
u0027276:i2726560,7.41959
u0027276:i2802144,7.41959
u0027276:i2820852,7.41959
u0027276:i2848292,7.41959
u0027276:i2908446,7.41959
u0027276:i3079380,7.41959
u0027276:i3195644,7.41959
u0027276:i3622592,7.41959
u0027276:i3713166,7.41959
u0027276:i4178092,7.41959
u0027277:i0105236,7.05265
u0027277:i0110413,7.05265
u0027277:i0114369,7.05265
u0027277:i0119643,7.05265
u0027277:i0145681,7.05265
u0027277:i0251160,7.05265
u0027277:i0356910,7.05265
u0027277:i0361748,7.05265
u0027277:i0366551,7.05265
u0027277:i0453467,7.05265
u0027277:i0462538,7.05265
u0027277:i0473488,7.05265
u0027277:i0816692,7.05265
u0027277:i0825232,7.05265
u0027277:i0884732,7.05265
u0027277:i1155056,7.05265
u0027277:i1273241,7.05265
u0027277:i1392190,7.05265
u0027277:i1454468,7.05265
u0027277:i1456635,7.05265
u0027277:i1631867,7.05265
u0027277:i1674771,7.05265
u0027277:i1817273,7.05265
u0027277:i2015381,7.05265
u0027277:i2024469,7.05265
u0027277:i2170593,7.05265
u0027277:i2177771,7.05265
u0027277:i2179136,7.05265
u0027277:i2381941,7.05265
u0027277:i2395427,7.05265
u0027277:i2582802,7.05265
u0027277:i2692904,7.05265
u0027277:i2713180,7.05265
u0027277:i3097204,7.05265
u0027294:i1198156,6.37997
u0027294:i1666801,6.85943
u0027294:i1921149,7.15472
u0027295:i0017136,7.96059
u0027295:i0021749,7.96059
u0027295:i0033467,7.96059
u0027295:i0052357,7.96059
u0027295:i0056592,7.96059
u0027295:i0057115,7.96059
u0027295:i0073458,7.96059
u0027295:i0092005,7.96059
u0027295:i0108052,7.96059
u0027295:i0114746,7.96059
u0027295:i0119008,7.96059
u0027295:i0119488,7.96059
u0027295:i0166924,7.96059
u0027295:i0267548,7.96059
u0027295:i0325710,7.96059
u0027295:i0350258,7.96059
u0027295:i0352314,7.96059
u0027295:i0434409,7.96059
u0027295:i0470752,7.96059
u0027295:i0477348,7.96059
u0027295:i0787474,7.96059
u0027295:i0790636,7.96059
u0027295:i0839742,7.96059
u0027295:i1100089,7.96059
u0027295:i1234721,7.96059
u0027295:i1392190,7.96059
u0027295:i1821700,7.96059
u0027295:i1872194,7.96059
u0027295:i1924435,7.96059
u0027295:i2032557,7.96059
u0027295:i2133312,7.96059
u0027295:i2140465,7.96059
u0027295:i2179136,7.96059
u0027295:i2245084,7.96059
u0027295:i2305051,7.96059
u0027295:i2334649,7.96059
u0027295:i2359024,7.96059
u0027295:i2461132,7.96059
u0027295:i2467442,7.96059
u0027295:i2556308,7.96059
u0027295:i2576450,7.96059
u0027295:i2679480,7.96059
u0027295:i2713180,7.96059
u0027295:i2802144,7.96059
u0027295:i2911666,7.96059
u0027295:i2978626,7.96059
u0027295:i3447364,7.96059
u0027295:i3495030,7.96059
u0027295:i3678782,7.96059
u0027295:i3742284,7.96059
u0027295:i3767372,7.96059
u0027295:i3848892,7.96059
u0027295:i3863552,7.96059
u0027295:i4044364,7.96059
u0027295:i4110568,7.96059
u0027295:i4332114,7.96059
u0027295:i4635372,7.96059
u0027295:i4658770,7.96059
u0027301:i0137523,6.45607
u0027301:i1152836,5.82916
u0027301:i4229236,6.77545
u0027309:i0235982,6.92688
u0027309:i1014763,6.92688
u0027309:i1617661,6.92688
u0027309:i1840309,6.92688
u0027309:i2245084,6.92688
u0027309:i2358925,6.92688
u0027309:i2582846,6.92688
u0027309:i2908446,6.92688
u0027312:i0884732,7.06774
u0027312:i1340138,7.06774
u0027312:i1454468,7.06774
u0027312:i1872194,7.06774
u0027312:i1942989,7.06774
u0027312:i2015381,7.06774
u0027312:i2096672,7.06774
u0027312:i2170439,7.06774
u0027312:i2267998,7.06774
u0027312:i2278388,7.06774
u0027312:i2293640,7.06774
u0027312:i2302755,7.06774
u0027312:i2381941,7.06774
u0027312:i2387559,7.06774
u0027312:i2395427,7.06774
u0027312:i2402157,7.06774
u0027312:i2446042,7.06774
u0027312:i2802144,7.06774
u0027312:i2820852,7.06774
u0027312:i3045616,7.06774
u0027312:i3203616,7.06774
u0027312:i3450650,7.06774
u0027313:i0369610,7.03534
u0027313:i0478970,7.03534
u0027313:i1121096,7.03534
u0027313:i1340138,7.03534
u0027313:i1502712,7.03534
u0027313:i1617661,7.03534
u0027313:i1661199,7.03534
u0027313:i1663662,7.03534
u0027313:i1726592,7.03534
u0027313:i1798709,7.03534
u0027313:i1929263,7.03534
u0027313:i1959490,7.03534
u0027313:i1981677,7.03534
u0027313:i2084970,7.03534
u0027313:i2120120,7.03534
u0027313:i2126355,7.03534
u0027313:i2139555,7.03534
u0027313:i2322441,7.03534
u0027313:i2381249,7.03534
u0027313:i2381941,7.03534
u0027313:i2395427,7.03534
u0027313:i2446042,7.03534
u0027313:i2561572,7.03534
u0027313:i2802144,7.03534
u0027313:i2908446,7.03534
u0027313:i2911666,7.03534
u0027320:i1126590,5.6668
u0027320:i1626146,5.6668
u0027320:i2172584,5.6668
u0027320:i2562232,5.6668
u0027320:i2802144,5.6668
u0027320:i2980516,5.6668
u0027320:i3316960,5.6668
u0027344:i0369610,7.60697
u0027344:i0478970,7.60697
u0027344:i1020072,7.60697
u0027344:i1029360,7.60697
u0027344:i1065073,7.60697
u0027344:i1100089,7.60697
u0027344:i1126590,7.60697
u0027344:i1392190,7.60697
u0027344:i1502712,7.60697
u0027344:i1528100,7.60697
u0027344:i2084970,7.60697
u0027344:i2096673,7.60697
u0027344:i2126355,7.60697
u0027344:i2170593,7.60697
u0027344:i2179136,7.60697
u0027344:i2279373,7.60697
u0027344:i2305051,7.60697
u0027344:i2309260,7.60697
u0027344:i2404425,7.60697
u0027344:i2562232,7.60697
u0027344:i2582802,7.60697
u0027344:i2980516,7.60697
u0027344:i3011894,7.60697
u0027363:i0274558,6.37331
u0027363:i1399683,6.37331
u0027363:i2261331,6.37331
u0027363:i2567712,6.37331
u0027363:i3042408,6.37331
u0027369:i0091541,7.92598
u0027369:i0211933,7.92598
u0027369:i0458481,7.92598
u0027369:i0470752,7.92598
u0027369:i1065073,7.92598
u0027369:i1100089,7.92598
u0027369:i1340138,7.92598
u0027369:i1355630,7.92598
u0027369:i1386703,7.92598
u0027369:i1392190,7.92598
u0027369:i1397280,7.92598
u0027369:i1418646,7.92598
u0027369:i1617661,7.92598
u0027369:i1726592,7.92598
u0027369:i1791682,7.92598
u0027369:i1850397,7.92598
u0027369:i1853728,7.92598
u0027369:i1881002,7.92598
u0027369:i1907668,7.92598
u0027369:i2039393,7.92598
u0027369:i2096673,7.92598
u0027369:i2179136,7.92598
u0027369:i2238050,7.92598
u0027369:i2261331,7.92598
u0027369:i2305051,7.92598
u0027369:i2381941,7.92598
u0027369:i2395427,7.92598
u0027369:i2402603,7.92598
u0027369:i2515034,7.92598
u0027369:i2555736,7.92598
u0027369:i2582802,7.92598
u0027369:i2614684,7.92598
u0027369:i2717822,7.92598
u0027369:i2726560,7.92598
u0027369:i2785032,7.92598
u0027369:i2802144,7.92598
u0027369:i2820852,7.92598
u0027369:i2872750,7.92598
u0027369:i2980516,7.92598
u0027369:i3079380,7.92598
u0027369:i3169706,7.92598
u0027369:i3235888,7.92598
u0027369:i3327624,7.92598
u0027387:i1392190,7.20263
u0027387:i1617661,7.20263
u0027387:i2395427,7.20263
u0027387:i2802144,7.20263
u0027387:i2820852,7.20263
u0027387:i2848292,7.20263
u0027390:i0102926,6.65924
u0027390:i0106856,6.77107
u0027390:i0109830,6.39962
u0027390:i0114369,5.95444
u0027390:i0120735,5.14011
u0027390:i0206634,6.68466
u0027390:i0245429,6.11603
u0027390:i0338013,6.61882
u0027390:i0425112,6.71928
u0027390:i0454921,5.78835
u0027390:i0472033,6.16398
u0027390:i0480249,6.52771
u0027390:i0765010,5.87557
u0027390:i0816692,6.97367
u0027390:i0884732,7.14678
u0027390:i0887883,6.53542
u0027390:i0970452,3.57857
u0027390:i0983193,6.108
u0027390:i0993842,6.33751
u0027390:i1100089,7.25763
u0027390:i1179031,6.84005
u0027390:i1192628,5.34781
u0027390:i1206543,7.166
u0027390:i1213663,6.7016
u0027390:i1231583,5.40375
u0027390:i1306980,6.53073
u0027390:i1430132,6.22576
u0027390:i1499658,6.79248
u0027390:i1524137,5.20782
u0027390:i1626146,7.03971
u0027390:i1648179,6.20414
u0027390:i1726592,7.25025
u0027390:i1823672,7.2758
u0027390:i1872194,7.37359
u0027390:i1951265,7.22066
u0027390:i2024544,7.07378
u0027390:i2084970,7.23914
u0027390:i2096672,7.31334
u0027390:i2199571,7.03904
u0027390:i2245084,7.26013
u0027390:i2278388,7.12061
u0027390:i2310332,7.15325
u0027390:i2446042,7.24376
u0027390:i2494280,6.51515
u0027390:i2561572,7.15879
u0027390:i2562232,7.22829
u0027390:i2582802,7.25341
u0027390:i2614684,7.18021
u0027390:i2802144,7.1855
u0027390:i2980516,7.19499
u0027390:i2980592,7.0471
u0027390:i2994190,7.06006
u0027390:i3007512,7.26767
u0027390:i3203616,6.96793
u0027390:i3638012,5.21918
u0027390:i3697566,6.01209
u0027393:i0869977,4.90875
u0027393:i0986264,6.12563
u0027393:i1217209,5.92136
u0027432:i2097298,6.74689
u0027432:i2126355,7.23114
u0027432:i2515034,7.11905
u0027432:i2820852,7.14533
u0027448:i0181852,5.92456
u0027448:i0253474,5.92456
u0027448:i0318462,5.92456
u0027448:i1372686,5.92456
u0027448:i1411250,5.92456
u0027448:i1602620,5.92456
u0027474:i0790636,7.45411
u0027474:i1100089,7.45411
u0027474:i1323594,7.45411
u0027474:i1726592,7.45411
u0027474:i1809398,7.45411
u0027474:i2084970,7.45411
u0027474:i2179136,7.45411
u0027474:i2199571,7.45411
u0027474:i2305051,7.45411
u0027474:i2562232,7.45411
u0027474:i2642524,7.45411
u0027474:i2870756,7.45411
u0027474:i2980516,7.45411
u0027474:i3442006,7.45411
u0027475:i0055254,7.4692
u0027475:i0106918,7.4692
u0027475:i0107818,7.4692
u0027475:i0120794,7.4692
u0027475:i0124879,7.4692
u0027475:i0190332,7.4692
u0027475:i0369610,7.4692
u0027475:i0372784,7.4692
u0027475:i0425112,7.4692
u0027475:i0470752,7.4692
u0027475:i0478970,7.4692
u0027475:i0787474,7.4692
u0027475:i0825232,7.4692
u0027475:i1600196,7.4692
u0027475:i1721677,7.4692
u0027475:i1809398,7.4692
u0027475:i1907668,7.4692
u0027475:i1911658,7.4692
u0027475:i2084970,7.4692
u0027475:i2245084,7.4692
u0027475:i2267998,7.4692
u0027475:i2310332,7.4692
u0027475:i2583020,7.4692
u0027475:i3233418,7.4692
u0027489:i1758795,6.51291
u0027489:i2321549,6.51291
u0027489:i2582802,6.51291
u0027524:i0086154,7.92598
u0027524:i1321870,7.92598
u0027524:i2479384,7.92598
u0027524:i2692904,7.92598
u0027543:i1638355,7.04874
u0027543:i2911668,6.90251
u0027543:i3152624,7.0065
u0027705:i1964418,7.08235
u0027705:i2084970,7.24664
u0027705:i2980516,7.20458
u0027705:i3398268,6.56428
u0027708:i0097937,7.41959
u0027708:i0139654,7.41959
u0027708:i0217505,7.41959
u0027708:i0278504,7.41959
u0027708:i0407887,7.41959
u0027708:i0816692,7.41959
u0027708:i0993846,7.41959
u0027708:i2084970,7.41959
u0027708:i2231253,7.41959
u0027708:i2561572,7.41959
u0027708:i2911666,7.41959
u0027708:i3538766,7.41959
u0027714:i1065073,7.92116
u0027714:i1100089,7.92116
u0027714:i1786751,7.92116
u0027714:i2179136,7.92116
u0027714:i2402105,7.92116
u0027718:i1706620,6.58965
u0027718:i2199571,6.58965
u0027718:i2245084,6.58965
u0027718:i2911666,6.58965
u0027731:i0443465,7.54992
u0027731:i0816692,7.54992
u0027731:i1392190,7.54992
u0027731:i1798684,7.54992
u0027731:i2182972,7.54992
u0027731:i2305051,7.54992
u0027731:i2393845,7.54992
u0027731:i2397535,7.54992
u0027731:i2404461,7.54992
u0027731:i2582802,7.54992
u0027731:i2785032,7.54992
u0027731:i2872718,7.54992
u0027731:i2917388,7.54992
u0027731:i2967224,7.54992
u0027731:i3079380,7.54992
u0027731:i3203616,7.54992
u0027744:i0369610,7.17185
u0027744:i2096673,7.20405
u0027744:i2395427,7.25011
u0027744:i2486678,5.48521
u0027744:i3062880,5.44912
u0027744:i3152624,7.06393
u0027744:i3713166,7.01504
u0027755:i0106856,7.34963
u0027755:i0251160,7.34963
u0027755:i1726669,7.34963
u0027755:i2614684,7.34963
u0027761:i0044079,5.76407
u0027761:i0054698,6.05753
u0027761:i0078841,5.66946
u0027761:i0093779,5.39718
u0027761:i0107822,6.24971
u0027761:i0116695,6.54148
u0027761:i0203009,6.28595
u0027761:i0274558,6.47239
u0027761:i0317248,7.01612
u0027761:i0455590,6.51113
u0027761:i0816692,6.98377
u0027761:i1049413,6.09397
u0027761:i1187043,6.01901
u0027761:i2179136,7.31297
u0027761:i2562232,7.23593
u0027761:i2637276,6.9489
u0027780:i0758758,7.60697
u0027780:i0790636,7.60697
u0027780:i1065073,7.60697
u0027780:i1723811,7.60697
u0027780:i2058107,7.60697
u0027780:i2084970,7.60697
u0027780:i3169706,7.60697
u0027795:i0470752,6.37331
u0027795:i1179031,6.37331
u0027795:i1935179,6.37331
u0027795:i2039393,6.37331
u0027795:i2126355,6.37331
u0027795:i2245084,6.37331
u0027795:i2321549,6.37331
u0027795:i2381941,6.37331
u0027795:i2395427,6.37331
u0027795:i2582802,6.37331
u0027795:i2820852,6.37331
u0027826:i0230600,6.90841
u0027826:i0384537,5.40717
u0027826:i0434409,6.93647
u0027826:i0790686,4.79706
u0027826:i2034139,5.61796
u0027836:i0816692,7.65965
u0027836:i2096673,7.65965
u0027836:i2582802,7.65965
u0027838:i0230600,7.97525
u0027838:i0369610,7.97525
u0027838:i0482571,7.97525
u0027838:i1392190,7.97525
u0027838:i1790864,7.97525
u0027838:i1798684,7.97525
u0027838:i2199571,7.97525
u0027838:i2802144,7.97525
u0027860:i0000012,7.92598
u0027860:i1741225,7.92598
u0027860:i1980929,7.92598
u0027860:i2004279,7.92598
u0027860:i2084970,7.92598
u0027860:i2234003,7.92598
u0027860:i2305051,7.92598
u0027860:i2562232,7.92598
u0027860:i2582802,7.92598
u0027860:i2718492,7.92598
u0027860:i2870708,7.92598
u0027860:i2870756,7.92598
u0027860:i2872718,7.92598
u0027860:i2980516,7.92598
u0027860:i2991224,7.92598
u0027860:i3612616,7.92598
u0027870:i0050083,6.65546
u0027870:i0114369,6.02368
u0027870:i0454876,6.23239
u0027870:i0478970,7.0883
u0027870:i0816692,6.9939
u0027870:i1502712,7.12759
u0027870:i1823672,7.29155
u0027870:i2084970,7.25415
u0027870:i2381249,7.12988
u0027870:i2562232,7.24358
u0027870:i2872718,7.28559
u0027903:i0381061,7.60697
u0027903:i1398426,7.60697
u0027903:i1646971,7.60697
u0027903:i2245084,7.60697
u0027903:i2322441,7.60697
u0027903:i2802144,7.60697
u0027903:i2820852,7.60697
u0027903:i2980516,7.60697
u0027910:i0369610,7.17966
u0027910:i1392190,7.10898
u0027910:i1964418,7.11275
u0027910:i2096673,7.21978
u0027910:i2395427,7.25796
u0027920:i0172495,8.0346
u0027920:i0247586,8.0346
u0027920:i1528100,8.0346
u0027920:i2245084,8.0346
u0027920:i2582802,8.0346
u0027920:i2788710,8.0346
u0027920:i2820852,8.0346
u0027932:i0062480,7.48077
u0027932:i0064519,7.48077
u0027932:i0065494,7.48077
u0027932:i0067324,7.48077
u0027932:i0069762,7.48077
u0027932:i0072443,7.48077
u0027932:i0078788,7.48077
u0027932:i0166924,7.48077
u0027932:i0278504,7.48077
u0027932:i0291579,7.48077
u0027932:i0354899,7.48077
u0027932:i0365748,7.48077
u0027932:i0369610,7.48077
u0027932:i0425112,7.48077
u0027932:i0470752,7.48077
u0027932:i1100089,7.48077
u0027932:i1392190,7.48077
u0027932:i1518812,7.48077
u0027932:i1740707,7.48077
u0027932:i1791528,7.48077
u0027932:i1980929,7.48077
u0027932:i2582802,7.48077
u0027932:i2980516,7.48077
u0027932:i3612616,7.48077
u0027950:i1020072,6.88119
u0027950:i1392190,6.88119
u0027950:i1661199,6.88119
u0027950:i1758795,6.88119
u0027950:i2180411,6.88119
u0027950:i2310332,6.88119
u0027950:i2395427,6.88119
u0027950:i2848292,6.88119
u0027955:i0816692,7.00403
u0027955:i1375666,6.49719
u0027955:i1392190,7.11499
u0027965:i0108037,6.78435
u0027965:i0108160,6.78435
u0027965:i0120102,6.78435
u0027965:i0432283,6.78435
u0027965:i0470752,6.78435
u0027965:i0478970,6.78435
u0027965:i0481369,6.78435
u0027965:i0838221,6.78435
u0027965:i1100089,6.78435
u0027965:i1161864,6.78435
u0027965:i1441953,6.78435
u0027965:i1502712,6.78435
u0027965:i1748122,6.78435
u0027965:i1800241,6.78435
u0027965:i1823672,6.78435
u0027965:i1937264,6.78435
u0027965:i1979319,6.78435
u0027965:i2036416,6.78435
u0027965:i2084970,6.78435
u0027965:i2141751,6.78435
u0027965:i2167266,6.78435
u0027965:i2180411,6.78435
u0027965:i2262227,6.78435
u0027965:i2273657,6.78435
u0027965:i2381941,6.78435
u0027965:i2414766,6.78435
u0027965:i2562232,6.78435
u0027965:i2582802,6.78435
u0027965:i2679042,6.78435
u0027965:i2713180,6.78435
u0027965:i2802144,6.78435
u0027965:i2848292,6.78435
u0027965:i2884206,6.78435
u0027965:i2908446,6.78435
u0027965:i2937898,6.78435
u0027965:i3029558,6.78435
u0027965:i3263614,6.78435
u0027965:i3418604,6.78435
u0027965:i3500528,6.78435
u0028001:i0114814,6.29269
u0028001:i1638355,7.08452
u0028001:i1781922,6.97387
u0028001:i2679042,6.89548
u0028020:i0046912,7.60697
u0028020:i0050783,7.60697
u0028020:i0052216,7.60697
u0028020:i1020072,7.60697
u0028020:i1392190,7.60697
u0028020:i1646975,7.60697
u0028020:i1951181,7.60697
u0028020:i2027091,7.60697
u0028020:i2182972,7.60697
u0028020:i2325977,7.60697
u0028020:i2404425,7.60697
u0028020:i2409812,7.60697
u0028020:i2844798,7.60697
u0028020:i2893490,7.60697
u0028020:i2925768,7.60697
u0028020:i2933544,7.60697
u0028020:i2936470,7.60697
u0028020:i2991224,7.60697
u0028020:i3011894,7.60697
u0028020:i3013610,7.60697
u0028020:i3021360,7.60697
u0028020:i3060492,7.60697
u0028020:i3089978,7.60697
u0028020:i3152624,7.60697
u0028020:i3236120,7.60697
u0028020:i3455740,7.60697
u0028020:i3630276,7.60697
u0028021:i0369610,7.60697
u0028021:i0478970,7.60697
u0028021:i1392190,7.60697
u0028021:i2084970,7.60697
u0028021:i2096673,7.60697
u0028021:i2245084,7.60697
u0028021:i2562232,7.60697
u0028071:i1294970,6.73734
u0028071:i1568346,6.79169
u0028071:i1587310,6.80775
u0028071:i1798709,7.00346
u0028071:i1881002,7.12433
u0028071:i1979172,0
u0028071:i2199571,7.06418
u0028071:i2258345,6.49472
u0028071:i2343158,0
u0028071:i2393845,6.96738
u0028071:i3247714,7.15029
u0028075:i1398426,7.79226
u0028075:i1502712,7.79226
u0028075:i1638355,7.79226
u0028075:i1781922,7.79226
u0028075:i2679042,7.79226
u0028084:i0023054,7.60697
u0028084:i0039587,7.60697
u0028084:i0107843,7.60697
u0028084:i1837613,7.60697
u0028084:i2980648,7.60697
u0028090:i0055630,6.85113
u0028090:i0072684,6.85113
u0028090:i0118843,6.85113
u0028104:i0082694,6.86586
u0028104:i0103939,6.86586
u0028104:i0114746,6.86586
u0028104:i0114814,6.86586
u0028104:i0174856,6.86586
u0028104:i0209144,6.86586
u0028104:i0268978,6.86586
u0028104:i0317740,6.86586
u0028104:i0327056,6.86586
u0028104:i1063669,6.86586
u0028104:i1392190,6.86586
u0028104:i1742044,6.86586
u0028104:i2179136,6.86586
u0028104:i2395427,6.86586
u0028104:i2582802,6.86586
u0028104:i2820852,6.86586
u0028104:i2872718,6.86586
u0028104:i2980516,6.86586
u0028115:i0409459,7.60697
u0028115:i1065073,7.60697
u0028115:i1823672,7.60697
u0028115:i2381941,7.60697
u0028115:i2436386,7.60697
u0028115:i2561572,7.60697
u0028115:i2562232,7.60697
u0028115:i2582802,7.60697
u0028115:i2713180,7.60697
u0028115:i2788710,7.60697
u0028115:i2802144,7.60697
u0028115:i2872718,7.60697
u0028129:i0003863,0
u0028129:i0004101,0
u0028129:i0004210,0
u0028129:i0004395,0
u0028129:i0004546,4.17367
u0028129:i0005074,0
u0028129:i0005571,0
u0028129:i0006177,0
u0028129:i0006414,0
u0028129:i0007162,0
u0028129:i0007264,0
u0028129:i0007507,0
u0028129:i0007832,0
u0028129:i0007880,0
u0028129:i0008133,0
u0028129:i0018773,3.59448
u0028129:i0027714,0
u0028129:i0028697,0
u0028129:i0031746,0
u0028129:i0032611,0
u0028129:i0033281,0
u0028129:i0035047,0
u0028129:i0036434,0
u0028129:i0037474,0
u0028129:i0037911,0
u0028129:i0044030,0
u0028129:i0061669,0
u0028129:i0061937,0
u0028129:i0062803,0
u0028129:i0071853,6.28109
u0028129:i0074923,0
u0028129:i0084805,5.38027
u0028129:i0088258,5.46997
u0028129:i0091178,0
u0028129:i0091738,0
u0028129:i0093737,3.94564
u0028129:i0093886,5.35513
u0028129:i0097257,0
u0028129:i0099938,0
u0028129:i0101821,0
u0028129:i0102598,3.59448
u0028129:i0102803,5.73957
u0028129:i0103003,3.55135
u0028129:i0103064,6.81781
u0028129:i0105629,0
u0028129:i0106400,0
u0028129:i0106598,0
u0028129:i0106827,0
u0028129:i0109369,4.59515
u0028129:i0110443,0
u0028129:i0112895,0
u0028129:i0115641,4.26968
u0028129:i0117218,3.7611
u0028129:i0117723,5.11163
u0028129:i0118541,0
u0028129:i0119068,0
u0028129:i0119094,6.25157
u0028129:i0120725,0
u0028129:i0120820,0
u0028129:i0120836,0
u0028129:i0125454,3.86115
u0028129:i0128037,0
u0028129:i0138474,0
u0028129:i0283870,0
u0028129:i0302640,5.92935
u0028129:i0314331,5.04237
u0028129:i0337563,4.38161
u0028129:i0391304,5.90142
u0028129:i0471042,3.18293
u0028129:i0492481,0
u0028129:i0970866,3.7098
u0028129:i1478338,5.85835
u0028129:i2140373,6.93238
u0028129:i2473602,7.01429
u0028133:i0369610,6.75197
u0028133:i0470752,6.75197
u0028133:i1020072,6.75197
u0028133:i1392190,6.75197
u0028133:i1398426,6.75197
u0028133:i1661199,6.75197
u0028133:i2096673,6.75197
u0028133:i2179136,6.75197
u0028133:i2279373,6.75197
u0028133:i2326554,6.75197
u0028133:i2395427,6.75197
u0028133:i2802144,6.75197
u0028133:i2872750,6.75197
u0028133:i3079380,6.75197
u0028133:i3152624,6.75197
u0028133:i3235888,6.75197
u0028133:i4178092,6.75197
u0028146:i1100089,7.43386
u0028146:i2802144,7.43386
u0028146:i2872718,7.43386
u0028146:i2980516,7.43386
u0028152:i0816692,6.83384
u0028152:i2562232,6.83384
u0028152:i2980516,6.83384
u0028157:i1335975,8.07071
u0028157:i1815862,8.07071
u0028157:i1872181,8.07071
u0028157:i1959490,8.07071
u0028159:i0043278,6.7453
u0028159:i0056291,6.7453
u0028159:i0068646,6.7453
u0028159:i0070735,6.7453
u0028159:i0078966,6.7453
u0028159:i0118715,6.7453
u0028159:i0147004,6.7453
u0028159:i0186566,6.7453
u0028159:i0209144,6.7453
u0028159:i0274117,6.7453
u0028159:i0339291,6.7453
u0028159:i0359950,6.7453
u0028159:i1100089,6.7453
u0028159:i1587310,6.7453
u0028159:i1647668,6.7453
u0028159:i1714206,6.7453
u0028159:i1714915,6.7453
u0028159:i1735900,6.7453
u0028159:i1800338,6.7453
u0028159:i1825157,6.7453
u0028159:i1924396,6.7453
u0028159:i1967545,6.7453
u0028159:i2112206,6.7453
u0028159:i2278388,6.7453
u0028159:i2390361,6.7453
u0028159:i2883512,6.7453
u0028201:i0478970,6.43484
u0028201:i0816692,6.43484
u0028201:i1109624,6.43484
u0028201:i1340138,6.43484
u0028201:i1638355,6.43484
u0028201:i1823672,6.43484
u0028201:i2084970,6.43484
u0028201:i2120120,6.43484
u0028201:i2224026,6.43484
u0028201:i2245084,6.43484
u0028201:i2293640,6.43484
u0028201:i2321549,6.43484
u0028201:i2395427,6.43484
u0028201:i2557490,6.43484
u0028201:i2637276,6.43484
u0028201:i2872750,6.43484
u0028201:i3079380,6.43484
u0028206:i0035423,7.34963
u0028206:i0195685,7.34963
u0028206:i0313737,7.34963
u0028206:i0369610,7.34963
u0028206:i0402022,7.34963
u0028206:i0780541,7.34963
u0028206:i0963966,7.34963
u0028206:i1020072,7.34963
u0028206:i1029360,7.34963
u0028206:i1121096,7.34963
u0028206:i1126590,7.34963
u0028206:i1336006,7.34963
u0028206:i1340138,7.34963
u0028206:i1560747,7.34963
u0028206:i1631867,7.34963
u0028206:i1640486,7.34963
u0028206:i1655441,7.34963
u0028206:i1661199,7.34963
u0028206:i1726592,7.34963
u0028206:i1809398,7.34963
u0028206:i1821658,7.34963
u0028206:i1823672,7.34963
u0028206:i1980929,7.34963
u0028206:i2072230,7.34963
u0028206:i2096673,7.34963
u0028206:i2126355,7.34963
u0028206:i2170439,7.34963
u0028206:i2304953,7.34963
u0028206:i2338151,7.34963
u0028206:i2381249,7.34963
u0028206:i2395427,7.34963
u0028206:i2398136,7.34963
u0028206:i2404425,7.34963
u0028206:i2555736,7.34963
u0028206:i2692250,7.34963
u0028206:i2802144,7.34963
u0028206:i2820852,7.34963
u0028206:i2872732,7.34963
u0028206:i2909116,7.34963
u0028206:i2980516,7.34963
u0028206:i2980648,7.34963
u0028206:i3079380,7.34963
u0028206:i3247714,7.34963
u0028206:i3345472,7.34963
u0028206:i3504824,7.34963
u0028206:i3527134,7.34963
u0028206:i3560492,7.34963
u0028206:i3560742,7.34963
u0028206:i3752930,7.34963
u0028206:i3890264,7.34963
u0028206:i3958014,7.34963
u0028206:i4141260,7.34963
u0028206:i4280012,7.34963
u0028206:i4305562,7.34963
u0028206:i4319698,7.34963
u0028206:i4344878,7.34963
u0028206:i4455690,7.34963
u0028206:i4510896,7.34963
u0028206:i4539508,7.34963
u0028230:i0109830,7.76051
u0028230:i1392190,7.76051
u0028230:i3316960,7.76051
u0028250:i0082783,7.77876
u0028250:i0095765,7.77876
u0028250:i0099348,7.77876
u0028250:i0308644,7.77876
u0028250:i0914798,7.77876
u0028250:i1014763,7.77876
u0028250:i1020072,7.77876
u0028250:i1126590,7.77876
u0028250:i1216491,7.77876
u0028250:i1661199,7.77876
u0028250:i1809398,7.77876
u0028250:i2084970,7.77876
u0028250:i2179136,7.77876
u0028250:i2180411,7.77876
u0028250:i2199571,7.77876
u0028250:i2245084,7.77876
u0028250:i2310332,7.77876
u0028250:i2381941,7.77876
u0028250:i2562232,7.77876
u0028250:i2802144,7.77876
u0028250:i2872718,7.77876
u0028250:i2908446,7.77876
u0028250:i3316960,7.77876
u0028256:i0959337,7.43569
u0028256:i2582802,7.43569
u0028256:i3746298,7.43569
u0028257:i0369610,7.04028
u0028257:i0478970,7.04028
u0028257:i1020072,7.04028
u0028257:i1100089,7.04028
u0028257:i1340138,7.04028
u0028257:i1502712,7.04028
u0028257:i1617661,7.04028
u0028257:i1661199,7.04028
u0028257:i1964418,7.04028
u0028257:i2006295,7.04028
u0028257:i2084970,7.04028
u0028257:i2096673,7.04028
u0028257:i2120120,7.04028
u0028257:i2126355,7.04028
u0028257:i2179136,7.04028
u0028257:i2180411,7.04028
u0028257:i2224026,7.04028
u0028257:i2293640,7.04028
u0028257:i2381249,7.04028
u0028257:i2381941,7.04028
u0028257:i2395427,7.04028
u0028257:i2446042,7.04028
u0028257:i2562232,7.04028
u0028257:i2582802,7.04028
u0028257:i2637276,7.04028
u0028257:i2802144,7.04028
u0028257:i2820852,7.04028
u0028257:i2967224,7.04028
u0028257:i2980516,7.04028
u0028257:i3195644,7.04028
u0028257:i3203616,7.04028
u0028257:i3455224,7.04028
u0028257:i4044364,7.04028
u0028259:i0138304,7.67
u0028259:i0258463,7.67
u0028259:i0372183,7.67
u0028259:i0416320,7.67
u0028259:i1019452,7.67
u0028259:i1188996,7.67
u0028259:i1490017,7.67
u0028259:i2109248,7.67
u0028259:i2140373,7.67
u0028259:i2179136,7.67
u0028259:i2436386,7.67
u0028259:i2562232,7.67
u0028259:i2582802,7.67
u0028259:i2820852,7.67
u0028259:i2980516,7.67
u0028269:i0816692,7.01418
u0028269:i1247690,6.66253
u0028269:i2084970,7.26167
u0028269:i2179136,7.32085
u0028269:i2562232,7.25124
u0028269:i2582802,7.26141
u0028269:i2980516,7.21419
u0028289:i0369610,7.17893
u0028289:i2395427,7.17893
u0028289:i2820852,7.17893
u0028292:i0816692,7.67
u0028292:i1020072,7.67
u0028292:i1065073,7.67
u0028292:i1706593,7.67
u0028292:i2179136,7.67
u0028292:i2322441,7.67
u0028292:i2582802,7.67
u0028297:i0387564,6.55124
u0028297:i1457767,6.22754
u0028297:i1591095,6.28971
u0028297:i1922777,6.83386
u0028297:i3195644,7.06035
u0028316:i0050083,6.77647
u0028316:i0058182,4.51271
u0028316:i0075314,6.69768
u0028316:i0110932,5.00009
u0028316:i0120586,6.47378
u0028316:i0144084,6.38765
u0028316:i0166924,6.28442
u0028316:i0180093,6.75678
u0028316:i0206634,6.84382
u0028316:i0278504,6.21574
u0028316:i0358273,6.96984
u0028316:i0375063,6.73304
u0028316:i0816692,7.02435
u0028316:i1126590,7.35542
u0028316:i1189340,6.83594
u0028316:i1798684,6.93091
u0028316:i1935179,6.62502
u0028316:i2084970,7.26919
u0028316:i2170593,7.29123
u0028316:i2179136,7.32873
u0028316:i2245084,7.27561
u0028316:i2273657,6.75023
u0028316:i2305051,7.37956
u0028316:i2562232,7.2589
u0028316:i2737050,7.17999
u0028316:i2844798,6.88577
u0028316:i2980516,7.22381
u0028316:i3042408,6.37316
u0028316:i3079380,7.07121
u0028316:i3152624,7.12183
u0028316:i3316960,7.19079
u0028320:i0075314,7.13811
u0028320:i0137523,7.13811
u0028320:i0816692,7.13811
u0028320:i1800351,7.13811
u0028320:i2126355,7.13811
u0028320:i2446042,7.13811
u0028320:i2614684,7.13811
u0028320:i2713180,7.13811
u0028339:i0120338,6.57422
u0028339:i0144084,6.57422
u0028339:i0208092,6.57422
u0028339:i0470752,6.57422
u0028339:i0816692,6.57422
u0028339:i0945513,6.57422
u0028339:i0964517,6.57422
u0028339:i1210166,6.57422
u0028339:i1255953,6.57422
u0028339:i1392190,6.57422
u0028339:i1638002,6.57422
u0028339:i1823672,6.57422
u0028339:i2381941,6.57422
u0028339:i2562232,6.57422
u0028339:i2582802,6.57422
u0028339:i2802144,6.57422
u0028339:i2872718,6.57422
u0028339:i2911666,6.57422
u0028339:i2975578,6.57422
u0028339:i2980516,6.57422
u0028339:i3079380,6.57422
u0028339:i3235888,6.57422
u0028342:i0816692,7.83926
u0028342:i2179136,7.83926
u0028342:i2267998,7.83926
u0028342:i2872732,7.83926
u0028366:i0405094,6.99041
u0028366:i0433035,6.99268
u0028366:i1023114,5.90042
u0028366:i2267998,7.15177
u0028369:i0073488,8.02522
u0028369:i0079579,8.02522
u0028369:i0116282,8.02522
u0028369:i0253474,8.02522
u0028369:i1126590,8.02522
u0028369:i1343703,8.02522
u0028369:i1638355,8.02522
u0028369:i1655441,8.02522
u0028369:i2084970,8.02522
u0028369:i2179136,8.02522
u0028369:i2182972,8.02522
u0028369:i2305051,8.02522
u0028369:i2381941,8.02522
u0028369:i2562232,8.02522
u0028369:i2713180,8.02522
u0028369:i2908446,8.02522
u0028369:i2980516,8.02522
u0028388:i0145487,5.39065
u0028388:i0241527,6.63785
u0028388:i0295297,6.60983
u0028388:i0304141,6.61389
u0028388:i0330373,6.2012
u0028388:i0373889,6.36036
u0028388:i0417741,6.78312
u0028388:i0478087,5.42008
u0028388:i0814255,4.78258
u0028388:i0926084,5.18036
u0028388:i1014759,5.45732
u0028388:i1201607,6.70948
u0028388:i1324999,3.9709
u0028388:i1325004,5.56219
u0028388:i1392170,5.8198
u0028388:i1563738,5.98799
u0028388:i1596365,5.90952
u0028388:i1632708,6.64549
u0028388:i1690953,6.61167
u0028388:i1790864,6.98472
u0028388:i1840309,7.24949
u0028388:i1854564,5.14819
u0028388:i1905041,6.52588
u0028388:i1951264,6.55766
u0028388:i1951265,7.25233
u0028388:i2322441,7.24364
u0028388:i2582846,6.71894
u0028388:i2802144,7.19229
u0028388:i2820852,7.15474
u0028388:i2908446,7.11888
u0028399:i0986264,6.73819
u0028399:i1187043,6.23398
u0028399:i2338151,7.07303
u0028399:i2582802,7.26943
u0028399:i2884206,7.23001
u0028399:i2980516,7.23344
u0028399:i3316960,7.21298
u0028404:i0168629,6.88804
u0028404:i0470752,7.17173
u0028404:i0816692,7.03453
u0028404:i1613062,3.69084
u0028418:i0816692,7.72229
u0028418:i0993846,7.72229
u0028418:i1100089,7.72229
u0028418:i1392190,7.72229
u0028418:i2015381,7.72229
u0028418:i2084970,7.72229
u0028418:i2267998,7.72229
u0028418:i2278388,7.72229
u0028418:i2562232,7.72229
u0028418:i2582802,7.72229
u0028418:i2980516,7.72229
u0028427:i0066492,7.73132
u0028427:i0430357,7.73132
u0028427:i1074638,7.73132
u0028427:i2139555,7.73132
u0028427:i2717822,7.73132
u0028427:i2802144,7.73132
u0028475:i0404203,5.48706
u0028475:i0825236,4.44761
u0028475:i0947798,6.31138
u0028475:i1099212,6.56302
u0028475:i1587310,6.91249
u0028475:i1638002,6.85658
u0028475:i1661199,7.24062
u0028475:i1772424,5.56524
u0028475:i1967545,7.12397
u0028475:i2179136,7.33662
u0028475:i2322441,7.26786
u0028475:i2351310,3.47712
u0028475:i2381941,7.21671
u0028475:i2713180,7.32621
u0028475:i2788710,7.2209
u0028475:i2980516,7.24309
u0028475:i3442006,7.36217
u0028475:i3450650,6.73135
u0028475:i3630276,7.19785
u0028475:i4306308,0
u0028478:i0055928,6.69349
u0028478:i0114709,6.57207
u0028478:i0117060,6.61276
u0028478:i0120363,7.04033
u0028478:i0120755,6.85608
u0028478:i0218043,0
u0028478:i0317919,6.68569
u0028478:i0361596,5.37821
u0028478:i0369610,7.18747
u0028478:i0435761,6.78667
u0028478:i0470752,7.18412
u0028478:i0478970,7.10007
u0028478:i1229238,6.45182
u0028478:i1291150,7.36345
u0028478:i1340138,7.16822
u0028478:i1490017,7.17575
u0028478:i1502712,7.17079
u0028478:i1798684,6.95697
u0028478:i1843866,6.95164
u0028478:i1872194,7.39663
u0028478:i2126355,7.25381
u0028478:i2381249,7.14263
u0028478:i2577172,6.84107
u0028478:i2637276,6.97637
u0028478:i2713180,7.34444
u0028478:i2753778,6.42357
u0028478:i2802144,7.19908
u0028478:i3079380,7.08821
u0028478:i3235888,7.20813
u0028482:i0066434,6.83434
u0028482:i0067927,6.83434
u0028482:i0071615,6.83434
u0028482:i0080339,6.83434
u0028482:i0086197,6.83434
u0028482:i0086979,6.83434
u0028482:i0087020,6.83434
u0028482:i0089530,6.83434
u0028482:i0094012,6.83434
u0028482:i0097441,6.83434
u0028482:i0101889,6.83434
u0028482:i0107818,6.83434
u0028482:i0109707,6.83434
u0028482:i0114478,6.83434
u0028482:i0181875,6.83434
u0028482:i0196229,6.83434
u0028482:i0274558,6.83434
u0028482:i0312004,6.83434
u0028482:i0346491,6.83434
u0028482:i0362269,6.83434
u0028482:i0369610,6.83434
u0028482:i0372588,6.83434
u0028482:i0375063,6.83434
u0028482:i0376136,6.83434
u0028482:i0469021,6.83434
u0028482:i0470752,6.83434
u0028482:i0476964,6.83434
u0028482:i0478970,6.83434
u0028482:i0482571,6.83434
u0028482:i0870111,6.83434
u0028482:i0893382,6.83434
u0028482:i0976051,6.83434
u0028482:i1091191,6.83434
u0028482:i1092004,6.83434
u0028482:i1100089,6.83434
u0028482:i1126618,6.83434
u0028482:i1206543,6.83434
u0028482:i1251757,6.83434
u0028482:i1253863,6.83434
u0028482:i1340138,6.83434
u0028482:i1340800,6.83434
u0028482:i1392190,6.83434
u0028482:i1403865,6.83434
u0028482:i1441395,6.83434
u0028482:i1617661,6.83434
u0028482:i1727388,6.83434
u0028482:i1745710,6.83434
u0028482:i1772925,6.83434
u0028482:i1791528,6.83434
u0028482:i1823672,6.83434
u0028482:i1832382,6.83434
u0028482:i1862079,6.83434
u0028482:i1883180,6.83434
u0028482:i1939659,6.83434
u0028482:i2042568,6.83434
u0028482:i2084970,6.83434
u0028482:i2140373,6.83434
u0028482:i2179136,6.83434
u0028482:i2245084,6.83434
u0028482:i2310332,6.83434
u0028482:i2316411,6.83434
u0028482:i2382298,6.83434
u0028482:i2395427,6.83434
u0028482:i2405182,6.83434
u0028482:i2582802,6.83434
u0028482:i2712878,6.83434
u0028482:i2717822,6.83434
u0028482:i2737310,6.83434
u0028482:i2802144,6.83434
u0028482:i2802154,6.83434
u0028482:i2870648,6.83434
u0028482:i2911666,6.83434
u0028482:i2937898,6.83434
u0028482:i3228830,6.83434
u0028482:i3428308,6.83434
u0028482:i3692768,6.83434
u0028482:i3962828,6.83434
u0028482:i4382552,6.83434
u0028487:i0209144,7.72229
u0028487:i0268978,7.72229
u0028487:i0816692,7.72229
u0028487:i2245084,7.72229
u0028516:i0099674,8.1134
u0028516:i0361748,8.1134
u0028516:i0381849,8.1134
u0028516:i2179136,8.1134
u0028516:i2562232,8.1134
u0028516:i2582802,8.1134
u0028555:i0375912,6.83152
u0028555:i1853728,5.99285
u0028555:i2395427,7.26583
u0028571:i0094625,7.60697
u0028571:i0107290,7.60697
u0028571:i0209144,7.60697
u0028571:i0264464,7.60697
u0028571:i0317248,7.60697
u0028571:i0352248,7.60697
u0028571:i0361748,7.60697
u0028571:i0765443,7.60697
u0028571:i0816692,7.60697
u0028571:i1258197,7.60697
u0028571:i1343092,7.60697
u0028571:i1392190,7.60697
u0028571:i1392214,7.60697
u0028571:i1637725,7.60697
u0028571:i1655441,7.60697
u0028571:i2106476,7.60697
u0028571:i2381941,7.60697
u0028571:i2562232,7.60697
u0028571:i2582802,7.60697
u0028571:i2820852,7.60697
u0028581:i0369610,8.49776
u0028581:i0443706,8.49776
u0028581:i0478970,8.49776
u0028581:i1340138,8.49776
u0028581:i1499658,8.49776
u0028581:i1528100,8.49776
u0028581:i1638355,8.49776
u0028581:i1781922,8.49776
u0028581:i2039393,8.49776
u0028581:i2084970,8.49776
u0028581:i2224026,8.49776
u0028581:i2395427,8.49776
u0028581:i2397535,8.49776
u0028581:i2802144,8.49776
u0028581:i2820852,8.49776
u0028610:i0075314,7.60697
u0028610:i0167260,7.60697
u0028610:i0196229,7.60697
u0028610:i0369610,7.60697
u0028610:i0417741,7.60697
u0028610:i0435651,7.60697
u0028610:i0455944,7.60697
u0028610:i0808417,7.60697
u0028610:i1001526,7.60697
u0028610:i1126590,7.60697
u0028610:i1355630,7.60697
u0028610:i1454468,7.60697
u0028610:i1486834,7.60697
u0028610:i2084970,7.60697
u0028610:i2096673,7.60697
u0028610:i2101473,7.60697
u0028610:i2179136,7.60697
u0028610:i2224026,7.60697
u0028610:i2245084,7.60697
u0028610:i2293640,7.60697
u0028610:i2294493,7.60697
u0028610:i2381249,7.60697
u0028610:i2381335,7.60697
u0028610:i2582802,7.60697
u0028610:i2883434,7.60697
u0028610:i3316960,7.60697
u0028610:i3986532,7.60697
u0028623:i0369610,7.92598
u0028623:i1392190,7.92598
u0028623:i1615065,7.92598
u0028623:i1964418,7.92598
u0028623:i2096673,7.92598
u0028623:i2238050,7.92598
u0028623:i2436386,7.92598
u0028623:i2446042,7.92598
u0028623:i2820852,7.92598
u0028623:i2884206,7.92598
u0028623:i2994190,7.92598
u0028623:i3079380,7.92598
u0028623:i3674140,7.92598
u0028623:i3970854,7.92598
u0028640:i0443274,6.14121
u0028640:i0455944,7.10958
u0028640:i0478970,7.11187
u0028640:i1392190,7.12101
u0028640:i1392214,6.50663
u0028640:i1638355,7.12048
u0028640:i2096673,7.23554
u0028640:i2293640,7.20512
u0028640:i2381249,7.15541
u0028640:i3622592,6.73932
u0028645:i2096673,8.07
u0028645:i2404425,8.07
u0028645:i2967008,8.07
u0028645:i3253930,8.07
u0028651:i0246578,7.30666
u0028651:i0369610,7.30666
u0028651:i0446029,7.30666
u0028651:i0478970,7.30666
u0028651:i1100089,7.30666
u0028651:i1250777,7.30666
u0028651:i1340138,7.30666
u0028651:i1392190,7.30666
u0028651:i1528071,7.30666
u0028651:i1638355,7.30666
u0028651:i1731141,7.30666
u0028651:i2015381,7.30666
u0028651:i2084970,7.30666
u0028651:i2096673,7.30666
u0028651:i2224026,7.30666
u0028651:i2245084,7.30666
u0028651:i2381249,7.30666
u0028651:i2788710,7.30666
u0028651:i2820852,7.30666
u0028651:i2872718,7.30666
u0028651:i2908446,7.30666
u0028651:i2910814,7.30666
u0028651:i2980516,7.30666
u0028651:i3007512,7.30666
u0028651:i3253930,7.30666
u0028651:i3316960,7.30666
u0028679:i0045888,0
u0028679:i0401233,0
u0028679:i1058017,6.60148
u0028681:i0054047,6.92166
u0028681:i0134847,6.92166
u0028681:i0259711,6.92166
u0028681:i0376136,6.92166
u0028681:i0395972,6.92166
u0028681:i0420238,6.92166
u0028681:i0795351,6.92166
u0028681:i0882977,6.92166
u0028681:i0903624,6.92166
u0028681:i0948470,6.92166
u0028681:i1170358,6.92166
u0028681:i1194173,6.92166
u0028681:i1411250,6.92166
u0028681:i1440129,6.92166
u0028681:i1568139,6.92166
u0028681:i1663207,6.92166
u0028681:i1691917,6.92166
u0028681:i1735900,6.92166
u0028681:i1742334,6.92166
u0028681:i1855325,6.92166
u0028681:i1872181,6.92166
u0028681:i1921064,6.92166
u0028681:i1929263,6.92166
u0028681:i2024469,6.92166
u0028681:i2140373,6.92166
u0028681:i2229499,6.92166
u0028681:i2249221,6.92166
u0028681:i2310332,6.92166
u0028681:i2322441,6.92166
u0028681:i2369135,6.92166
u0028681:i2884206,6.92166
u0028682:i0109830,8.15705
u0028682:i0115736,8.15705
u0028682:i0118055,8.15705
u0028682:i0119177,8.15705
u0028682:i0257044,8.15705
u0028682:i0401383,8.15705
u0028682:i0832266,8.15705
u0028682:i0884732,8.15705
u0028682:i1778338,8.15705
u0028682:i1800246,8.15705
u0028682:i1821549,8.15705
u0028682:i2070776,8.15705
u0028682:i2084970,8.15705
u0028682:i2140619,8.15705
u0028682:i2293640,8.15705
u0028682:i2582496,8.15705
u0028682:i2669336,8.15705
u0028682:i2707848,8.15705
u0028682:i2872718,8.15705
u0028693:i0079501,7.92598
u0028693:i0088847,7.92598
u0028693:i0089530,7.92598
u0028693:i0092099,7.92598
u0028693:i0102685,7.92598
u0028693:i0293508,7.92598
u0028693:i0396555,7.92598
u0028693:i0438315,7.92598
u0028693:i0470752,7.92598
u0028693:i0780521,7.92598
u0028693:i0986264,7.92598
u0028693:i1100089,7.92598
u0028693:i1109624,7.92598
u0028693:i1528100,7.92598
u0028693:i1798684,7.92598
u0028693:i1823672,7.92598
u0028693:i2084970,7.92598
u0028693:i2096672,7.92598
u0028693:i2179136,7.92598
u0028693:i2224026,7.92598
u0028693:i2279373,7.92598
u0028693:i2310332,7.92598
u0028693:i2436386,7.92598
u0028693:i2446042,7.92598
u0028693:i2562232,7.92598
u0028693:i2582802,7.92598
u0028693:i2802144,7.92598
u0028693:i2872718,7.92598
u0028693:i2872732,7.92598
u0028693:i2872750,7.92598
u0028693:i2911666,7.92598
u0028693:i2980516,7.92598
u0028693:i3007512,7.92598
u0028693:i3892434,7.92598
u0028719:i0079501,7.92598
u0028719:i0082694,7.92598
u0028719:i0119094,7.92598
u0028719:i0369610,7.92598
u0028719:i0790636,7.92598
u0028719:i1205489,7.92598
u0028719:i1392190,7.92598
u0028719:i1617661,7.92598
u0028719:i2096672,7.92598
u0028719:i2179136,7.92598
u0028719:i2393845,7.92598
u0028719:i2395427,7.92598
u0028719:i2562232,7.92598
u0028719:i2713180,7.92598
u0028719:i2788710,7.92598
u0028736:i0469494,7.34404
u0028736:i2310332,7.34404
u0028736:i2802144,7.34404
u0028755:i0804463,7.92598
u0028755:i1392190,7.92598
u0028755:i2179136,7.92598
u0028755:i2562232,7.92598
u0028755:i2802144,7.92598
u0028755:i2994190,7.92598
u0028755:i4044364,7.92598
u0028780:i0068646,7.15977
u0028780:i0080491,7.15977
u0028780:i0098575,7.15977
u0028780:i0100507,7.15977
u0028780:i0114508,7.15977
u0028780:i0117951,7.15977
u0028780:i0119395,7.15977
u0028780:i0120824,7.15977
u0028780:i0139654,7.15977
u0028780:i0232500,7.15977
u0028780:i0315733,7.15977
u0028780:i0416320,7.15977
u0028780:i0457430,7.15977
u0028780:i0470752,7.15977
u0028780:i0780504,7.15977
u0028780:i0795461,7.15977
u0028780:i0831387,7.15977
u0028780:i0837803,7.15977
u0028780:i0861739,7.15977
u0028780:i1028528,7.15977
u0028780:i1190080,7.15977
u0028780:i1201607,7.15977
u0028780:i1211956,7.15977
u0028780:i1268987,7.15977
u0028780:i1291584,7.15977
u0028780:i1294688,7.15977
u0028780:i1294970,7.15977
u0028780:i1583421,7.15977
u0028780:i1617661,7.15977
u0028780:i1665418,7.15977
u0028780:i1714203,7.15977
u0028780:i2096673,7.15977
u0028780:i2170439,7.15977
u0028780:i2205904,7.15977
u0028780:i2293640,7.15977
u0028780:i2364841,7.15977
u0028780:i2397535,7.15977
u0028780:i2713180,7.15977
u0028780:i2872718,7.15977
u0028780:i2911666,7.15977
u0028808:i0099685,7.67
u0028808:i0369610,7.67
u0028808:i1045778,7.67
u0028808:i1109624,7.67
u0028808:i1843866,7.67
u0028808:i1872181,7.67
u0028808:i2004420,7.67
u0028808:i2109248,7.67
u0028808:i2179136,7.67
u0028808:i2245084,7.67
u0028808:i2279373,7.67
u0028808:i2334649,7.67
u0028808:i2357129,7.67
u0028808:i2463288,7.67
u0028808:i3063516,7.67
u0028852:i0060196,7.59852
u0028852:i0108052,7.59852
u0028852:i0353969,7.59852
u0028852:i0388795,7.59852
u0028852:i0428541,7.59852
u0028852:i0429493,7.59852
u0028852:i0454876,7.59852
u0028852:i0816692,7.59852
u0028852:i0816711,7.59852
u0028852:i0936501,7.59852
u0028852:i0948470,7.59852
u0028852:i0988045,7.59852
u0028852:i1023114,7.59852
u0028852:i1091191,7.59852
u0028852:i1217070,7.59852
u0028852:i1238291,7.59852
u0028852:i1291150,7.59852
u0028852:i1305806,7.59852
u0028852:i1397280,7.59852
u0028852:i1440129,7.59852
u0028852:i1646987,7.59852
u0028852:i1656192,7.59852
u0028852:i1661199,7.59852
u0028852:i1837709,7.59852
u0028852:i1872181,7.59852
u0028852:i1877832,7.59852
u0028852:i1935179,7.59852
u0028852:i2040560,7.59852
u0028852:i2370248,7.59852
u0028852:i2386278,7.59852
u0028852:i2446042,7.59852
u0028852:i2713180,7.59852
u0028852:i2911666,7.59852
u0028852:i3138782,7.59852
u0028852:i3322940,7.59852
u0028852:i3698408,7.59852
u0028852:i3971732,7.59852
u0028852:i4114744,7.59852
u0028852:i4158834,7.59852
u0028916:i0416212,7.08003
u0028916:i2395427,7.08003
u0028916:i2980516,7.08003
u0028943:i0172495,6.15558
u0028943:i0245429,6.42183
u0028943:i0267626,5.52254
u0028943:i0372784,6.64943
u0028943:i0429493,6.09529
u0028943:i0435679,3.835
u0028943:i0449059,6.5564
u0028943:i0468569,5.94269
u0028943:i0482571,5.85801
u0028943:i0770828,6.67805
u0028943:i0840361,6.55134
u0028943:i0944835,6.42165
u0028943:i1130884,6.05222
u0028943:i1790864,7.02486
u0028943:i2980592,7.13862
u0028971:i0050083,7.67
u0028971:i0405159,7.67
u0028971:i1100089,7.67
u0028971:i2562232,7.67
u0028971:i2582802,7.67
u0028971:i2872718,7.67
u0028971:i2980516,7.67
u0028986:i0109287,4.69701
u0028986:i1587310,7.01883
u0028986:i2096673,7.25134
u0028986:i2199571,7.08941
u0028986:i2293640,7.23104
u0028986:i2381249,7.16821
u0028986:i4178092,6.8751
u0028987:i0450259,6.6442
u0028987:i1641841,6.14918
u0028987:i2820852,7.16417
u0028987:i3450650,6.84354
u0028995:i2322441,7.97525
u0028995:i2802154,7.97525
u0028995:i2980648,7.97525
u0029019:i0435651,6.6263
u0029019:i0816692,6.6263
u0029019:i1726592,6.6263
u0029019:i2397535,6.6263
u0029020:i0082694,7.5048
u0029020:i0090887,7.5048
u0029020:i0118688,7.5048
u0029020:i0379725,7.5048
u0029020:i0780548,7.5048
u0029020:i1245492,7.5048
u0029020:i1480295,7.5048
u0029020:i1599348,7.5048
u0029020:i1650535,7.5048
u0029020:i1743993,7.5048
u0029020:i1780798,7.5048
u0029020:i1924396,7.5048
u0029020:i1924435,7.5048
u0029020:i2004420,7.5048
u0029020:i2179136,7.5048
u0029020:i2267998,7.5048
u0029020:i2316411,7.5048
u0029020:i2321549,7.5048
u0029020:i2333804,7.5048
u0029020:i2395427,7.5048
u0029020:i2713180,7.5048
u0029020:i2802144,7.5048
u0029020:i2832470,7.5048
u0029020:i2872718,7.5048
u0029020:i2872732,7.5048
u0029020:i2992524,7.5048
u0029020:i3235888,7.5048
u0029038:i1014763,7.60697
u0029038:i1655441,7.60697
u0029038:i1661199,7.60697
u0029038:i2305051,7.60697
u0029094:i0058461,6.92589
u0029094:i0059578,5.42458
u0029094:i0060196,6.7787
u0029094:i0084787,5.27013
u0029094:i0088247,6.84223
u0029094:i0088763,5.71571
u0029094:i0095953,7.1422
u0029094:i0096874,4.50874
u0029094:i0099088,5.75188
u0029094:i0103064,6.99722
u0029094:i0103644,6.6483
u0029094:i0107290,6.77017
u0029094:i0111252,0
u0029094:i0114369,6.09372
u0029094:i0116282,7.07996
u0029094:i0116324,5.32476
u0029094:i0117060,6.78678
u0029094:i0118583,6.0258
u0029094:i0119174,6.33541
u0029094:i0119567,6.83851
u0029094:i0120188,5.42502
u0029094:i0120755,7.08461
u0029094:i0120915,6.1618
u0029094:i0121765,5.81535
u0029094:i0121766,6.00525
u0029094:i0144084,6.58122
u0029094:i0145487,5.83987
u0029094:i0163025,6.59385
u0029094:i0169547,6.8882
u0029094:i0257044,6.36593
u0029094:i0308379,0
u0029094:i0309593,3.835
u0029094:i0316654,5.97063
u0029094:i0317919,6.94283
u0029094:i0327056,7.2077
u0029094:i0356721,5.28196
u0029094:i0369610,7.19529
u0029094:i0372784,6.79398
u0029094:i0404032,6.64596
u0029094:i0413300,6.63669
u0029094:i0468569,6.03411
u0029094:i0478970,7.12368
u0029094:i0790724,7.26382
u0029094:i0822854,6.01065
u0029094:i0936501,6.77294
u0029094:i0964517,6.50559
u0029094:i1029360,7.35597
u0029094:i1137470,6.71811
u0029094:i1155056,6.51167
u0029094:i1219289,7.17153
u0029094:i1229238,6.69078
u0029094:i1255953,6.08006
u0029094:i1345836,5.52894
u0029094:i1397280,6.40883
u0029094:i1502712,7.21424
u0029094:i1584016,6.07728
u0029094:i1591095,6.50659
u0029094:i1601913,5.9271
u0029094:i1617661,7.26196
u0029094:i1674771,7.01072
u0029094:i1698641,7.3266
u0029094:i1798684,6.98312
u0029094:i2101441,6.03841
u0029094:i2199571,7.11473
u0029094:i2226417,6.40588
u0029094:i2302755,6.29989
u0029094:i2381249,7.18103
u0029094:i2381941,7.22984
u0029094:i2446042,7.26367
u0029094:i2582496,6.95561
u0029094:i2802144,7.20588
u0029094:i2918436,7.03393
u0029094:i2937898,7.2124
u0029094:i3195644,7.11822
u0029094:i3235888,7.23463
u0029094:i3316960,7.23524
u0029094:i3713166,7.07999
u0029094:i4178092,6.94185
u0029098:i0365907,7.13394
u0029098:i1684233,7.13394
u0029098:i2278388,7.13394
u0029098:i2310332,7.13394
u0029122:i0034492,7.41959
u0029122:i0053285,7.41959
u0029122:i0065421,7.41959
u0029122:i0095953,7.41959
u0029122:i0107290,7.41959
u0029122:i0151738,7.41959
u0029122:i0212985,7.41959
u0029122:i0368447,7.41959
u0029122:i0369610,7.41959
u0029122:i0822832,7.41959
u0029122:i1020072,7.41959
u0029122:i1155056,7.41959
u0029122:i1182345,7.41959
u0029122:i1250777,7.41959
u0029122:i1392190,7.41959
u0029122:i1524930,7.41959
u0029122:i1823672,7.41959
u0029122:i1964418,7.41959
u0029122:i2039393,7.41959
u0029122:i2096673,7.41959
u0029122:i2179136,7.41959
u0029122:i2293640,7.41959
u0029122:i2381249,7.41959
u0029122:i2395427,7.41959
u0029122:i2561572,7.41959
u0029122:i2637276,7.41959
u0029122:i2788710,7.41959
u0029122:i2802144,7.41959
u0029122:i3007512,7.41959
u0029122:i3079380,7.41959
u0029122:i3168230,7.41959
u0029122:i3321300,7.41959
u0029122:i3713166,7.41959
u0029125:i0369610,7.45651
u0029125:i0470752,7.45651
u0029125:i0787474,7.45651
u0029125:i0816692,7.45651
u0029125:i1065073,7.45651
u0029125:i1126590,7.45651
u0029125:i1392190,7.45651
u0029125:i1865505,7.45651
u0029125:i1881002,7.45651
u0029125:i2084970,7.45651
u0029125:i2096672,7.45651
u0029125:i2208216,7.45651
u0029125:i2279373,7.45651
u0029125:i2366608,7.45651
u0029125:i2397535,7.45651
u0029125:i2402085,7.45651
u0029125:i2535470,7.45651
u0029125:i2562232,7.45651
u0029125:i2669336,7.45651
u0029125:i2788710,7.45651
u0029125:i2926810,7.45651
u0029125:i3214002,7.45651
u0029125:i3235888,7.45651
u0029125:i3549508,7.45651
u0029233:i2310332,7.18731
u0029233:i2381941,7.24298
u0029233:i2446042,7.28362
u0029233:i2562232,7.26657
u0029234:i1524930,7.3847
u0029234:i1727770,7.3847
u0029234:i2120120,7.3847
u0029234:i2637276,7.3847
u0029234:i4660980,7.3847
u0029245:i0443465,6.95394
u0029245:i0472043,6.95394
u0029245:i1235841,6.95394
u0029245:i1649419,6.95394
u0029245:i1655441,6.95394
u0029245:i3767372,6.95394
u0029262:i0369610,7.67
u0029262:i0478970,7.67
u0029262:i1340138,7.67
u0029262:i1392190,7.67
u0029262:i2084970,7.67
u0029262:i2293640,7.67
u0029262:i2309260,7.67
u0029262:i2339741,7.67
u0029262:i2381249,7.67
u0029262:i2395427,7.67
u0029262:i2446042,7.67
u0029262:i2802144,7.67
u0029262:i3079380,7.67
u0029262:i3469244,7.67
u0029262:i3582084,7.67
u0029262:i3678782,7.67
u0029262:i3812366,7.67
u0029262:i3863552,7.67
u0029273:i0470752,7.97575
u0029273:i0816692,7.97575
u0029273:i1340800,7.97575
u0029273:i1371111,7.97575
u0029273:i1872194,7.97575
u0029273:i2084970,7.97575
u0029273:i2179136,7.97575
u0029273:i2267998,7.97575
u0029273:i2278388,7.97575
u0029273:i2310332,7.97575
u0029273:i2562232,7.97575
u0029273:i2802144,7.97575
u0029273:i2872718,7.97575
u0029273:i4044364,7.97575
u0029298:i0369610,7.45651
u0029298:i0455944,7.45651
u0029298:i0470752,7.45651
u0029298:i0816692,7.45651
u0029298:i1085492,7.45651
u0029298:i1430612,7.45651
u0029298:i1617661,7.45651
u0029298:i2039393,7.45651
u0029298:i2096672,7.45651
u0029298:i2126355,7.45651
u0029298:i2170439,7.45651
u0029298:i2179136,7.45651
u0029298:i2245084,7.45651
u0029298:i2267998,7.45651
u0029298:i2312718,7.45651
u0029298:i2358925,7.45651
u0029298:i2381941,7.45651
u0029298:i2395427,7.45651
u0029298:i2402157,7.45651
u0029298:i2436386,7.45651
u0029298:i2446042,7.45651
u0029298:i2561572,7.45651
u0029298:i2637294,7.45651
u0029298:i2713180,7.45651
u0029298:i2717822,7.45651
u0029298:i2802144,7.45651
u0029298:i2820852,7.45651
u0029298:i2848292,7.45651
u0029298:i2872718,7.45651
u0029298:i2975578,7.45651
u0029325:i0419887,7.75778
u0029325:i1631867,7.75778
u0029325:i1706620,7.75778
u0029325:i1726592,7.75778
u0029325:i1911658,7.75778
u0029325:i2562232,7.75778
u0029325:i3836958,7.75778
u0029336:i1392190,7.37416
u0029336:i1617661,7.37416
u0029336:i1661199,7.37416
u0029336:i1964418,7.37416
u0029336:i2096673,7.37416
u0029336:i2802144,7.37416
u0029336:i3079380,7.37416
u0029339:i0051201,6.58576
u0029339:i0090605,6.58576
u0029339:i0093058,6.58576
u0029339:i0119698,6.58576
u0029350:i2224026,7.1993
u0029350:i2397535,7.20835
u0029350:i2937898,7.25483
u0029353:i0096764,6.83667
u0029353:i1340138,6.83667
u0029353:i1881002,6.83667
u0029353:i2096673,6.83667
u0029353:i2395427,6.83667
u0029353:i2637276,6.83667
u0029459:i1291150,7.67
u0029459:i2039345,7.67
u0029459:i2179136,7.67
u0029459:i2304953,7.67
u0029459:i2381249,7.67
u0029459:i2582802,7.67
u0029459:i2802144,7.67
u0029479:i0470752,6.87235
u0029479:i1392190,6.87235
u0029479:i2562232,6.87235
u0029482:i1126590,7.67
u0029482:i2452254,7.67
u0029482:i3011894,7.67
u0029485:i0031381,8.05988
u0029485:i0040725,8.05988
u0029485:i0058329,8.05988
u0029485:i0078748,8.05988
u0029485:i0090605,8.05988
u0029485:i0091042,8.05988
u0029485:i0099653,8.05988
u0029485:i0103639,8.05988
u0029485:i0195685,8.05988
u0029485:i0338751,8.05988
u0029485:i0355702,8.05988
u0029485:i0358273,8.05988
u0029485:i0376541,8.05988
u0029485:i0385700,8.05988
u0029485:i0407887,8.05988
u0029485:i0770828,8.05988
u0029485:i0816711,8.05988
u0029485:i1033575,8.05988
u0029485:i1219289,8.05988
u0029485:i1300854,8.05988
u0029485:i1371111,8.05988
u0029485:i1392190,8.05988
u0029485:i1478964,8.05988
u0029485:i1483013,8.05988
u0029485:i1587411,8.05988
u0029485:i1606378,8.05988
u0029485:i1661199,8.05988
u0029485:i1675192,8.05988
u0029485:i1714210,8.05988
u0029485:i1770734,8.05988
u0029485:i1772341,8.05988
u0029485:i1815862,8.05988
u0029485:i1840309,8.05988
u0029485:i2015381,8.05988
u0029485:i2024432,8.05988
u0029485:i2063781,8.05988
u0029485:i2101441,8.05988
u0029485:i2278388,8.05988
u0029485:i2369135,8.05988
u0029485:i2509850,8.05988
u0029485:i2570858,8.05988
u0029485:i2639254,8.05988
u0029485:i2848292,8.05988
u0029485:i2883512,8.05988
u0029485:i3294200,8.05988
u0029485:i3590170,8.05988
u0029502:i1655441,7.36534
u0029502:i1872194,7.36534
u0029502:i2209764,7.36534
u0029502:i2544766,7.36534
u0029502:i2713180,7.36534
u0029510:i2106476,7.60697
u0029510:i2178256,7.60697
u0029510:i2278388,7.60697
u0029510:i2458776,7.60697
u0029510:i3316960,7.60697
u0029578:i0100530,7.47152
u0029578:i1392190,7.47152
u0029578:i1528100,7.47152
u0029578:i2140465,7.47152
u0029578:i2395427,7.47152
u0029578:i2625030,7.47152
u0029578:i2802144,7.47152
u0029578:i2820852,7.47152
u0029608:i0369610,7.39259
u0029608:i0478970,7.39259
u0029608:i0884732,7.39259
u0029608:i1340138,7.39259
u0029608:i1392190,7.39259
u0029608:i1502712,7.39259
u0029608:i1638355,7.39259
u0029608:i1655441,7.39259
u0029608:i1661199,7.39259
u0029608:i1674771,7.39259
u0029608:i1725986,7.39259
u0029608:i1823664,7.39259
u0029608:i1823672,7.39259
u0029608:i1964418,7.39259
u0029608:i2084970,7.39259
u0029608:i2088003,7.39259
u0029608:i2096673,7.39259
u0029608:i2120120,7.39259
u0029608:i2126355,7.39259
u0029608:i2179136,7.39259
u0029608:i2199571,7.39259
u0029608:i2224026,7.39259
u0029608:i2261331,7.39259
u0029608:i2293640,7.39259
u0029608:i2381249,7.39259
u0029608:i2395427,7.39259
u0029608:i2562232,7.39259
u0029608:i2582802,7.39259
u0029608:i2679042,7.39259
u0029608:i2802144,7.39259
u0029608:i2820852,7.39259
u0029608:i2848292,7.39259
u0029608:i3045616,7.39259
u0029608:i3079380,7.39259
u0029608:i3181822,7.39259
u0029608:i3247714,7.39259
u0029636:i0116095,6.99124
u0029636:i0340377,6.99124
u0029636:i0365907,6.99124
u0029636:i0455407,6.99124
u0029636:i0458481,6.99124
u0029636:i0829150,6.99124
u0029636:i1148204,6.99124
u0029636:i1392190,6.99124
u0029636:i1396226,6.99124
u0029636:i1527788,6.99124
u0029636:i1535108,6.99124
u0029636:i1587310,6.99124
u0029636:i1600196,6.99124
u0029636:i1654523,6.99124
u0029636:i1872194,6.99124
u0029636:i1990314,6.99124
u0029636:i2024469,6.99124
u0029636:i2106361,6.99124
u0029636:i2118689,6.99124
u0029636:i2199571,6.99124
u0029636:i2231253,6.99124
u0029636:i2267998,6.99124
u0029636:i2309961,6.99124
u0029636:i2333784,6.99124
u0029636:i2493486,6.99124
u0029636:i2582624,6.99124
u0029636:i2866360,6.99124
u0029636:i2884206,6.99124
u0029636:i2937898,6.99124
u0029636:i3235888,6.99124
u0029636:i3322940,6.99124
u0029636:i3416742,6.99124
u0029636:i3465074,6.99124
u0029638:i1872194,7.6189
u0029638:i1924396,7.6189
u0029638:i2872718,7.6189
u0029643:i0377092,7.37416
u0029643:i0455944,7.37416
u0029643:i1392190,7.37416
u0029643:i1823672,7.37416
u0029643:i1964418,7.37416
u0029643:i2179136,7.37416
u0029643:i2290553,7.37416
u0029643:i2349144,7.37416
u0029643:i2395427,7.37416
u0029643:i2402101,7.37416
u0029643:i2493486,7.37416
u0029643:i2820852,7.37416
u0029643:i2884018,7.37416
u0029643:i2923316,7.37416
u0029643:i3203616,7.37416
u0029643:i3247714,7.37416
u0029643:i3397884,7.37416
u0029678:i0465494,6.38203
u0029678:i0478970,6.38203
u0029678:i1217213,6.38203
u0029678:i1340138,6.38203
u0029678:i1798684,6.38203
u0029678:i2120120,6.38203
u0029678:i2268016,6.38203
u0029678:i2309260,6.38203
u0029678:i2395427,6.38203
u0029678:i2637276,6.38203
u0029678:i2848292,6.38203
u0029678:i2933474,6.38203
u0029678:i3079380,6.38203
u0029678:i3152624,6.38203
u0029678:i3369806,6.38203
u0029679:i0478970,7.13551
u0029679:i1340138,7.18541
u0029679:i1674771,7.07222
u0029679:i2395427,7.2737
u0029679:i3152624,7.18021
u0029684:i2077747,7.60697
u0029684:i2084970,7.60697
u0029684:i3289362,7.60697
u0029684:i3970854,7.60697
u0029710:i0068646,5.83567
u0029710:i0070666,4.5415
u0029710:i0071562,5.94865
u0029710:i0072890,6.03786
u0029710:i0075314,6.82901
u0029710:i0077416,5.8348
u0029710:i0086250,5.68003
u0029710:i0099674,5.85502
u0029710:i0099685,6.98087
u0029710:i0106519,5.73611
u0029710:i0112641,6.26674
u0029710:i0113277,6.89258
u0029710:i0114814,6.3676
u0029710:i0119008,6.36314
u0029710:i0122690,6.24461
u0029710:i0122933,6.42997
u0029710:i0227445,5.57579
u0029710:i0278504,6.43773
u0029710:i0284490,3.72825
u0029710:i0411061,3.9529
u0029710:i0496806,5.3246
u0029710:i0985694,5.58731
u0029710:i1389096,3.46968
u0029710:i1448755,5.40585
u0029745:i1392190,7.66172
u0029745:i1823672,7.66172
u0029745:i2267998,7.66172
u0029754:i2872718,7.29758
u0029754:i2911666,7.33389
u0029754:i2980516,7.25274
u0029776:i1109624,7.70409
u0029776:i1408101,7.70409
u0029776:i1499658,7.70409
u0029776:i1772341,7.70409
u0029776:i1981107,7.70409
u0029776:i2084970,7.70409
u0029821:i0395169,7.60697
u0029821:i0816692,7.60697
u0029821:i2179136,7.60697
u0029833:i0478970,7.60697
u0029833:i1502712,7.60697
u0029833:i1524930,7.60697
u0029833:i2084970,7.60697
u0029833:i2120120,7.60697
u0029833:i2446042,7.60697
u0029871:i0181689,7.08824
u0029871:i0443272,7.08824
u0029871:i0455944,7.08824
u0029871:i0816692,7.08824
u0029871:i1065073,7.08824
u0029871:i1568911,7.08824
u0029871:i1855199,7.08824
u0029871:i2084970,7.08824
u0029871:i2179136,7.08824
u0029871:i2713180,7.08824
u0029883:i0031762,6.52262
u0029883:i0037884,6.52262
u0029883:i0039822,6.52262
u0029883:i0053472,6.52262
u0029883:i0055614,6.52262
u0029883:i0056119,6.52262
u0029883:i0057427,6.52262
u0029883:i0060675,6.52262
u0029883:i0062480,6.52262
u0029883:i0066546,6.52262
u0029883:i0068182,6.52262
u0029883:i0071458,6.52262
u0029883:i0074119,6.52262
u0029883:i0083658,6.52262
u0029883:i0089866,6.52262
u0029883:i0090863,6.52262
u0029883:i0091355,6.52262
u0029883:i0091763,6.52262
u0029883:i0101765,6.52262
u0029883:i0103935,6.52262
u0029883:i0113568,6.52262
u0029883:i0114323,6.52262
u0029883:i0120263,6.52262
u0029883:i0156887,6.52262
u0029883:i0258885,6.52262
u0029883:i0275719,6.52262
u0029883:i0283283,6.52262
u0029883:i0301978,6.52262
u0029883:i0318025,6.52262
u0029883:i0338013,6.52262
u0029883:i0346094,6.52262
u0029883:i0387898,6.52262
u0029883:i0418239,6.52262
u0029883:i0423176,6.52262
u0029883:i0459666,6.52262
u0029883:i0487419,6.52262
u0029883:i0851578,6.52262
u0029883:i1063669,6.52262
u0029883:i1186369,6.52262
u0029883:i1371630,6.52262
u0029883:i1590078,6.52262
u0029883:i1843287,6.52262
u0029883:i1883180,6.52262
u0029883:i2626926,6.52262
u0029891:i0470752,6.80735
u0029891:i1567437,6.80735
u0029891:i1823672,6.80735
u0029900:i0078748,7.8768
u0029900:i0107943,7.8768
u0029900:i0264395,7.8768
u0029900:i0365907,7.8768
u0029900:i0402910,7.8768
u0029900:i0857190,7.8768
u0029900:i0900387,7.8768
u0029900:i0920458,7.8768
u0029900:i0947810,7.8768
u0029900:i1270114,7.8768
u0029900:i1272878,7.8768
u0029900:i1321870,7.8768
u0029900:i1392190,7.8768
u0029900:i1424381,7.8768
u0029900:i1496025,7.8768
u0029900:i1656186,7.8768
u0029900:i1680123,7.8768
u0029900:i1712170,7.8768
u0029900:i1735862,7.8768
u0029900:i1800241,7.8768
u0029900:i1904996,7.8768
u0029900:i1996310,7.8768
u0029900:i2084970,7.8768
u0029900:i2096673,7.8768
u0029900:i2172934,7.8768
u0029900:i2179136,7.8768
u0029900:i2293640,7.8768
u0029900:i2305051,7.8768
u0029900:i2381249,7.8768
u0029900:i2446042,7.8768
u0029900:i2820852,7.8768
u0029900:i2832470,7.8768
u0029900:i2848292,7.8768
u0029900:i2870612,7.8768
u0029900:i3061836,7.8768
u0029911:i0369610,7.92598
u0029911:i0386588,7.92598
u0029911:i0457939,7.92598
u0029911:i0458522,7.92598
u0029911:i0478970,7.92598
u0029911:i1340138,7.92598
u0029911:i1371150,7.92598
u0029911:i1502712,7.92598
u0029911:i1626146,7.92598
u0029911:i1638002,7.92598
u0029911:i1655441,7.92598
u0029911:i1791682,7.92598
u0029911:i1964418,7.92598
u0029911:i2084970,7.92598
u0029911:i2096673,7.92598
u0029911:i2120120,7.92598
u0029911:i2126355,7.92598
u0029911:i2179136,7.92598
u0029911:i2293640,7.92598
u0029911:i2322441,7.92598
u0029911:i2381249,7.92598
u0029911:i2395427,7.92598
u0029911:i2582802,7.92598
u0029911:i2726560,7.92598
u0029911:i2820852,7.92598
u0029911:i3079380,7.92598
u0029911:i3203616,7.92598
u0029911:i3819668,7.92598
u0029927:i0103064,7.60697
u0029927:i0117060,7.60697
u0029927:i0120755,7.60697
u0029927:i0369610,7.60697
u0029927:i0458339,7.60697
u0029927:i0470752,7.60697
u0029927:i0478970,7.60697
u0029927:i0494238,7.60697
u0029927:i0892769,7.60697
u0029927:i1232829,7.60697
u0029927:i1340138,7.60697
u0029927:i1502712,7.60697
u0029927:i1637688,7.60697
u0029927:i2096673,7.60697
u0029927:i2120120,7.60697
u0029927:i2224026,7.60697
u0029927:i2293640,7.60697
u0029927:i2381249,7.60697
u0029927:i3168230,7.60697
u0029934:i0027438,7.14229
u0029934:i0049456,7.14229
u0029934:i0058631,7.14229
u0029934:i0059749,7.14229
u0029934:i0071524,7.14229
u0029934:i0074851,7.14229
u0029934:i0074958,7.14229
u0029934:i0082677,7.14229
u0029934:i0091499,7.14229
u0029934:i0107050,7.14229
u0029934:i0113228,7.14229
u0029934:i0115697,7.14229
u0029934:i0119174,7.14229
u0029934:i0119217,7.14229
u0029934:i0328832,7.14229
u0029934:i0364343,7.14229
u0029934:i0395251,7.14229
u0029934:i0470752,7.14229
u0029934:i0884732,7.14229
u0029934:i0990407,7.14229
u0029934:i1111422,7.14229
u0029934:i1121096,7.14229
u0029934:i1385956,7.14229
u0029934:i1392190,7.14229
u0029934:i1519461,7.14229
u0029934:i1532538,7.14229
u0029934:i1655441,7.14229
u0029934:i1772288,7.14229
u0029934:i1823672,7.14229
u0029934:i1866197,7.14229
u0029934:i1911607,7.14229
u0029934:i1972571,7.14229
u0029934:i1993396,7.14229
u0029934:i2016940,7.14229
u0029934:i2084977,7.14229
u0029934:i2145829,7.14229
u0029934:i2199571,7.14229
u0029934:i2246565,7.14229
u0029934:i2354205,7.14229
u0029934:i2395427,7.14229
u0029934:i2446042,7.14229
u0029934:i2536124,7.14229
u0029934:i2544766,7.14229
u0029934:i2561572,7.14229
u0029934:i2717822,7.14229
u0029934:i2802144,7.14229
u0029934:i2848292,7.14229
u0029934:i2965056,7.14229
u0029934:i2967224,7.14229
u0029934:i3079380,7.14229
u0029934:i3140724,7.14229
u0029934:i3564200,7.14229
u0029934:i3622332,7.14229
u0029934:i3717324,7.14229
u0029934:i3779300,7.14229
u0029934:i4284010,7.14229
u0029936:i0352248,6.33237
u0029936:i0396269,6.34652
u0029936:i0884732,7.19063
u0029936:i1197624,5.86469
u0029936:i1981677,6.55724
u0029936:i2848292,7.1896
u0029936:i3534602,6.43225
u0029995:i1392190,7.25023
u0029995:i2381249,7.25023
u0029995:i2872718,7.25023
u0030020:i2531282,7.22355
u0030020:i3066630,7.22355
u0030020:i4074502,7.22355
u0030026:i0816442,7.92598
u0030026:i1412386,7.92598
u0030026:i3057428,7.92598
u0030026:i4044364,7.92598
u0030028:i0079945,8.11036
u0030028:i0084726,8.11036
u0030028:i0088170,8.11036
u0030028:i0092007,8.11036
u0030028:i0098382,8.11036
u0030028:i0102975,8.11036
u0030028:i0111280,8.11036
u0030028:i0112442,8.11036
u0030028:i0117731,8.11036
u0030028:i0120844,8.11036
u0030028:i0120877,8.11036
u0030028:i0253754,8.11036
u0030028:i0371746,8.11036
u0030028:i0796366,8.11036
u0030028:i0848228,8.11036
u0030028:i1228705,8.11036
u0030028:i1300854,8.11036
u0030028:i1320253,8.11036
u0030028:i1408101,8.11036
u0030028:i1764651,8.11036
u0030028:i1872181,8.11036
u0030028:i2294449,8.11036
u0030028:i2333784,8.11036
u0030028:i2388715,8.11036
u0030028:i2395427,8.11036
u0030028:i3713166,8.11036
u0030044:i0112471,7.92598
u0030044:i0369610,7.92598
u0030044:i0381681,7.92598
u0030044:i0478970,7.92598
u0030044:i0978762,7.92598
u0030044:i1205489,7.92598
u0030044:i1291584,7.92598
u0030044:i1392190,7.92598
u0030044:i1588170,7.92598
u0030044:i2245084,7.92598
u0030044:i2562232,7.92598
u0030044:i2872718,7.92598
u0030044:i3317522,7.92598
u0030044:i3416742,7.92598
u0030058:i0478970,7.47363
u0030058:i1340138,7.47363
u0030058:i1392190,7.47363
u0030058:i1502712,7.47363
u0030058:i1823672,7.47363
u0030058:i2084970,7.47363
u0030058:i2096673,7.47363
u0030058:i2381249,7.47363
u0030058:i2395427,7.47363
u0030058:i2582802,7.47363
u0030058:i2713180,7.47363
u0030058:i2802144,7.47363
u0030058:i2872718,7.47363
u0030081:i0133093,6.5514
u0030081:i0425430,6.5514
u0030081:i0458339,6.5514
u0030081:i0848228,6.5514
u0030081:i1204977,6.5514
u0030081:i1335975,6.5514
u0030081:i1392190,6.5514
u0030081:i1430612,6.5514
u0030081:i1483013,6.5514
u0030081:i1843866,6.5514
u0030081:i1905041,6.5514
u0030081:i2015381,6.5514
u0030081:i2179136,6.5514
u0030081:i2388715,6.5514
u0030081:i3195644,6.5514
u0030106:i0084516,7.92598
u0030106:i0112281,7.92598
u0030106:i0114369,7.92598
u0030106:i0387564,7.92598
u0030106:i0936501,7.92598
u0030106:i1029360,7.92598
u0030106:i1922777,7.92598
u0030106:i1945084,7.92598
u0030106:i2224026,7.92598
u0030106:i2293640,7.92598
u0030106:i2557490,7.92598
u0030106:i2802144,7.92598
u0030106:i2911666,7.92598
u0030106:i3322940,7.92598
u0030107:i0369610,7.20312
u0030107:i1340138,7.20264
u0030107:i2395427,7.28158
u0030107:i3169706,7.39819
u0030117:i0014664,7.17999
u0030117:i0046250,7.17999
u0030117:i0047478,7.17999
u0030117:i0058567,7.17999
u0030117:i0060827,7.17999
u0030117:i0066473,7.17999
u0030117:i0068833,7.17999
u0030117:i0077416,7.17999
u0030117:i0092593,7.17999
u0030117:i0100469,7.17999
u0030117:i0113247,7.17999
u0030117:i0118929,7.17999
u0030117:i0120863,7.17999
u0030117:i0275773,7.17999
u0030117:i0364569,7.17999
u0030117:i0369610,7.17999
u0030117:i0395584,7.17999
u0030117:i0412019,7.17999
u0030117:i0427309,7.17999
u0030117:i0478970,7.17999
u0030117:i0770828,7.17999
u0030117:i0780622,7.17999
u0030117:i0790628,7.17999
u0030117:i0896534,7.17999
u0030117:i0900387,7.17999
u0030117:i1053424,7.17999
u0030117:i1120985,7.17999
u0030117:i1155056,7.17999
u0030117:i1321870,7.17999
u0030117:i1392190,7.17999
u0030117:i1502712,7.17999
u0030117:i1615065,7.17999
u0030117:i1617661,7.17999
u0030117:i1649443,7.17999
u0030117:i1655441,7.17999
u0030117:i1661199,7.17999
u0030117:i1663662,7.17999
u0030117:i1726592,7.17999
u0030117:i1780798,7.17999
u0030117:i1790886,7.17999
u0030117:i1798684,7.17999
u0030117:i1825157,7.17999
u0030117:i1840309,7.17999
u0030117:i1841642,7.17999
u0030117:i1866249,7.17999
u0030117:i1891923,7.17999
u0030117:i1922777,7.17999
u0030117:i1937118,7.17999
u0030117:i2084970,7.17999
u0030117:i2103217,7.17999
u0030117:i2124787,7.17999
u0030117:i2126355,7.17999
u0030117:i2186848,7.17999
u0030117:i2268016,7.17999
u0030117:i2305051,7.17999
u0030117:i2381941,7.17999
u0030117:i2395427,7.17999
u0030117:i2535470,7.17999
u0030117:i2562232,7.17999
u0030117:i2637276,7.17999
u0030117:i2713180,7.17999
u0030117:i2752772,7.17999
u0030117:i2802144,7.17999
u0030117:i2848292,7.17999
u0030117:i2885628,7.17999
u0030117:i2908446,7.17999
u0030117:i2937898,7.17999
u0030117:i3089778,7.17999
u0030117:i3212904,7.17999
u0030117:i3235888,7.17999
u0030117:i3280916,7.17999
u0030117:i3305844,7.17999
u0030117:i3465074,7.17999
u0030117:i3603808,7.17999
u0030117:i3636326,7.17999
u0030117:i3672742,7.17999
u0030117:i3698558,7.17999
u0030117:i3700594,7.17999
u0030117:i3705412,7.17999
u0030117:i3713166,7.17999
u0030117:i3889166,7.17999
u0030117:i3951730,7.17999
u0030117:i4009278,7.17999
u0030117:i4086032,7.17999
u0030117:i4163020,7.17999
u0030117:i4178092,7.17999
u0030126:i0105236,7.80333
u0030126:i0114746,7.80333
u0030126:i0209144,7.80333
u0030126:i0309698,7.80333
u0030126:i0816692,7.80333
u0030126:i0945513,7.80333
u0030126:i1305806,7.80333
u0030126:i1655441,7.80333
u0030126:i1937149,7.80333
u0030126:i1980929,7.80333
u0030126:i2322441,7.80333
u0030126:i2872718,7.80333
u0030126:i3011894,7.80333
u0030129:i0050083,7.16487
u0030129:i0077651,7.16487
u0030129:i0079501,7.16487
u0030129:i0082694,7.16487
u0030129:i0088944,7.16487
u0030129:i0116629,7.16487
u0030129:i0222851,7.16487
u0030129:i0332280,7.16487
u0030129:i0348121,7.16487
u0030129:i0369610,7.16487
u0030129:i0414993,7.16487
u0030129:i0455590,7.16487
u0030129:i0470752,7.16487
u0030129:i0478970,7.16487
u0030129:i0829150,7.16487
u0030129:i1100089,7.16487
u0030129:i1109624,7.16487
u0030129:i1126590,7.16487
u0030129:i1392190,7.16487
u0030129:i1502712,7.16487
u0030129:i1567437,7.16487
u0030129:i1587707,7.16487
u0030129:i1626146,7.16487
u0030129:i1655441,7.16487
u0030129:i1661199,7.16487
u0030129:i1698641,7.16487
u0030129:i1809398,7.16487
u0030129:i1810683,7.16487
u0030129:i1823672,7.16487
u0030129:i1865505,7.16487
u0030129:i1911658,7.16487
u0030129:i1951265,7.16487
u0030129:i2084970,7.16487
u0030129:i2096672,7.16487
u0030129:i2170439,7.16487
u0030129:i2179136,7.16487
u0030129:i2199571,7.16487
u0030129:i2245084,7.16487
u0030129:i2322441,7.16487
u0030129:i2374902,7.16487
u0030129:i2381941,7.16487
u0030129:i2395427,7.16487
u0030129:i2446042,7.16487
u0030129:i2562232,7.16487
u0030129:i2582802,7.16487
u0030129:i2692250,7.16487
u0030129:i2802144,7.16487
u0030129:i2820852,7.16487
u0030129:i2848292,7.16487
u0030129:i2872718,7.16487
u0030129:i2872750,7.16487
u0030129:i2911666,7.16487
u0030129:i2966934,7.16487
u0030129:i2980516,7.16487
u0030129:i3029556,7.16487
u0030129:i3149038,7.16487
u0030129:i3178174,7.16487
u0030129:i3398268,7.16487
u0030129:i3416742,7.16487
u0030129:i3717532,7.16487
u0030129:i4229236,7.16487
u0030155:i0824747,7.84828
u0030155:i0986263,7.84828
u0030155:i1211956,7.84828
u0030155:i1232829,7.84828
u0030172:i0091559,7.37179
u0030172:i0094621,7.37179
u0030172:i0097045,7.37179
u0030172:i0099653,7.37179
u0030172:i0100095,7.37179
u0030172:i0109190,7.37179
u0030172:i0125439,7.37179
u0030172:i0140377,7.37179
u0030172:i0247425,7.37179
u0030172:i0255426,7.37179
u0030172:i0262037,7.37179
u0030172:i0265730,7.37179
u0030172:i0274114,7.37179
u0030172:i0281594,7.37179
u0030172:i0354922,7.37179
u0030172:i0357946,7.37179
u0030172:i0376127,7.37179
u0030172:i0386650,7.37179
u0030172:i0389973,7.37179
u0030172:i0390184,7.37179
u0030172:i1034053,7.37179
u0030172:i1166100,7.37179
u0030172:i1198156,7.37179
u0030172:i1294970,7.37179
u0030172:i1563738,7.37179
u0030172:i1720047,7.37179
u0030172:i1726592,7.37179
u0030172:i2094854,7.37179
u0030172:i2113659,7.37179
u0030172:i2140039,7.37179
u0030172:i2170593,7.37179
u0030172:i2179136,7.37179
u0030172:i2187248,7.37179
u0030172:i2203308,7.37179
u0030172:i2355495,7.37179
u0030172:i2365416,7.37179
u0030172:i2390361,7.37179
u0030172:i2446042,7.37179
u0030172:i2465146,7.37179
u0030172:i2562232,7.37179
u0030172:i2883434,7.37179
u0030172:i2883512,7.37179
u0030172:i2976176,7.37179
u0030172:i2979920,7.37179
u0030172:i2980516,7.37179
u0030172:i3203910,7.37179
u0030172:i3329774,7.37179
u0030172:i3398052,7.37179
u0030172:i3495000,7.37179
u0030172:i3495030,7.37179
u0030172:i3681422,7.37179
u0030172:i3767372,7.37179
u0030172:i4020624,7.37179
u0030172:i4258292,7.37179
u0030172:i4271820,7.37179
u0030177:i0455944,7.45651
u0030177:i0470752,7.45651
u0030177:i1227378,7.45651
u0030177:i1243974,7.45651
u0030177:i1294688,7.45651
u0030177:i1307068,7.45651
u0030177:i1392190,7.45651
u0030177:i1645916,7.45651
u0030177:i1655441,7.45651
u0030177:i1675434,7.45651
u0030177:i1790864,7.45651
u0030177:i1814930,7.45651
u0030177:i1972779,7.45651
u0030177:i2084970,7.45651
u0030177:i2179136,7.45651
u0030177:i2273657,7.45651
u0030177:i2325977,7.45651
u0030177:i2368182,7.45651
u0030177:i2387559,7.45651
u0030177:i2450264,7.45651
u0030177:i2582802,7.45651
u0030177:i2652092,7.45651
u0030177:i2872718,7.45651
u0030177:i2884206,7.45651
u0030177:i2967224,7.45651
u0030177:i2980516,7.45651
u0030177:i3202890,7.45651
u0030177:i3442006,7.45651
u0030177:i3442990,7.45651
u0030179:i0026029,5.3902
u0030179:i0369610,7.21096
u0030179:i1441953,6.79456
u0030179:i1538403,5.97832
u0030179:i1606389,5.78411
u0030179:i1626146,7.18051
u0030183:i1483013,7.72229
u0030183:i1670345,7.72229
u0030183:i1843866,7.72229
u0030183:i1981115,7.72229
u0030206:i0369610,7.21881
u0030206:i1340138,7.21991
u0030206:i1392190,7.12703
u0030206:i1617661,7.28657
u0030206:i1661199,7.26743
u0030206:i2084970,7.27672
u0030206:i2293640,7.25705
u0030206:i2322441,7.29217
u0030206:i2381249,7.19388
u0030206:i2802144,7.21268
u0030206:i2820852,7.17361
u0030206:i2980516,7.26241
u0030206:i3079380,7.10525
u0030223:i0100405,7.70696
u0030223:i0109040,7.70696
u0030223:i0298148,7.70696
u0030223:i0369610,7.70696
u0030223:i1392190,7.70696
u0030223:i1424797,7.70696
u0030223:i1605717,7.70696
u0030223:i1620446,7.70696
u0030223:i1661199,7.70696
u0030223:i1748122,7.70696
u0030223:i2096673,7.70696
u0030223:i2179136,7.70696
u0030223:i2224026,7.70696
u0030223:i2234261,7.70696
u0030223:i2293640,7.70696
u0030223:i2321549,7.70696
u0030223:i2404425,7.70696
u0030223:i2717860,7.70696
u0030223:i2788710,7.70696
u0030223:i2802144,7.70696
u0030223:i2980516,7.70696
u0030223:i3302706,7.70696
u0030223:i3316960,7.70696
u0030223:i3416742,7.70696
u0030223:i3824386,7.70696
u0030223:i4007502,7.70696
u0030223:i4257858,7.70696
u0030256:i0470752,7.92598
u0030256:i1392190,7.92598
u0030256:i1638355,7.92598
u0030256:i2893490,7.92598
u0030262:i0017136,7.67
u0030262:i0019254,7.67
u0030262:i0026138,7.67
u0030262:i0033467,7.67
u0030262:i0034240,7.67
u0030262:i0038988,7.67
u0030262:i0038991,7.67
u0030262:i0040897,7.67
u0030262:i0041498,7.67
u0030262:i0042546,7.67
u0030262:i0042804,7.67
u0030262:i0044916,7.67
u0030262:i0045810,7.67
u0030262:i0048728,7.67
u0030262:i0056119,7.67
u0030262:i0056732,7.67
u0030262:i0057427,7.67
u0030262:i0067341,7.67
u0030262:i0068699,7.67
u0030262:i0074958,7.67
u0030262:i0077235,7.67
u0030262:i0078767,7.67
u0030262:i0083658,7.67
u0030262:i0083946,7.67
u0030262:i0088011,7.67
u0030262:i0089853,7.67
u0030262:i0093818,7.67
u0030262:i0100935,7.67
u0030262:i0105151,7.67
u0030262:i0105793,7.67
u0030262:i0106332,7.67
u0030262:i0110475,7.67
u0030262:i0119250,7.67
u0030262:i0189219,7.67
u0030262:i0327056,7.67
u0030262:i0361862,7.67
u0030262:i0381681,7.67
u0030262:i0787475,7.67
u0030262:i0903657,7.67
u0030262:i1029360,7.67
u0030262:i1288558,7.67
u0030262:i1745787,7.67
u0030262:i1883180,7.67
u0030262:i2096673,7.67
u0030262:i2339741,7.67
u0030262:i2366608,7.67
u0030262:i2383068,7.67
u0030262:i2398231,7.67
u0030262:i2720680,7.67
u0030262:i2737050,7.67
u0030262:i2872462,7.67
u0030262:i2872718,7.67
u0030262:i2980592,7.67
u0030262:i3093546,7.67
u0030262:i3184934,7.67
u0030262:i3416742,7.67
u0030263:i0383028,4.65066
u0030263:i0477139,3.71263
u0030263:i0765443,6.92021
u0030263:i0976051,5.90718
u0030263:i1142988,6.14241
u0030263:i1220719,4.2786
u0030263:i1235166,4.12619
u0030263:i1392190,7.13305
u0030263:i1528100,7.33055
u0030263:i1964418,7.14327
u0030263:i1981677,6.69675
u0030263:i2273657,6.81577
u0030263:i2381249,7.20675
u0030263:i2381941,7.25615
u0030263:i2637294,7.29261
u0030263:i3152624,7.23906
u0030263:i3195644,7.17657
u0030301:i1130884,6.14392
u0030301:i2084970,7.28427
u0030301:i2179136,7.34451
u0030301:i2562232,7.27426
u0030313:i0067116,6.86738
u0030313:i1568343,6.86738
u0030313:i1791528,6.86738
u0030313:i2376218,6.86738
u0030313:i2402105,6.86738
u0030313:i2872718,6.86738
u0030313:i2920808,6.86738
u0030331:i1065073,7.67
u0030331:i1392190,7.67
u0030331:i1649443,7.67
u0030331:i2820852,7.67
u0030331:i2883512,7.67
u0030341:i0339707,8.31103
u0030341:i0376543,8.31103
u0030341:i1529292,8.31103
u0030341:i1791682,8.31103
u0030341:i1972571,8.31103
u0030341:i1976000,8.31103
u0030341:i2058107,8.31103
u0030341:i2191082,8.31103
u0030341:i2591814,8.31103
u0030341:i2717860,8.31103
u0030341:i3053860,8.31103
u0030341:i3081374,8.31103
u0030341:i3125652,8.31103
u0030341:i3179568,8.31103
u0030341:i3186946,8.31103
u0030341:i3547740,8.31103
u0030341:i3660370,8.31103
u0030341:i3907858,8.31103
u0030341:i4033216,8.31103
u0030356:i0470752,7.19653
u0030356:i1392190,7.13908
u0030356:i2126355,7.27655
u0030391:i0365907,7.23265
u0030391:i1267297,6.80098
u0030391:i1321511,6.72128
u0030391:i2209764,7.18148
u0030391:i2310332,7.22154
u0030391:i2446042,7.30363
u0030391:i2493486,6.84468
u0030394:i0300051,7.60697
u0030394:i0369610,7.60697
u0030394:i0455944,7.60697
u0030394:i0470752,7.60697
u0030394:i0478970,7.60697
u0030394:i1100089,7.60697
u0030394:i1340138,7.60697
u0030394:i1502712,7.60697
u0030394:i1600196,7.60697
u0030394:i1742334,7.60697
u0030394:i1798684,7.60697
u0030394:i1823672,7.60697
u0030394:i2004432,7.60697
u0030394:i2063781,7.60697
u0030394:i2096672,7.60697
u0030394:i2179136,7.60697
u0030394:i2316411,7.60697
u0030394:i2359024,7.60697
u0030394:i2582802,7.60697
u0030394:i2614684,7.60697
u0030394:i2870708,7.60697
u0030394:i2937898,7.60697
u0030394:i2980592,7.60697
u0030402:i0056193,6.28856
u0030402:i0070511,5.9935
u0030402:i0079116,6.70397
u0030402:i0092593,4.72062
u0030402:i0101912,4.7813
u0030402:i0105695,6.07218
u0030402:i0106226,3.2665
u0030402:i0108394,5.4174
u0030402:i0108550,6.25433
u0030402:i0119174,6.61086
u0030402:i0124315,5.44765
u0030402:i0172396,3.671
u0030402:i0172495,6.27395
u0030402:i0174856,6.72551
u0030402:i0244316,0
u0030402:i0289992,7.00882
u0030402:i0361862,7.00973
u0030402:i0369610,7.22666
u0030402:i0470752,7.20895
u0030402:i0900387,6.54301
u0030402:i0929632,5.73814
u0030402:i1028532,6.80678
u0030402:i1069238,4.92003
u0030402:i1117385,2.99671
u0030402:i1183923,0
u0030402:i1190539,5.25915
u0030402:i1392190,7.14512
u0030402:i1417075,3.76051
u0030402:i1441953,7.04621
u0030402:i1598642,6.93972
u0030402:i1723121,6.39246
u0030402:i1798684,7.00938
u0030402:i2024519,6.22116
u0030402:i2053425,6.39752
u0030402:i2073016,5.04217
u0030402:i2097298,6.86737
u0030402:i2402101,6.99808
u0030402:i2404425,7.15163
u0030402:i2726560,6.96031
u0030402:i2935476,7.22378
u0030402:i3042408,6.46293
u0030402:i3078242,4.08633
u0030402:i3205376,6.87735
u0030402:i3278330,6.23486
u0030402:i3612616,6.90503
u0030402:i3765326,2.23144
u0030402:i3813310,6.58203
u0030403:i0133152,7.17893
u0030403:i0455944,7.17893
u0030403:i0816692,7.17893
u0030403:i1235522,7.17893
u0030403:i1318514,7.17893
u0030403:i1371150,7.17893
u0030403:i1528100,7.17893
u0030403:i2015381,7.17893
u0030403:i2095649,7.17893
u0030403:i2103281,7.17893
u0030403:i2312718,7.17893
u0030403:i2713180,7.17893
u0030404:i0104040,7.42232
u0030404:i0478970,7.42232
u0030404:i2120120,7.42232
u0030404:i2395427,7.42232
u0030404:i2911666,7.42232
u0030409:i0458481,7.06266
u0030409:i0831387,6.87556
u0030409:i1340138,7.23722
u0030409:i1591095,6.73096
u0030409:i1690953,6.80613
u0030409:i1877832,7.01502
u0030409:i2039393,7.28312
u0030409:i2226417,6.63466
u0030409:i2397535,7.24862
u0030409:i2436386,7.22597
u0030409:i2910814,7.04491
u0030413:i0109830,7.67363
u0030413:i0112641,7.67363
u0030413:i0122933,7.67363
u0030413:i0289848,7.67363
u0030413:i0327920,7.67363
u0030413:i1545103,7.67363
u0030413:i3692768,7.67363
u0030445:i0093870,8.27373
u0030445:i0266543,8.27373
u0030445:i0328828,8.27373
u0030445:i0361748,8.27373
u0030445:i0369610,8.27373
u0030445:i0371746,8.27373
u0030445:i0425112,8.27373
u0030445:i0458339,8.27373
u0030445:i0468569,8.27373
u0030445:i0478970,8.27373
u0030445:i0479952,8.27373
u0030445:i0796366,8.27373
u0030445:i0800369,8.27373
u0030445:i0942385,8.27373
u0030445:i1119646,8.27373
u0030445:i1245526,8.27373
u0030445:i1250777,8.27373
u0030445:i1318514,8.27373
u0030445:i1375666,8.27373
u0030445:i1392190,8.27373
u0030445:i1398426,8.27373
u0030445:i1631867,8.27373
u0030445:i1924435,8.27373
u0030445:i1951265,8.27373
u0030445:i2267998,8.27373
u0030445:i2395427,8.27373
u0030445:i2557490,8.27373
u0030445:i2820852,8.27373
u0030467:i0114369,6.61309
u0030467:i0369610,6.61309
u0030467:i0780504,6.61309
u0030467:i1216491,6.61309
u0030467:i1340138,6.61309
u0030467:i1524930,6.61309
u0030467:i1617661,6.61309
u0030467:i1698641,6.61309
u0030467:i1781922,6.61309
u0030467:i1823672,6.61309
u0030467:i1937149,6.61309
u0030467:i1945044,6.61309
u0030467:i2088003,6.61309
u0030467:i2096673,6.61309
u0030467:i2170593,6.61309
u0030467:i2199571,6.61309
u0030467:i2309260,6.61309
u0030467:i2381249,6.61309
u0030467:i2381941,6.61309
u0030467:i2395427,6.61309
u0030467:i2802144,6.61309
u0030467:i2820852,6.61309
u0030467:i3181822,6.61309
u0030467:i3205376,6.61309
u0030467:i3369806,6.61309
u0030479:i2245084,7.29112
u0030479:i2261331,6.96538
u0030479:i2548208,6.84031
u0030507:i1065073,6.86185
u0030507:i1552714,6.86185
u0030507:i2562232,6.86185
u0030507:i2582802,6.86185
u0030507:i2764784,6.86185
u0030507:i2980516,6.86185
u0030507:i3499048,6.86185
u0030507:i3646462,6.86185
u0030513:i0405159,6.61421
u0030513:i1219289,6.61421
u0030513:i2322441,6.61421
u0030513:i2802144,6.61421
u0030527:i0482571,5.93033
u0030527:i0816692,7.04472
u0030527:i2562232,7.28195
u0030527:i2820852,7.18306
u0030527:i2872718,7.30958
u0030536:i0361748,7.60697
u0030536:i0758758,7.60697
u0030536:i1125849,7.60697
u0030536:i2194499,7.60697
u0030546:i0070047,6.76842
u0030546:i0454921,6.00273
u0030546:i0804522,5.92506
u0030546:i0947798,6.45482
u0030546:i1726592,7.3133
u0030546:i2293640,7.28315
u0030546:i2377322,7.12335
u0030554:i0118849,7.69718
u0030554:i0816692,7.69718
u0030554:i2562232,7.69718
u0030555:i0088847,6.35926
u0030555:i0109830,6.49808
u0030555:i0253474,6.2485
u0030555:i0328107,6.2413
u0030555:i0816692,7.05493
u0030555:i1931533,6.47861
u0030555:i2267998,7.16938
u0030555:i2278388,7.1466
u0030555:i2562232,7.28964
u0030555:i2582802,7.27745
u0030555:i2788710,7.25136
u0030555:i2802144,7.21949
u0030555:i2820852,7.19253
u0030555:i2872718,7.3216
u0030555:i3203616,7.03429
u0030568:i0092005,7.50908
u0030568:i0101761,7.50908
u0030568:i0108550,7.50908
u0030568:i0118715,7.50908
u0030568:i0119008,7.50908
u0030568:i0119217,7.50908
u0030568:i0196229,7.50908
u0030568:i0243655,7.50908
u0030568:i0369610,7.50908
u0030568:i0407887,7.50908
u0030568:i0822854,7.50908
u0030568:i1020072,7.50908
u0030568:i1294970,7.50908
u0030568:i1398426,7.50908
u0030568:i1563738,7.50908
u0030568:i1571249,7.50908
u0030568:i1655441,7.50908
u0030568:i1911644,7.50908
u0030568:i2024544,7.50908
u0030568:i2179136,7.50908
u0030568:i2245084,7.50908
u0030568:i2402085,7.50908
u0030568:i2637294,7.50908
u0030568:i2872732,7.50908
u0030568:i2883512,7.50908
u0030577:i0993846,7.41726
u0030577:i1065073,7.41726
u0030577:i1617661,7.41726
u0030577:i2802144,7.41726
u0030597:i0109830,6.59805
u0030597:i0120815,6.59944
u0030597:i1130884,6.23701
u0030597:i1276104,6.28565
u0030597:i1647668,7.12696
u0030597:i1800351,3.17249
u0030597:i1980209,6.76749
u0030597:i2582802,7.28548
u0030619:i1512235,7.92598
u0030619:i1823672,7.92598
u0030619:i1912398,7.92598
u0030619:i2872718,7.92598
u0030619:i3689498,7.92598
u0030634:i1655441,7.11793
u0030634:i2404461,6.2731
u0030634:i2918436,7.16665
u0030652:i0470752,7.60697
u0030652:i0478970,7.60697
u0030652:i1065073,7.60697
u0030652:i1392190,7.60697
u0030652:i1600196,7.60697
u0030652:i1823672,7.60697
u0030652:i1839492,7.60697
u0030652:i1872181,7.60697
u0030652:i1951265,7.60697
u0030652:i1981115,7.60697
u0030652:i2084970,7.60697
u0030652:i2179136,7.60697
u0030652:i2224026,7.60697
u0030652:i2234003,7.60697
u0030652:i2381249,7.60697
u0030652:i2395427,7.60697
u0030652:i2397535,7.60697
u0030652:i2637276,7.60697
u0030652:i2802144,7.60697
u0030652:i2872718,7.60697
u0030666:i1655441,7.14771
u0030666:i2802144,7.22631
u0030666:i3079380,7.12233
u0030676:i0309698,7.60697
u0030676:i1277737,7.60697
u0030676:i1512685,7.60697
u0030676:i1840309,7.60697
u0030676:i2170593,7.60697
u0030676:i2872718,7.60697
u0030676:i3390572,7.60697
u0030700:i0078788,7.34963
u0030700:i0088247,7.34963
u0030700:i0103064,7.34963
u0030700:i0105665,7.34963
u0030700:i0119488,7.34963
u0030700:i0181852,7.34963
u0030700:i0369610,7.34963
u0030700:i0470752,7.34963
u0030700:i0478970,7.34963
u0030700:i0898367,7.34963
u0030700:i1020072,7.34963
u0030700:i1065073,7.34963
u0030700:i1100089,7.34963
u0030700:i1172570,7.34963
u0030700:i1343092,7.34963
u0030700:i1392190,7.34963
u0030700:i1723121,7.34963
u0030700:i1731141,7.34963
u0030700:i1791528,7.34963
u0030700:i1798709,7.34963
u0030700:i2042568,7.34963
u0030700:i2084970,7.34963
u0030700:i2096673,7.34963
u0030700:i2179136,7.34963
u0030700:i2234003,7.34963
u0030700:i2305051,7.34963
u0030700:i2395427,7.34963
u0030700:i2562232,7.34963
u0030700:i2582802,7.34963
u0030700:i2713180,7.34963
u0030700:i2802144,7.34963
u0030700:i2872718,7.34963
u0030700:i2911666,7.34963
u0030700:i2933474,7.34963
u0030700:i2980516,7.34963
u0030700:i3316948,7.34963
u0030700:i3472226,7.34963
u0030712:i1065073,7.49808
u0030712:i1723121,7.49808
u0030712:i2179136,7.49808
u0030732:i0435651,7.60697
u0030732:i0443272,7.60697
u0030732:i1231586,7.60697
u0030732:i1332100,7.60697
u0030732:i1412386,7.60697
u0030732:i1615885,7.60697
u0030732:i1666186,7.60697
u0030732:i1814621,7.60697
u0030732:i2267998,7.60697
u0030732:i2293640,7.60697
u0030732:i2860592,7.60697
u0030739:i0074958,7.50908
u0030739:i0470752,7.50908
u0030739:i1392190,7.50908
u0030739:i1600196,7.50908
u0030739:i1966604,7.50908
u0030739:i2267998,7.50908
u0030739:i2562232,7.50908
u0030739:i2582802,7.50908
u0030739:i2872718,7.50908
u0030739:i3316960,7.50908
u0030742:i0137523,6.54332
u0030742:i0293508,5.9263
u0030742:i0431308,4.34458
u0030742:i0449059,6.77495
u0030742:i0470752,7.22141
u0030742:i1198156,6.53558
u0030742:i1291584,6.09663
u0030742:i1375666,6.5784
u0030742:i1392190,7.15116
u0030742:i1549572,6.83021
u0030742:i1924435,7.0112
u0030742:i2395427,7.28947
u0030742:i2562232,7.29735
u0030742:i3816458,5.39053
u0030753:i0088286,7.17218
u0030753:i0096256,7.17218
u0030753:i0117060,7.17218
u0030753:i0120755,7.17218
u0030753:i0317919,7.17218
u0030753:i0369610,7.17218
u0030753:i0470752,7.17218
u0030753:i0478970,7.17218
u0030753:i0787474,7.17218
u0030753:i1020072,7.17218
u0030753:i1029360,7.17218
u0030753:i1100089,7.17218
u0030753:i1340138,7.17218
u0030753:i1392190,7.17218
u0030753:i1401152,7.17218
u0030753:i1441953,7.17218
u0030753:i1487931,7.17218
u0030753:i1620604,7.17218
u0030753:i1638355,7.17218
u0030753:i1655441,7.17218
u0030753:i1661199,7.17218
u0030753:i1666801,7.17218
u0030753:i1727770,7.17218
u0030753:i1772288,7.17218
u0030753:i1781922,7.17218
u0030753:i1785389,7.17218
u0030753:i1791528,7.17218
u0030753:i1798684,7.17218
u0030753:i1921149,7.17218
u0030753:i2096673,7.17218
u0030753:i2120120,7.17218
u0030753:i2126355,7.17218
u0030753:i2268016,7.17218
u0030753:i2309021,7.17218
u0030753:i2316411,7.17218
u0030753:i2339741,7.17218
u0030753:i2350496,7.17218
u0030753:i2381249,7.17218
u0030753:i2381941,7.17218
u0030753:i2395427,7.17218
u0030753:i2397535,7.17218
u0030753:i2436386,7.17218
u0030753:i2452200,7.17218
u0030753:i2555736,7.17218
u0030753:i2576852,7.17218
u0030753:i2637276,7.17218
u0030753:i2714900,7.17218
u0030753:i2717822,7.17218
u0030753:i2718492,7.17218
u0030753:i2737050,7.17218
u0030753:i2752772,7.17218
u0030753:i2802144,7.17218
u0030753:i2802154,7.17218
u0030753:i2820852,7.17218
u0030753:i2848292,7.17218
u0030753:i2870648,7.17218
u0030753:i2908446,7.17218
u0030753:i2911666,7.17218
u0030753:i2920540,7.17218
u0030753:i2967224,7.17218
u0030753:i2991224,7.17218
u0030753:i3079380,7.17218
u0030753:i3125324,7.17218
u0030753:i3148952,7.17218
u0030753:i3152624,7.17218
u0030753:i3172532,7.17218
u0030753:i3195644,7.17218
u0030753:i3235888,7.17218
u0030753:i3247714,7.17218
u0030753:i3268458,7.17218
u0030753:i3316960,7.17218
u0030753:i3455224,7.17218
u0030753:i3472226,7.17218
u0030753:i3560628,7.17218
u0030753:i3622120,7.17218
u0030753:i3713166,7.17218
u0030753:i4058426,7.17218
u0030753:i4178092,7.17218
u0030753:i4288614,7.17218
u0030784:i1666801,6.94013
u0030784:i1791682,7.28783
u0030784:i2561572,7.19047
u0030784:i3181822,7.17022
u0030787:i0361748,6.58669
u0030787:i1285016,7.03467
u0030787:i1318514,7.26452
u0030787:i1798684,7.03573
u0030787:i4840206,4.90212
u0030809:i0075314,7.34963
u0030809:i0079501,7.34963
u0030809:i0083658,7.34963
u0030809:i0091635,7.34963
u0030809:i0092890,7.34963
u0030809:i0099487,7.34963
u0030809:i0099685,7.34963
u0030809:i0107211,7.34963
u0030809:i0114369,7.34963
u0030809:i0119217,7.34963
u0030809:i0120586,7.34963
u0030809:i0137523,7.34963
u0030809:i0145681,7.34963
u0030809:i0289879,7.34963
u0030809:i0814314,7.34963
u0030809:i1065073,7.34963
u0030809:i1235124,7.34963
u0030809:i1356864,7.34963
u0030809:i1386703,7.34963
u0030809:i1587310,7.34963
u0030809:i1823672,7.34963
u0030809:i1840309,7.34963
u0030809:i2172584,7.34963
u0030809:i2179136,7.34963
u0030809:i2258345,7.34963
u0030809:i2278871,7.34963
u0030809:i2562232,7.34963
u0030809:i2582802,7.34963
u0030809:i2980516,7.34963
u0030809:i3374966,7.34963
u0030809:i4229236,7.34963
u0030845:i0454876,7.05793
u0030845:i0804497,7.05793
u0030845:i1959332,7.05793
u0030845:i2015381,7.05793
u0030845:i2139555,7.05793
u0030845:i2140619,7.05793
u0030845:i2180411,7.05793
u0030845:i2238050,7.05793
u0030845:i2381941,7.05793
u0030883:i0089530,7.52528
u0030883:i0096874,7.52528
u0030883:i0107978,7.52528
u0030883:i0118749,7.52528
u0030883:i0120738,7.52528
u0030883:i0475394,7.52528
u0030883:i1392190,7.52528
u0030883:i1981115,7.52528
u0030883:i2322441,7.52528
u0030883:i2395427,7.52528
u0030883:i2911666,7.52528
u0030883:i4172402,7.52528
u0030883:i4257858,7.52528
u0030911:i0369610,6.78265
u0030911:i1065073,6.78265
u0030911:i1253863,6.78265
u0030911:i1340800,6.78265
u0030911:i2395427,6.78265
u0030911:i2562232,6.78265
u0030922:i0066921,5.68489
u0030922:i0114369,5.68489
u0030922:i1055369,5.68489
u0030922:i1270798,5.68489
u0030922:i1320253,5.68489
u0030922:i1399103,5.68489
u0030922:i1448755,5.68489
u0030922:i1764651,5.68489
u0030922:i1843866,5.68489
u0030922:i1853728,5.68489
u0030922:i2231253,5.68489
u0030922:i2713180,5.68489
u0030922:i2911666,5.68489
u0030925:i0070510,6.32737
u0030925:i0094226,6.80267
u0030925:i0094737,6.52698
u0030925:i0118929,5.88279
u0030925:i0478970,7.14737
u0030925:i1638355,7.15663
u0030925:i1798684,7.06218
u0030925:i2293640,7.30935
u0030925:i2802144,7.23313
u0030925:i2866360,6.75697
u0030925:i2876428,6.19879
u0030925:i2967224,6.78675
u0030925:i3547740,7.03001
u0030925:i3622592,6.82052
u0030961:i0050083,6.92805
u0030961:i0816692,6.92805
u0030961:i2179136,6.92805
u0030961:i2562232,6.92805
u0030972:i1187064,6.59053
u0030972:i2180411,6.59053
u0030972:i2310332,6.59053
u0030972:i2911666,6.59053
u0030972:i3125324,6.59053
u0030972:i3128900,6.59053
u0030973:i0034583,7.01876
u0030973:i0042876,7.01876
u0030973:i0054698,7.01876
u0030973:i0062622,7.01876
u0030973:i0066921,7.01876
u0030973:i0072431,7.01876
u0030973:i0073195,7.01876
u0030973:i0082085,7.01876
u0030973:i0083658,7.01876
u0030973:i0086250,7.01876
u0030973:i0088247,7.01876
u0030973:i0369610,7.01876
u0030973:i0478970,7.01876
u0030973:i1065073,7.01876
u0030973:i1152758,7.01876
u0030973:i1300854,7.01876
u0030973:i1392190,7.01876
u0030973:i1502712,7.01876
u0030973:i1527186,7.01876
u0030973:i1646971,7.01876
u0030973:i1723811,7.01876
u0030973:i1788391,7.01876
u0030973:i1790864,7.01876
u0030973:i1907668,7.01876
u0030973:i1937390,7.01876
u0030973:i2084970,7.01876
u0030973:i2085910,7.01876
u0030973:i2106476,7.01876
u0030973:i2179121,7.01876
u0030973:i2245084,7.01876
u0030973:i2265171,7.01876
u0030973:i2278388,7.01876
u0030973:i2278871,7.01876
u0030973:i2381249,7.01876
u0030973:i2382009,7.01876
u0030973:i2388715,7.01876
u0030973:i2395427,7.01876
u0030973:i2397535,7.01876
u0030973:i2562232,7.01876
u0030973:i2582802,7.01876
u0030973:i2692904,7.01876
u0030973:i2802144,7.01876
u0030973:i2820852,7.01876
u0030973:i2872718,7.01876
u0030973:i2911666,7.01876
u0030973:i2920704,7.01876
u0030973:i2925642,7.01876
u0030979:i0075314,7.97525
u0030979:i0086182,7.97525
u0030979:i0086969,7.97525
u0030979:i0353969,7.97525
u0030979:i0470752,7.97525
u0030979:i0816442,7.97525
u0030979:i1149361,7.97525
u0030979:i1186830,7.97525
u0030979:i1528100,7.97525
u0030979:i1638002,7.97525
u0030979:i1647668,7.97525
u0030979:i1706620,7.97525
u0030979:i1726592,7.97525
u0030979:i1823672,7.97525
u0030979:i1843866,7.97525
u0030979:i1972779,7.97525
u0030979:i2084970,7.97525
u0030979:i2294677,7.97525
u0030979:i2334873,7.97525
u0030979:i2402105,7.97525
u0030979:i2562232,7.97525
u0030979:i2582802,7.97525
u0030979:i2582846,7.97525
u0030979:i2713180,7.97525
u0030979:i2756032,7.97525
u0030979:i2911666,7.97525
u0030979:i2980516,7.97525
u0030979:i3011894,7.97525
u0030979:i3195644,7.97525
u0030979:i3235888,7.97525
u0030979:i3253930,7.97525
u0031017:i1100089,7.28355
u0031017:i2179136,7.35242
u0031017:i2322441,7.31656
u0031026:i0118760,6.78481
u0031026:i0163978,6.78481
u0031026:i0174856,6.78481
u0031026:i0365907,6.78481
u0031026:i0369610,6.78481
u0031026:i0435651,6.78481
u0031026:i0455944,6.78481
u0031026:i0470752,6.78481
u0031026:i0790724,6.78481
u0031026:i0829150,6.78481
u0031026:i1065073,6.78481
u0031026:i1179031,6.78481
u0031026:i1321860,6.78481
u0031026:i1371150,6.78481
u0031026:i1392190,6.78481
u0031026:i1600196,6.78481
u0031026:i1617661,6.78481
u0031026:i1647668,6.78481
u0031026:i1692486,6.78481
u0031026:i1714915,6.78481
u0031026:i1726592,6.78481
u0031026:i1747958,6.78481
u0031026:i1790864,6.78481
u0031026:i1791528,6.78481
u0031026:i1823672,6.78481
u0031026:i1837703,6.78481
u0031026:i1872194,6.78481
u0031026:i1967545,6.78481
u0031026:i1976000,6.78481
u0031026:i2170439,6.78481
u0031026:i2304771,6.78481
u0031026:i2395427,6.78481
u0031026:i2398231,6.78481
u0031026:i2402085,6.78481
u0031026:i2402603,6.78481
u0031026:i2562232,6.78481
u0031026:i2582802,6.78481
u0031026:i2713180,6.78481
u0031026:i2756032,6.78481
u0031026:i2872718,6.78481
u0031026:i2872732,6.78481
u0031026:i2883512,6.78481
u0031026:i2884206,6.78481
u0031026:i2911666,6.78481
u0031065:i0033870,7.60697
u0031065:i0048545,7.60697
u0031065:i0359950,7.60697
u0031065:i0443465,7.60697
u0031065:i0450259,7.60697
u0031065:i0455590,7.60697
u0031065:i0478970,7.60697
u0031065:i1375666,7.60697
u0031065:i1392190,7.60697
u0031065:i1655441,7.60697
u0031065:i1661199,7.60697
u0031065:i1675434,7.60697
u0031065:i1872194,7.60697
u0031065:i2084970,7.60697
u0031065:i2180411,7.60697
u0031065:i2224026,7.60697
u0031065:i2278388,7.60697
u0031065:i2395427,7.60697
u0031065:i2820852,7.60697
u0031065:i2848292,7.60697
u0031065:i2908446,7.60697
u0031065:i2967224,7.60697
u0031065:i3045616,7.60697
u0031065:i3079380,7.60697
u0031065:i3863552,7.60697
u0031066:i0122933,7.60697
u0031066:i1504320,7.60697
u0031066:i1568911,7.60697
u0031066:i1865505,7.60697
u0031066:i1877832,7.60697
u0031066:i1964418,7.60697
u0031066:i2908446,7.60697
u0031072:i0095327,7.50908
u0031072:i0104466,7.50908
u0031072:i0118845,7.50908
u0031072:i0118954,7.50908
u0031072:i0211946,7.50908
u0031072:i0455944,7.50908
u0031072:i0470752,7.50908
u0031072:i0478970,7.50908
u0031072:i0929632,7.50908
u0031072:i1091191,7.50908
u0031072:i1100089,7.50908
u0031072:i1182350,7.50908
u0031072:i1250968,7.50908
u0031072:i1392190,7.50908
u0031072:i1590089,7.50908
u0031072:i1600196,7.50908
u0031072:i1617661,7.50908
u0031072:i1638002,7.50908
u0031072:i1798684,7.50908
u0031072:i1809398,7.50908
u0031072:i1823672,7.50908
u0031072:i1837703,7.50908
u0031072:i2226417,7.50908
u0031072:i2305051,7.50908
u0031072:i2338151,7.50908
u0031072:i2359024,7.50908
u0031072:i2395427,7.50908
u0031072:i2614684,7.50908
u0031072:i2659414,7.50908
u0031072:i2692904,7.50908
u0031072:i2802144,7.50908
u0031072:i2802154,7.50908
u0031072:i2820852,7.50908
u0031072:i2844798,7.50908
u0031072:i2866360,7.50908
u0031072:i2883512,7.50908
u0031072:i2884206,7.50908
u0031072:i2937898,7.50908
u0031072:i2980516,7.50908
u0031072:i3011894,7.50908
u0031072:i3235888,7.50908
u0031072:i3472226,7.50908
u0031072:i3612616,7.50908
u0031072:i3630276,7.50908
u0031072:i3696126,7.50908
u0031072:i3697566,7.50908
u0031072:i3971732,7.50908
u0031072:i4044364,7.50908
u0031093:i2395427,7.60697
u0031093:i2848292,7.60697
u0031093:i3203616,7.60697
u0031115:i0478970,7.15924
u0031115:i0993846,7.12431
u0031115:i1392190,7.1572
u0031115:i2126355,7.29936
u0031115:i2322441,7.34103
u0031122:i0071562,7.67
u0031122:i0105236,7.67
u0031122:i0106519,7.67
u0031122:i0110912,7.67
u0031122:i0120586,7.67
u0031122:i0338751,7.67
u0031122:i0369610,7.67
u0031122:i0443706,7.67
u0031122:i0478970,7.67
u0031122:i0482572,7.67
u0031122:i0840361,7.67
u0031122:i1014763,7.67
u0031122:i1285016,7.67
u0031122:i1291584,7.67
u0031122:i1528100,7.67
u0031122:i1617661,7.67
u0031122:i1638355,7.67
u0031122:i1823672,7.67
u0031122:i2309260,7.67
u0031122:i2322441,7.67
u0031122:i2381249,7.67
u0031122:i2381941,7.67
u0031122:i2395427,7.67
u0031122:i2402101,7.67
u0031122:i2515034,7.67
u0031122:i2561572,7.67
u0031122:i2637276,7.67
u0031122:i2717822,7.67
u0031122:i2784678,7.67
u0031122:i2802144,7.67
u0031122:i2937898,7.67
u0031122:i2980516,7.67
u0031122:i3079380,7.67
u0031122:i3235888,7.67
u0031129:i1020072,7.92598
u0031129:i1065073,7.92598
u0031129:i2084970,7.92598
u0031129:i2179136,7.92598
u0031129:i2562232,7.92598
u0031129:i2582802,7.92598
u0031129:i2980516,7.92598
u0031129:i3011894,7.92598
u0031129:i3316960,7.92598
u0031140:i0369610,7.80477
u0031140:i0420293,7.80477
u0031140:i0478970,7.80477
u0031140:i0903657,7.80477
u0031140:i1392190,7.80477
u0031140:i1398426,7.80477
u0031140:i1524930,7.80477
u0031140:i1571249,7.80477
u0031140:i1661199,7.80477
u0031140:i1666801,7.80477
u0031140:i1798684,7.80477
u0031140:i1924435,7.80477
u0031140:i1964418,7.80477
u0031140:i2096673,7.80477
u0031140:i2120120,7.80477
u0031140:i2126355,7.80477
u0031140:i2179136,7.80477
u0031140:i2278388,7.80477
u0031140:i2293640,7.80477
u0031140:i2370248,7.80477
u0031140:i2381249,7.80477
u0031140:i2381941,7.80477
u0031140:i2395427,7.80477
u0031140:i2557490,7.80477
u0031140:i2582496,7.80477
u0031140:i2637276,7.80477
u0031140:i2788710,7.80477
u0031140:i2802144,7.80477
u0031140:i2848292,7.80477
u0031140:i2910274,7.80477
u0031140:i2980516,7.80477
u0031140:i3152624,7.80477
u0031140:i3195644,7.80477
u0031140:i3235888,7.80477
u0031140:i3316960,7.80477
u0031140:i3622592,7.80477
u0031140:i3713166,7.80477
u0031140:i3850214,7.80477
u0031140:i4178092,7.80477
u0031146:i0369610,7.23452
u0031146:i1392190,7.16325
u0031146:i1596346,5.02783
u0031146:i1798684,7.08873
u0031146:i2084970,7.29181
u0031146:i2182972,7.33652
u0031146:i2395427,7.29737
u0031146:i2820852,7.202
u0031146:i2908446,7.13866
u0031146:i2980648,7.28162
u0031146:i3079380,7.13945
u0031146:i3175936,3.72825
u0031146:i3480796,6.5702
u0031151:i0065207,7.05457
u0031151:i0335266,7.05457
u0031151:i1362058,7.05457
u0031151:i1392190,7.05457
u0031151:i1436045,7.05457
u0031151:i1631867,7.05457
u0031151:i3099498,7.05457
u0031151:i3472226,7.05457
u0031174:i0066769,7.3697
u0031174:i0076729,7.3697
u0031174:i0077294,7.3697
u0031174:i0088247,7.3697
u0031174:i0089489,7.3697
u0031174:i0090605,7.3697
u0031174:i0097737,7.3697
u0031174:i0103064,7.3697
u0031174:i0109068,7.3697
u0031174:i0112471,7.3697
u0031174:i0112950,7.3697
u0031174:i0113568,7.3697
u0031174:i0116282,7.3697
u0031174:i0117060,7.3697
u0031174:i0117731,7.3697
u0031174:i0118883,7.3697
u0031174:i0119468,7.3697
u0031174:i0120755,7.3697
u0031174:i0127723,7.3697
u0031174:i0133093,7.3697
u0031174:i0139654,7.3697
u0031174:i0163025,7.3697
u0031174:i0164334,7.3697
u0031174:i0165710,7.3697
u0031174:i0181852,7.3697
u0031174:i0234215,7.3697
u0031174:i0242653,7.3697
u0031174:i0317919,7.3697
u0031174:i0359950,7.3697
u0031174:i0364045,7.3697
u0031174:i0376136,7.3697
u0031174:i0381681,7.3697
u0031174:i0401445,7.3697
u0031174:i0433383,7.3697
u0031174:i0435651,7.3697
u0031174:i0446687,7.3697
u0031174:i0455944,7.3697
u0031174:i0470752,7.3697
u0031174:i0791303,7.3697
u0031174:i0796212,7.3697
u0031174:i0808506,7.3697
u0031174:i0829150,7.3697
u0031174:i0884732,7.3697
u0031174:i0891488,7.3697
u0031174:i0975645,7.3697
u0031174:i0981227,7.3697
u0031174:i1032817,7.3697
u0031174:i1033575,7.3697
u0031174:i1091722,7.3697
u0031174:i1155650,7.3697
u0031174:i1155652,7.3697
u0031174:i1174042,7.3697
u0031174:i1183665,7.3697
u0031174:i1216491,7.3697
u0031174:i1229238,7.3697
u0031174:i1233474,7.3697
u0031174:i1247690,7.3697
u0031174:i1267297,7.3697
u0031174:i1278060,7.3697
u0031174:i1282140,7.3697
u0031174:i1291150,7.3697
u0031174:i1323973,7.3697
u0031174:i1340138,7.3697
u0031174:i1343089,7.3697
u0031174:i1371150,7.3697
u0031174:i1372686,7.3697
u0031174:i1392190,7.3697
u0031174:i1397280,7.3697
u0031174:i1412386,7.3697
u0031174:i1430132,7.3697
u0031174:i1474276,7.3697
u0031174:i1545754,7.3697
u0031174:i1571249,7.3697
u0031174:i1572781,7.3697
u0031174:i1609479,7.3697
u0031174:i1617661,7.3697
u0031174:i1626146,7.3697
u0031174:i1638002,7.3697
u0031174:i1649780,7.3697
u0031174:i1666801,7.3697
u0031174:i1764234,7.3697
u0031174:i1772264,7.3697
u0031174:i1823672,7.3697
u0031174:i1827579,7.3697
u0031174:i1869716,7.3697
u0031174:i1884495,7.3697
u0031174:i1911658,7.3697
u0031174:i1937449,7.3697
u0031174:i1951216,7.3697
u0031174:i1951265,7.3697
u0031174:i1971325,7.3697
u0031174:i1972571,7.3697
u0031174:i1972779,7.3697
u0031174:i1981115,7.3697
u0031174:i2034031,7.3697
u0031174:i2051879,7.3697
u0031174:i2084970,7.3697
u0031174:i2103281,7.3697
u0031174:i2106361,7.3697
u0031174:i2139555,7.3697
u0031174:i2140619,7.3697
u0031174:i2170439,7.3697
u0031174:i2205697,7.3697
u0031174:i2209418,7.3697
u0031174:i2209764,7.3697
u0031174:i2231253,7.3697
u0031174:i2238050,7.3697
u0031174:i2267998,7.3697
u0031174:i2299206,7.3697
u0031174:i2317225,7.3697
u0031174:i2318268,7.3697
u0031174:i2326612,7.3697
u0031174:i2345737,7.3697
u0031174:i2364949,7.3697
u0031174:i2378884,7.3697
u0031174:i2393845,7.3697
u0031174:i2395427,7.3697
u0031174:i2398249,7.3697
u0031174:i2402157,7.3697
u0031174:i2446042,7.3697
u0031174:i2463512,7.3697
u0031174:i2468774,7.3697
u0031174:i2479800,7.3697
u0031174:i2494280,7.3697
u0031174:i2505294,7.3697
u0031174:i2509850,7.3697
u0031174:i2555736,7.3697
u0031174:i2562232,7.3697
u0031174:i2581244,7.3697
u0031174:i2582802,7.3697
u0031174:i2597718,7.3697
u0031174:i2692904,7.3697
u0031174:i2717822,7.3697
u0031174:i2717860,7.3697
u0031174:i2756032,7.3697
u0031174:i2788710,7.3697
u0031174:i2800240,7.3697
u0031174:i2802144,7.3697
u0031174:i2820852,7.3697
u0031174:i2870708,7.3697
u0031174:i2872750,7.3697
u0031174:i2883512,7.3697
u0031174:i2908446,7.3697
u0031174:i2911666,7.3697
u0031174:i2952602,7.3697
u0031174:i2980472,7.3697
u0031174:i2980592,7.3697
u0031174:i2980648,7.3697
u0031174:i2981768,7.3697
u0031174:i3045616,7.3697
u0031174:i3063516,7.3697
u0031174:i3140100,7.3697
u0031174:i3169706,7.3697
u0031174:i3170900,7.3697
u0031174:i3179568,7.3697
u0031174:i3235888,7.3697
u0031174:i3247714,7.3697
u0031174:i3297330,7.3697
u0031174:i3339674,7.3697
u0031174:i3397918,7.3697
u0031174:i3541262,7.3697
u0031174:i3634940,7.3697
u0031174:i3697566,7.3697
u0031174:i3697626,7.3697
u0031174:i3898504,7.3697
u0031174:i4117094,7.3697
u0031174:i4136696,7.3697
u0031184:i2395427,7.30527
u0031184:i2848292,7.22647
u0031184:i2967224,6.86952
u0031184:i3450650,6.95759
u0031204:i0038650,7.60697
u0031204:i0070510,7.60697
u0031204:i0081283,7.60697
u0031204:i1020072,7.60697
u0031204:i1182345,7.60697
u0031204:i1823672,7.60697
u0031204:i1872194,7.60697
u0031204:i2042568,7.60697
u0031204:i2179136,7.60697
u0031204:i2305051,7.60697
u0031204:i2562232,7.60697
u0031204:i2582802,7.60697
u0031204:i2713180,7.60697
u0031204:i2872718,7.60697
u0031204:i3263614,7.60697
u0031204:i3316960,7.60697
u0031205:i1109624,7.67
u0031205:i1126590,7.67
u0031205:i2084970,7.67
u0031205:i2305051,7.67
u0031205:i3011894,7.67
u0031231:i0032432,7.06149
u0031231:i0033467,7.06149
u0031231:i0044081,7.06149
u0031231:i0047296,7.06149
u0031231:i0048028,7.06149
u0031231:i0049042,7.06149
u0031231:i0049408,7.06149
u0031231:i0050706,7.06149
u0031231:i0054215,7.06149
u0031231:i0055601,7.06149
u0031231:i0059113,7.06149
u0031231:i0060196,7.06149
u0031231:i0066999,7.06149
u0031231:i0078788,7.06149
u0031231:i0079417,7.06149
u0031231:i0082432,7.06149
u0031231:i0082694,7.06149
u0031231:i0092890,7.06149
u0031231:i0095016,7.06149
u0031231:i0100405,7.06149
u0031231:i0105695,7.06149
u0031231:i0107818,7.06149
u0031231:i0112384,7.06149
u0031231:i0114746,7.06149
u0031231:i0114814,7.06149
u0031231:i0117509,7.06149
u0031231:i0118799,7.06149
u0031231:i0118884,7.06149
u0031231:i0119683,7.06149
u0031231:i0120746,7.06149
u0031231:i0154506,7.06149
u0031231:i0180093,7.06149
u0031231:i0185125,7.06149
u0031231:i0208092,7.06149
u0031231:i0327056,7.06149
u0031231:i0335345,7.06149
u0031231:i0338013,7.06149
u0031231:i0338751,7.06149
u0031231:i0340855,7.06149
u0031231:i0365737,7.06149
u0031231:i0367089,7.06149
u0031231:i0369610,7.06149
u0031231:i0395119,7.06149
u0031231:i0401085,7.06149
u0031231:i0416320,7.06149
u0031231:i0416449,7.06149
u0031231:i0433383,7.06149
u0031231:i0446029,7.06149
u0031231:i0449059,7.06149
u0031231:i0452623,7.06149
u0031231:i0452624,7.06149
u0031231:i0469494,7.06149
u0031231:i0470752,7.06149
u0031231:i0477348,7.06149
u0031231:i0478970,7.06149
u0031231:i0780504,7.06149
u0031231:i0780536,7.06149
u0031231:i0787474,7.06149
u0031231:i0800080,7.06149
u0031231:i0864761,7.06149
u0031231:i0898367,7.06149
u0031231:i0903657,7.06149
u0031231:i0929632,7.06149
u0031231:i0947798,7.06149
u0031231:i1013753,7.06149
u0031231:i1014763,7.06149
u0031231:i1019452,7.06149
u0031231:i1067106,7.06149
u0031231:i1109624,7.06149
u0031231:i1121096,7.06149
u0031231:i1126590,7.06149
u0031231:i1156398,7.06149
u0031231:i1182350,7.06149
u0031231:i1205489,7.06149
u0031231:i1243974,7.06149
u0031231:i1253863,7.06149
u0031231:i1276104,7.06149
u0031231:i1276419,7.06149
u0031231:i1305806,7.06149
u0031231:i1315981,7.06149
u0031231:i1340138,7.06149
u0031231:i1392190,7.06149
u0031231:i1441953,7.06149
u0031231:i1454523,7.06149
u0031231:i1528100,7.06149
u0031231:i1626146,7.06149
u0031231:i1661862,7.06149
u0031231:i1674771,7.06149
u0031231:i1781769,7.06149
u0031231:i1823672,7.06149
u0031231:i1881002,7.06149
u0031231:i1924277,7.06149
u0031231:i1964418,7.06149
u0031231:i1976000,7.06149
u0031231:i2096673,7.06149
u0031231:i2126355,7.06149
u0031231:i2172584,7.06149
u0031231:i2179136,7.06149
u0031231:i2245084,7.06149
u0031231:i2268016,7.06149
u0031231:i2293640,7.06149
u0031231:i2395427,7.06149
u0031231:i2446042,7.06149
u0031231:i2473794,7.06149
u0031231:i2555736,7.06149
u0031231:i2582496,7.06149
u0031231:i2637276,7.06149
u0031231:i2692904,7.06149
u0031231:i2802144,7.06149
u0031231:i2820852,7.06149
u0031231:i2896036,7.06149
u0031231:i2908446,7.06149
u0031231:i2908856,7.06149
u0031231:i2910274,7.06149
u0031231:i2937898,7.06149
u0031231:i2980648,7.06149
u0031231:i3007512,7.06149
u0031231:i3011894,7.06149
u0031231:i3013602,7.06149
u0031231:i3079380,7.06149
u0031231:i3169706,7.06149
u0031231:i3205376,7.06149
u0031231:i3235888,7.06149
u0031231:i3247714,7.06149
u0031231:i3253930,7.06149
u0031231:i3297330,7.06149
u0031231:i3316960,7.06149
u0031231:i3850214,7.06149
u0031231:i4044364,7.06149
u0031282:i0120382,7.60697
u0031282:i0369610,7.60697
u0031282:i0470752,7.60697
u0031282:i0478970,7.60697
u0031282:i0790636,7.60697
u0031282:i0993846,7.60697
u0031282:i1798684,7.60697
u0031282:i1798709,7.60697
u0031282:i2084970,7.60697
u0031282:i2203939,7.60697
u0031282:i2820852,7.60697
u0031282:i2980516,7.60697
u0031282:i3079380,7.60697
u0031285:i0478970,7.17113
u0031285:i1524930,7.09591
u0031285:i1638355,7.19295
u0031285:i1798684,7.11538
u0031285:i2381249,7.21964
u0031286:i0081398,7.10743
u0031286:i0117381,6.29696
u0031286:i1951265,7.28414
u0031289:i0092563,7.92598
u0031289:i0467200,7.92598
u0031289:i0758752,7.92598
u0031289:i0770828,7.92598
u0031289:i1270798,7.92598
u0031289:i1483013,7.92598
u0031289:i1631867,7.92598
u0031289:i1800241,7.92598
u0031289:i1843866,7.92598
u0031289:i1877832,7.92598
u0031289:i2084970,7.92598
u0031289:i2395427,7.92598
u0031289:i2872732,7.92598
u0031296:i0031381,6.11174
u0031296:i0033045,5.10585
u0031296:i0088763,5.96422
u0031296:i0096874,4.79054
u0031296:i0099088,6.05462
u0031296:i0116209,5.80156
u0031296:i0120737,5.30348
u0031296:i0167260,5.2557
u0031296:i0167261,4.49969
u0031296:i0485947,5.74384
u0031296:i1291584,6.20174
u0031296:i1392190,7.16931
u0031296:i1488555,6.03261
u0031296:i2802144,7.23996
u0031296:i3729920,6.96248
u0031317:i0037008,7.07737
u0031317:i0052415,7.07737
u0031317:i0074860,7.07737
u0031317:i1126590,7.07737
u0031317:i1243974,7.07737
u0031317:i1343092,7.07737
u0031317:i1615147,7.07737
u0031317:i1772288,7.07737
u0031317:i2039393,7.07737
u0031317:i2179136,7.07737
u0031317:i2402101,7.07737
u0031317:i2561572,7.07737
u0031317:i2726560,7.07737
u0031317:i2788710,7.07737
u0031317:i2911666,7.07737
u0031317:i2937898,7.07737
u0031317:i3007512,7.07737
u0031317:i3011894,7.07737
u0031317:i3045616,7.07737
u0031317:i3622120,7.07737
u0031324:i0388482,6.35759
u0031324:i0429493,6.70482
u0031324:i0479884,6.00896
u0031324:i1129442,6.40074
u0031324:i1397280,6.61557
u0031324:i1606389,6.22904
u0031324:i3863552,6.90676
u0031327:i0114194,7.90696
u0031327:i0318974,7.90696
u0031327:i0360486,7.90696
u0031327:i0369610,7.90696
u0031327:i1340138,7.90696
u0031327:i1524575,7.90696
u0031327:i1706620,7.90696
u0031327:i1772240,7.90696
u0031327:i1924435,7.90696
u0031327:i2120120,7.90696
u0031327:i2126355,7.90696
u0031327:i2799166,7.90696
u0031330:i0102685,7.40728
u0031330:i1626146,7.40728
u0031330:i1821549,7.40728
u0031330:i1954470,7.40728
u0031330:i2245084,7.40728
u0031338:i0369610,7.23845
u0031338:i0787474,7.23845
u0031338:i0790636,7.23845
u0031338:i1408253,7.23845
u0031338:i1742044,7.23845
u0031338:i1798709,7.23845
u0031338:i1837613,7.23845
u0031338:i1980929,7.23845
u0031338:i2084970,7.23845
u0031338:i2194499,7.23845
u0031338:i2267998,7.23845
u0031338:i2294629,7.23845
u0031338:i2567712,7.23845
u0031338:i2870808,7.23845
u0031391:i1126590,7.41959
u0031391:i3398268,7.41959
u0031391:i3521134,7.41959
u0031395:i0069097,7.06
u0031395:i0073486,7.06
u0031395:i0096933,7.06
u0031395:i0104815,7.06
u0031395:i0335345,7.06
u0031395:i0416320,7.06
u0031395:i0449467,7.06
u0031395:i0457513,7.06
u0031395:i0470752,7.06
u0031395:i1020072,7.06
u0031395:i1100089,7.06
u0031395:i1109624,7.06
u0031395:i1213663,7.06
u0031395:i1232200,7.06
u0031395:i1392190,7.06
u0031395:i1441953,7.06
u0031395:i1631867,7.06
u0031395:i1707386,7.06
u0031395:i1791528,7.06
u0031395:i1798709,7.06
u0031395:i1979319,7.06
u0031395:i2084970,7.06
u0031395:i2179136,7.06
u0031395:i2258858,7.06
u0031395:i2305051,7.06
u0031395:i2310332,7.06
u0031395:i2334873,7.06
u0031395:i2436386,7.06
u0031395:i2562232,7.06
u0031395:i2713180,7.06
u0031395:i2737050,7.06
u0031395:i2872718,7.06
u0031395:i2911666,7.06
u0031395:i2980516,7.06
u0031395:i3011894,7.06
u0031395:i3164198,7.06
u0031395:i3316960,7.06
u0031421:i0072067,7.5222
u0031421:i0103783,7.5222
u0031421:i0104070,7.5222
u0031421:i0366174,7.5222
u0031421:i1086772,7.5222
u0031421:i1414382,7.5222
u0031421:i1686821,7.5222
u0031421:i2381941,7.5222
u0031429:i1937149,7.92598
u0031429:i2084970,7.92598
u0031429:i2582802,7.92598
u0031429:i2872718,7.92598
u0031429:i2980516,7.92598
u0031450:i0089853,7.92598
u0031450:i0180093,7.92598
u0031450:i2980516,7.92598
u0031462:i0369610,6.65644
u0031462:i0470752,6.65644
u0031462:i1617661,6.65644
u0031462:i1695388,6.65644
u0031462:i1702429,6.65644
u0031462:i1708135,6.65644
u0031462:i1841642,6.65644
u0031462:i1921149,6.65644
u0031462:i1945084,6.65644
u0031462:i2084970,6.65644
u0031462:i2112337,6.65644
u0031462:i2170439,6.65644
u0031462:i2180411,6.65644
u0031462:i2366608,6.65644
u0031462:i2392672,6.65644
u0031462:i2552296,6.65644
u0031462:i2562232,6.65644
u0031462:i2652092,6.65644
u0031462:i2692250,6.65644
u0031462:i2764784,6.65644
u0031462:i2785032,6.65644
u0031462:i2967008,6.65644
u0031462:i3011894,6.65644
u0031462:i3062880,6.65644
u0031462:i3089326,6.65644
u0031462:i3100636,6.65644
u0031462:i3169706,6.65644
u0031462:i3184934,6.65644
u0031462:i3195644,6.65644
u0031462:i3212392,6.65644
u0031462:i3253930,6.65644
u0031462:i3254876,6.65644
u0031462:i3478536,6.65644
u0031462:i3483194,6.65644
u0031462:i3509796,6.65644
u0031462:i3510280,6.65644
u0031462:i3560686,6.65644
u0031462:i3561348,6.65644
u0031462:i3576084,6.65644
u0031462:i3596492,6.65644
u0031462:i3626760,6.65644
u0031462:i3833746,6.65644
u0031462:i3886722,6.65644
u0031462:i3890278,6.65644
u0031462:i3894190,6.65644
u0031462:i3954882,6.65644
u0031462:i3958072,6.65644
u0031462:i3973590,6.65644
u0031462:i3973612,6.65644
u0031462:i3977898,6.65644
u0031462:i4005692,6.65644
u0031462:i4044364,6.65644
u0031462:i4058346,6.65644
u0031462:i4114762,6.65644
u0031462:i4141788,6.65644
u0031462:i4161932,6.65644
u0031462:i4359416,6.65644
u0031478:i0369610,7.54403
u0031478:i1179031,7.54403
u0031478:i1617661,7.54403
u0031478:i2515034,7.54403
u0031518:i1340138,7.14729
u0031518:i2381249,7.14729
u0031518:i2582802,7.14729
u0031518:i2908446,7.14729
u0031520:i0057012,7.67
u0031520:i0062622,7.67
u0031520:i0072684,7.67
u0031535:i0245844,6.29028
u0031535:i0455944,7.14204
u0031535:i0864835,6.63845
u0031535:i1171222,4.63315
u0031535:i1617661,7.31127
u0031535:i2179136,7.36033
u0031535:i2203939,6.84629
u0031535:i2278388,7.17268
u0031535:i2404463,7.04014
u0031535:i2463288,6.46653
u0031535:i2465140,0
u0031535:i3014666,6.47186
u0031535:i3045616,7.06498
u0031543:i0884732,7.60697
u0031543:i1340138,7.60697
u0031543:i1502712,7.60697
u0031543:i1617661,7.60697
u0031543:i2039393,7.60697
u0031543:i2199571,7.60697
u0031543:i2381941,7.60697
u0031543:i2395427,7.60697
u0031543:i2820852,7.60697
u0031552:i1126590,7.43339
u0031552:i1528100,7.43339
u0031552:i2397535,7.43339
u0031552:i2872718,7.43339
u0031573:i0097165,7.59792
u0031573:i0470752,7.59792
u0031573:i0478970,7.59792
u0031573:i1057500,7.59792
u0031573:i1065073,7.59792
u0031573:i1121096,7.59792
u0031573:i1340138,7.59792
u0031573:i1392190,7.59792
u0031573:i1809398,7.59792
u0031573:i2179136,7.59792
u0031573:i2199571,7.59792
u0031573:i2278388,7.59792
u0031573:i2321549,7.59792
u0031573:i2322441,7.59792
u0031573:i2381249,7.59792
u0031573:i2381941,7.59792
u0031573:i2446042,7.59792
u0031573:i2562232,7.59792
u0031573:i2637276,7.59792
u0031573:i2788710,7.59792
u0031573:i2802144,7.59792
u0031573:i2820852,7.59792
u0031573:i2883512,7.59792
u0031573:i2980516,7.59792
u0031573:i3011894,7.59792
u0031573:i3079380,7.59792
u0031573:i3316960,7.59792
u0031582:i0114369,6.16458
u0031582:i0468569,6.12694
u0031582:i2369135,6.772
u0031582:i2980516,7.2721
u0031582:i3203616,7.10128
u0031592:i0057078,7.47887
u0031592:i0291341,7.47887
u0031592:i1392190,7.47887
u0031632:i2290553,6.71949
u0031632:i2493486,6.71949
u0031632:i3469592,6.71949
u0031655:i1966604,6.61698
u0031655:i2106476,6.58976
u0031655:i2388715,6.86902
u0031655:i2636522,3.38087
u0031658:i1655441,7.17762
u0031658:i2334733,5.6952
u0031658:i2404425,7.2246
u0031658:i2802136,7.38316
u0031721:i0040746,7.5
u0031721:i0118884,7.5
u0031721:i0272152,7.5
u0031721:i0369610,7.5
u0031721:i0470752,7.5
u0031721:i0829150,7.5
u0031721:i1305806,7.5
u0031721:i1392190,7.5
u0031721:i1571249,7.5
u0031721:i1631867,7.5
u0031721:i1780798,7.5
u0031721:i1798684,7.5
u0031721:i2305051,7.5
u0031721:i2339741,7.5
u0031721:i2366608,7.5
u0031721:i2395427,7.5
u0031721:i2446042,7.5
u0031721:i2545118,7.5
u0031721:i2713180,7.5
u0031721:i3235888,7.5
u0031721:i3630276,7.5
u0031754:i0478970,6.99748
u0031754:i1126590,6.99748
u0031754:i1340138,6.99748
u0031754:i1392190,6.99748
u0031754:i1823672,6.99748
u0031754:i2084970,6.99748
u0031754:i2096673,6.99748
u0031754:i2120120,6.99748
u0031754:i2179136,6.99748
u0031754:i2199571,6.99748
u0031754:i2293640,6.99748
u0031754:i2395427,6.99748
u0031754:i2446042,6.99748
u0031754:i2713180,6.99748
u0031754:i2802144,6.99748
u0031754:i2820852,6.99748
u0031764:i0091225,8.43571
u0031764:i0093560,8.43571
u0031764:i0117331,8.43571
u0031764:i1524930,8.43571
u0031773:i0478970,7.18304
u0031773:i1213663,6.93269
u0031773:i1340138,7.25458
u0031773:i1341167,4.5787
u0031773:i1371150,7.20885
u0031773:i1663207,6.80963
u0031773:i1772925,6.39881
u0031773:i1855199,6.33206
u0031773:i1931533,6.73775
u0031773:i2096673,7.26717
u0031773:i2304915,4.06667
u0031773:i2316411,7.27003
u0031773:i2381249,7.23256
u0031773:i2866360,6.90386
u0031814:i0369610,7.2424
u0031814:i1010048,6.21218
u0031814:i1392190,7.17536
u0031831:i0054698,6.39406
u0031831:i0118799,6.06362
u0031831:i0435651,7.09427
u0031831:i0816692,7.06516
u0031831:i0914798,6.42323
u0031831:i1121096,7.20297
u0031831:i1262981,5.09693
u0031831:i1355630,7.10476
u0031831:i1483013,6.63719
u0031831:i1486834,7.12758
u0031831:i1528071,7.2379
u0031831:i1646971,7.19151
u0031831:i1790864,7.06523
u0031831:i1939659,6.97064
u0031831:i2015381,7.10508
u0031831:i2042568,7.15081
u0031831:i2084970,7.29937
u0031831:i2267998,7.18704
u0031845:i0110912,8.22909
u0031845:i1392190,8.22909
u0031845:i1591095,8.22909
u0031845:i1631867,8.22909
u0031845:i2084970,8.22909
u0031845:i2334879,8.22909
u0031845:i2381941,8.22909
u0031864:i0052357,6.56557
u0031864:i0114746,7.0799
u0031864:i0335266,6.40342
u0031864:i0371746,6.42203
u0031864:i0458339,6.96211
u0031864:i0481499,6.32892
u0031864:i0482571,6.00354
u0031864:i0800369,6.83729
u0031864:i0816692,7.0754
u0031864:i1068680,5.47681
u0031864:i1100089,7.30956
u0031864:i1120985,5.96122
u0031864:i1205535,2.48957
u0031864:i1323594,6.96565
u0031864:i1441395,7.33953
u0031864:i1631867,7.2511
u0031864:i1690953,7.00631
u0031864:i1911658,7.34304
u0031864:i2015381,7.14867
u0031864:i2170439,7.18556
u0031864:i2203308,5.9497
u0031864:i2294629,6.94794
u0031864:i2381941,7.26934
u0031864:i2872732,7.24075
u0031864:i2980592,7.23133
u0031864:i2994190,7.15058
u0031871:i0079501,7.74818
u0031871:i0082694,7.74818
u0031871:i0086250,7.74818
u0031871:i0089530,7.74818
u0031871:i0094012,7.74818
u0031871:i0119567,7.74818
u0031871:i0163025,7.74818
u0031871:i0246578,7.74818
u0031871:i0369610,7.74818
u0031871:i0448134,7.74818
u0031871:i0840361,7.74818
u0031871:i1205537,7.74818
u0031871:i1340138,7.74818
u0031871:i1392190,7.74818
u0031871:i1706620,7.74818
u0031871:i2179136,7.74818
u0031871:i2395427,7.74818
u0031879:i2039393,7.55393
u0031879:i2381249,7.55393
u0031879:i2980516,7.55393
u0031879:i3813310,7.55393
u0031880:i0046912,7.50908
u0031880:i0369610,7.50908
u0031880:i1698641,7.50908
u0031880:i1823672,7.50908
u0031880:i2179136,7.50908
u0031880:i2245084,7.50908
u0031880:i2395427,7.50908
u0031880:i2980516,7.50908
u0031880:i3169706,7.50908
u0031880:i3205376,7.50908
u0031880:i3790400,7.50908
u0031894:i0056592,7.37287
u0031894:i0068575,7.37287
u0031894:i0073766,7.37287
u0031894:i0079668,7.37287
u0031894:i0084335,7.37287
u0031894:i0084917,7.37287
u0031894:i0095927,7.37287
u0031894:i0105435,7.37287
u0031894:i0112950,7.37287
u0031894:i0280653,7.37287
u0031894:i0427470,7.37287
u0031894:i0435651,7.37287
u0031894:i0470752,7.37287
u0031894:i0884732,7.37287
u0031894:i1020072,7.37287
u0031894:i1029360,7.37287
u0031894:i1086772,7.37287
u0031894:i1109624,7.37287
u0031894:i1294970,7.37287
u0031894:i1446714,7.37287
u0031894:i1567437,7.37287
u0031894:i1626146,7.37287
u0031894:i1666801,7.37287
u0031894:i1714206,7.37287
u0031894:i1769363,7.37287
u0031894:i1791682,7.37287
u0031894:i1823672,7.37287
u0031894:i1872194,7.37287
u0031894:i1980929,7.37287
u0031894:i2043933,7.37287
u0031894:i2063666,7.37287
u0031894:i2096673,7.37287
u0031894:i2097298,7.37287
u0031894:i2139555,7.37287
u0031894:i2140619,7.37287
u0031894:i2179136,7.37287
u0031894:i2180411,7.37287
u0031894:i2199571,7.37287
u0031894:i2223990,7.37287
u0031894:i2245084,7.37287
u0031894:i2262227,7.37287
u0031894:i2268458,7.37287
u0031894:i2279373,7.37287
u0031894:i2321549,7.37287
u0031894:i2358456,7.37287
u0031894:i2395427,7.37287
u0031894:i2401223,7.37287
u0031894:i2402085,7.37287
u0031894:i2509850,7.37287
u0031894:i2515034,7.37287
u0031894:i2614684,7.37287
u0031894:i2713180,7.37287
u0031894:i2714900,7.37287
u0031894:i2717822,7.37287
u0031894:i2725962,7.37287
u0031894:i2788710,7.37287
u0031894:i2788716,7.37287
u0031894:i2802144,7.37287
u0031894:i2870756,7.37287
u0031894:i2872718,7.37287
u0031894:i2910274,7.37287
u0031894:i2911666,7.37287
u0031894:i2937898,7.37287
u0031894:i2965412,7.37287
u0031894:i3007512,7.37287
u0031894:i3011894,7.37287
u0031894:i3045616,7.37287
u0031894:i3074780,7.37287
u0031894:i3079016,7.37287
u0031894:i3125324,7.37287
u0031894:i3203616,7.37287
u0031894:i3253930,7.37287
u0031894:i3416742,7.37287
u0031894:i3720788,7.37287
u0031920:i0810823,8.12598
u0031920:i0995851,8.12598
u0031920:i1205537,8.12598
u0031920:i2752758,8.12598
u0031944:i1617661,8.14455
u0031944:i2034031,8.14455
u0031944:i2096673,8.14455
u0031944:i2179136,8.14455
u0031944:i2199571,8.14455
u0031944:i2268016,8.14455
u0031944:i2381249,8.14455
u0031944:i2397535,8.14455
u0031944:i2802144,8.14455
u0031947:i0356150,7.60697
u0031947:i0780504,7.60697
u0031947:i0816692,7.60697
u0031947:i1600196,7.60697
u0031947:i1659337,7.60697
u0031947:i1872194,7.60697
u0031947:i2042568,7.60697
u0031947:i2179116,7.60697
u0031947:i2179136,7.60697
u0031947:i2771372,7.60697
u0031947:i2937898,7.60697
u0031996:i0120338,7.05265
u0031996:i0449059,7.05265
u0031996:i0816442,7.05265
u0031996:i2179136,7.05265
u0032005:i0175880,6.92413
u0032005:i0291350,3.63444
u0032005:i1392190,7.18143
u0032005:i1723811,6.6196
u0032005:i2737050,7.27972
u0032005:i2802144,7.2468
u0032005:i3204392,4.4181
u0032005:i3205376,6.97849
u0032012:i0054215,7.92598
u0032012:i0058586,7.92598
u0032012:i0067992,7.92598
u0032012:i0072285,7.92598
u0032012:i0072890,7.92598
u0032012:i0074285,7.92598
u0032012:i0085959,7.92598
u0032012:i0095956,7.92598
u0032012:i0099685,7.92598
u0032012:i0104431,7.92598
u0032012:i0104756,7.92598
u0032012:i0105236,7.92598
u0032012:i0109830,7.92598
u0032012:i0112573,7.92598
u0032012:i0113497,7.92598
u0032012:i0116282,7.92598
u0032012:i0117951,7.92598
u0032012:i0118607,7.92598
u0032012:i0120669,7.92598
u0032012:i0172495,7.92598
u0032012:i0237572,7.92598
u0032012:i0298130,7.92598
u0032012:i0307901,7.92598
u0032012:i0316654,7.92598
u0032012:i0335245,7.92598
u0032012:i0361596,7.92598
u0032012:i0361748,7.92598
u0032012:i0366548,7.92598
u0032012:i0367594,7.92598
u0032012:i0372784,7.92598
u0032012:i0449059,7.92598
u0032012:i0458481,7.92598
u0032012:i0462538,7.92598
u0032012:i0468569,7.92598
u0032012:i0790628,7.92598
u0032012:i0903624,7.92598
u0032012:i0970179,7.92598
u0032012:i0974014,7.92598
u0032012:i0993846,7.92598
u0032012:i1014759,7.92598
u0032012:i1028528,7.92598
u0032012:i1034325,7.92598
u0032012:i1045658,7.92598
u0032012:i1065073,7.92598
u0032012:i1126590,7.92598
u0032012:i1183665,7.92598
u0032012:i1205537,7.92598
u0032012:i1210166,7.92598
u0032012:i1267297,7.92598
u0032012:i1306980,7.92598
u0032012:i1392190,7.92598
u0032012:i1403865,7.92598
u0032012:i1490017,7.92598
u0032012:i1528100,7.92598
u0032012:i1528734,7.92598
u0032012:i1559549,7.92598
u0032012:i1704573,7.92598
u0032012:i1748122,7.92598
u0032012:i1800241,7.92598
u0032012:i1847731,7.92598
u0032012:i1853728,7.92598
u0032012:i1872194,7.92598
u0032012:i1911658,7.92598
u0032012:i1951264,7.92598
u0032012:i1951265,7.92598
u0032012:i2084970,7.92598
u0032012:i2096672,7.92598
u0032012:i2170593,7.92598
u0032012:i2179121,7.92598
u0032012:i2267998,7.92598
u0032012:i2278388,7.92598
u0032012:i2310332,7.92598
u0032012:i2345737,7.92598
u0032012:i2354205,7.92598
u0032012:i2357453,7.92598
u0032012:i2369025,7.92598
u0032012:i2557490,7.92598
u0032012:i2562232,7.92598
u0032012:i2582802,7.92598
u0032012:i2883512,7.92598
u0032012:i2980516,7.92598
u0032012:i3204144,7.92598
u0032012:i3268458,7.92598
u0032012:i3316960,7.92598
u0032012:i3445270,7.92598
u0032012:i4284010,7.92598
u0032026:i0359950,7.92598
u0032026:i0470752,7.92598
u0032026:i1206543,7.92598
u0032026:i1401152,7.92598
u0032026:i1956620,7.92598
u0032026:i2064968,7.92598
u0032026:i2234155,7.92598
u0032026:i2267998,7.92598
u0032026:i2278388,7.92598
u0032026:i2310332,7.92598
u0032026:i2321549,7.92598
u0032026:i2334873,7.92598
u0032026:i2582802,7.92598
u0032032:i0067355,8.44992
u0032032:i0068154,8.44992
u0032032:i0069095,8.44992
u0032032:i0069697,8.44992
u0032032:i0074442,8.44992
u0032032:i0078058,8.44992
u0032032:i0079859,8.44992
u0032032:i0080530,8.44992
u0032032:i0083675,8.44992
u0032032:i0085327,8.44992
u0032032:i0085601,8.44992
u0032032:i0086200,8.44992
u0032032:i0087481,8.44992
u0032032:i0088247,8.44992
u0032032:i0089591,8.44992
u0032032:i0092099,8.44992
u0032032:i0095953,8.44992
u0032032:i0097523,8.44992
u0032032:i0097576,8.44992
u0032032:i0103064,8.44992
u0032032:i0104257,8.44992
u0032032:i0106918,8.44992
u0032032:i0110148,8.44992
u0032032:i0116629,8.44992
u0032032:i0116695,8.44992
u0032032:i0117060,8.44992
u0032032:i0137523,8.44992
u0032032:i0175880,8.44992
u0032032:i0181689,8.44992
u0032032:i0317648,8.44992
u0032032:i0317919,8.44992
u0032032:i0325710,8.44992
u0032032:i0360486,8.44992
u0032032:i0369339,8.44992
u0032032:i0369610,8.44992
u0032032:i0372784,8.44992
u0032032:i0407304,8.44992
u0032032:i0455944,8.44992
u0032032:i0468569,8.44992
u0032032:i0478970,8.44992
u0032032:i0490204,8.44992
u0032032:i0790724,8.44992
u0032032:i0815236,8.44992
u0032032:i0816711,8.44992
u0032032:i0942385,8.44992
u0032032:i0985699,8.44992
u0032032:i0988045,8.44992
u0032032:i1065073,8.44992
u0032032:i1229238,8.44992
u0032032:i1279935,8.44992
u0032032:i1340138,8.44992
u0032032:i1392190,8.44992
u0032032:i1397280,8.44992
u0032032:i1430132,8.44992
u0032032:i1515091,8.44992
u0032032:i1568338,8.44992
u0032032:i1617661,8.44992
u0032032:i1631867,8.44992
u0032032:i1661199,8.44992
u0032032:i1670345,8.44992
u0032032:i1674771,8.44992
u0032032:i1823672,8.44992
u0032032:i1964418,8.44992
u0032032:i2039393,8.44992
u0032032:i2084970,8.44992
u0032032:i2096673,8.44992
u0032032:i2120120,8.44992
u0032032:i2179136,8.44992
u0032032:i2293640,8.44992
u0032032:i2381249,8.44992
u0032032:i2395427,8.44992
u0032032:i2446042,8.44992
u0032032:i2637276,8.44992
u0032032:i2802144,8.44992
u0032032:i2820852,8.44992
u0032032:i2911666,8.44992
u0032032:i3007512,8.44992
u0032032:i3079380,8.44992
u0032032:i3346224,8.44992
u0032032:i3605418,8.44992
u0032032:i3824412,8.44992
u0032063:i0369610,7.40353
u0032063:i1392190,7.40353
u0032063:i1872194,7.40353
u0032063:i2084970,7.40353
u0032063:i2199571,7.40353
u0032063:i2381249,7.40353
u0032063:i2446042,7.40353
u0032063:i2562232,7.40353
u0032063:i2788710,7.40353
u0032063:i2802144,7.40353
u0032063:i2911666,7.40353
u0032063:i3195644,7.40353
u0032083:i2245084,7.24852
u0032083:i2446042,7.24852
u0032083:i2872718,7.24852
u0032089:i0120514,0
u0032089:i0120667,4.97516
u0032089:i0181830,0
u0032089:i0188128,0
u0032089:i0211181,3.7619
u0032089:i0218000,0
u0032089:i0271538,0
u0032089:i0278035,0
u0032089:i0294594,0
u0032089:i0305632,0
u0032089:i0349683,5.61572
u0032089:i0454776,3.77439
u0032089:i0473709,0
u0032089:i0486576,4.10952
u0032089:i0961108,0
u0032089:i1371160,0
u0032089:i3204888,0
u0032127:i0816692,7.03051
u0032127:i2310332,7.03051
u0032127:i2562232,7.03051
u0032127:i2582802,7.03051
u0032127:i2820852,7.03051
u0032127:i2908446,7.03051
u0032157:i2106476,7.03518
u0032157:i2785032,7.03518
u0032157:i3409392,7.03518
u0032165:i1809398,6.37331
u0032165:i1951265,6.37331
u0032165:i2096672,6.37331
u0032165:i2170439,6.37331
u0032165:i2245084,6.37331
u0032165:i2562232,6.37331
u0032165:i2582802,6.37331
u0032165:i2713180,6.37331
u0032165:i2788710,6.37331
u0032165:i2802144,6.37331
u0032165:i2980516,6.37331
u0032187:i0089941,7.42508
u0032187:i0109686,7.42508
u0032187:i0369610,7.42508
u0032187:i1065073,7.42508
u0032187:i1790864,7.42508
u0032187:i2381249,7.42508
u0032187:i3079380,7.42508
u0032189:i0478970,7.92598
u0032189:i1839492,7.92598
u0032189:i1839654,7.92598
u0032189:i2113075,7.92598
u0032189:i2355495,7.92598
u0032189:i2370248,7.92598
u0032189:i2459156,7.92598
u0032189:i3179568,7.92598
u0032230:i0045152,7.23552
u0032230:i0449059,7.23552
u0032230:i1392190,7.23552
u0032230:i1674771,7.23552
u0032230:i2245084,7.23552
u0032230:i2395427,7.23552
u0032250:i0098621,5.81885
u0032250:i0856288,0
u0032250:i1020530,6.15377
u0032250:i1321870,6.77076
u0032250:i1403981,5.81102
u0032250:i1528100,7.37128
u0032250:i1641410,0
u0032250:i2217895,4.53726
u0032250:i2512170,3.48111
u0032250:i2669336,7.1632
u0032273:i0097937,7.11903
u0032273:i1655441,7.11903
u0032273:i1980929,7.11903
u0032273:i2980516,7.11903
u0032285:i0455944,7.60697
u0032285:i1392214,7.60697
u0032285:i1545103,7.60697
u0032285:i1705786,7.60697
u0032285:i2084970,7.60697
u0032285:i2179136,7.60697
u0032285:i2223990,7.60697
u0032285:i2316411,7.60697
u0032285:i2363349,7.60697
u0032285:i2582802,7.60697
u0032285:i2713180,7.60697
u0032291:i0478970,7.19498
u0032291:i1014763,7.00146
u0032291:i1638355,7.22947
u0032291:i3205376,7.08112
u0032307:i0093132,0
u0032307:i0281718,0
u0032307:i0831387,6.97667
u0032307:i1600196,7.25294
u0032307:i1638355,7.26617
u0032307:i2371486,0
u0032307:i2381249,7.2455
u0032307:i2802154,7.27189
u0032307:i3204392,5.30172
u0032307:i3204696,0
u0032307:i3264494,0
u0032307:i3398268,6.90977
u0032307:i4178092,7.00925
u0032346:i0060232,8.26258
u0032346:i0314353,8.26258
u0032346:i1631867,8.26258
u0032346:i2103281,8.26258
u0032346:i2109248,8.26258
u0032346:i2473602,8.26258
u0032346:i2713180,8.26258
u0032346:i2911666,8.26258
u0032346:i3125324,8.26258
u0032374:i2058107,8.15884
u0032374:i2179136,8.15884
u0032374:i2802144,8.15884
u0032374:i2908446,8.15884
u0032374:i2994190,8.15884
u0032374:i3316960,8.15884
u0032381:i0369610,7.43514
u0032381:i1340138,7.43514
u0032381:i1392190,7.43514
u0032381:i2395427,7.43514
u0032381:i2802144,7.43514
u0032381:i2820852,7.43514
u0032381:i3235888,7.43514
u0032391:i0210249,8.5991
u0032391:i1375666,8.5991
u0032391:i2980516,8.5991
u0032404:i0816692,7.67
u0032404:i2015381,7.67
u0032404:i2267998,7.67
u0032414:i0369610,6.70622
u0032414:i0478970,6.70622
u0032414:i1340138,6.70622
u0032414:i1617661,6.70622
u0032414:i2322441,6.70622
u0032414:i2395427,6.70622
u0032414:i2820852,6.70622
u0032440:i1109624,7.68853
u0032440:i1392190,7.68853
u0032440:i1637725,7.68853
u0032440:i1661199,7.68853
u0032440:i1823672,7.68853
u0032440:i1850397,7.68853
u0032440:i2126355,7.68853
u0032440:i2170593,7.68853
u0032440:i2179136,7.68853
u0032440:i2199571,7.68853
u0032440:i2224026,7.68853
u0032440:i2234003,7.68853
u0032440:i2245084,7.68853
u0032440:i2278388,7.68853
u0032440:i2310332,7.68853
u0032440:i2322441,7.68853
u0032440:i2358925,7.68853
u0032440:i2381941,7.68853
u0032440:i2395427,7.68853
u0032440:i2436386,7.68853
u0032440:i2446042,7.68853
u0032440:i2561572,7.68853
u0032440:i2562232,7.68853
u0032440:i2692250,7.68853
u0032440:i2758904,7.68853
u0032440:i2788710,7.68853
u0032440:i2820852,7.68853
u0032440:i2872718,7.68853
u0032440:i2908446,7.68853
u0032440:i3079380,7.68853
u0032440:i3203616,7.68853
u0032440:i3247714,7.68853
u0032440:i3713166,7.68853
u0032451:i0470752,7.12804
u0032451:i0903657,7.12804
u0032451:i1392190,7.12804
u0032451:i1524930,7.12804
u0032451:i1791528,7.12804
u0032451:i2381249,7.12804
u0032451:i2637294,7.12804
u0032451:i2870648,7.12804
u0032470:i1964418,7.17393
u0032470:i2120120,6.88267
u0032470:i2679042,7.00852
u0032473:i0050083,7.60697
u0032473:i0054215,7.60697
u0032473:i0073486,7.60697
u0032473:i0099685,7.60697
u0032473:i0107290,7.60697
u0032473:i0108052,7.60697
u0032473:i0114814,7.60697
u0032473:i0116282,7.60697
u0032473:i0117913,7.60697
u0032473:i0120586,7.60697
u0032473:i0120689,7.60697
u0032473:i0120737,7.60697
u0032473:i0121164,7.60697
u0032473:i0169547,7.60697
u0032473:i0183649,7.60697
u0032473:i0209144,7.60697
u0032473:i0253474,7.60697
u0032473:i0340377,7.60697
u0032473:i0361748,7.60697
u0032473:i0381849,7.60697
u0032473:i0414387,7.60697
u0032473:i0467406,7.60697
u0032473:i0469494,7.60697
u0032473:i0470752,7.60697
u0032473:i0477348,7.60697
u0032473:i0480025,7.60697
u0032473:i0497465,7.60697
u0032473:i0816692,7.60697
u0032473:i0884732,7.60697
u0032473:i0892769,7.60697
u0032473:i0947798,7.60697
u0032473:i0970179,7.60697
u0032473:i0993846,7.60697
u0032473:i1045658,7.60697
u0032473:i1049413,7.60697
u0032473:i1100089,7.60697
u0032473:i1119646,7.60697
u0032473:i1152836,7.60697
u0032473:i1156398,7.60697
u0032473:i1206543,7.60697
u0032473:i1231583,7.60697
u0032473:i1282140,7.60697
u0032473:i1306980,7.60697
u0032473:i1321870,7.60697
u0032473:i1323594,7.60697
u0032473:i1343092,7.60697
u0032473:i1392190,7.60697
u0032473:i1399683,7.60697
u0032473:i1403865,7.60697
u0032473:i1454029,7.60697
u0032473:i1454468,7.60697
u0032473:i1499658,7.60697
u0032473:i1570728,7.60697
u0032473:i1600196,7.60697
u0032473:i1632708,7.60697
u0032473:i1637725,7.60697
u0032473:i1638002,7.60697
u0032473:i1659337,7.60697
u0032473:i1690953,7.60697
u0032473:i1692486,7.60697
u0032473:i1798709,7.60697
u0032473:i1821549,7.60697
u0032473:i1853728,7.60697
u0032473:i1924435,7.60697
u0032473:i1981677,7.60697
u0032473:i2084970,7.60697
u0032473:i2245084,7.60697
u0032473:i2267998,7.60697
u0032473:i2278388,7.60697
u0032473:i2334649,7.60697
u0032473:i2562232,7.60697
u0032473:i2582802,7.60697
u0032473:i2713180,7.60697
u0032473:i2802144,7.60697
u0032473:i2870756,7.60697
u0032473:i2872718,7.60697
u0032473:i2980516,7.60697
u0032473:i3316960,7.60697
u0032476:i1340138,7.68229
u0032476:i2293640,7.68229
u0032476:i2561572,7.68229
u0032476:i2637276,7.68229
u0032476:i2713180,7.68229
u0032476:i2802144,7.68229
u0032476:i4293752,7.68229
u0032480:i0369610,7.25028
u0032480:i2395427,7.31319
u0032480:i2820852,7.21149
u0032505:i0075029,7.15678
u0032505:i1226229,7.15678
u0032505:i2467046,7.15678
u0032519:i0062711,7.51026
u0032519:i0369610,7.51026
u0032519:i1392190,7.51026
u0032519:i1791528,7.51026
u0032519:i2096673,7.51026
u0032519:i2395427,7.51026
u0032519:i2562232,7.51026
u0032519:i3152624,7.51026
u0032519:i3316960,7.51026
u0032519:i3612616,7.51026
u0032523:i1921064,6.84255
u0032523:i2562232,7.30506
u0032523:i2884206,7.29077
u0032523:i2908446,7.15849
u0032535:i1121096,7.71651
u0032535:i1661199,7.71651
u0032535:i1823672,7.71651
u0032535:i2179136,7.71651
u0032535:i2562232,7.71651
u0032556:i0369610,8.18284
u0032556:i0478970,8.18284
u0032556:i1029360,8.18284
u0032556:i1121096,8.18284
u0032556:i1340138,8.18284
u0032556:i1392190,8.18284
u0032556:i1502712,8.18284
u0032556:i1591095,8.18284
u0032556:i1617661,8.18284
u0032556:i1649443,8.18284
u0032556:i1972571,8.18284
u0032556:i2096673,8.18284
u0032556:i2126355,8.18284
u0032556:i2179136,8.18284
u0032556:i2226417,8.18284
u0032556:i2262227,8.18284
u0032556:i2293640,8.18284
u0032556:i2300975,8.18284
u0032556:i2326612,8.18284
u0032556:i2381941,8.18284
u0032556:i2395427,8.18284
u0032556:i2562232,8.18284
u0032556:i2714380,8.18284
u0032556:i2802144,8.18284
u0032556:i2820852,8.18284
u0032556:i2870612,8.18284
u0032556:i2911666,8.18284
u0032556:i2918436,8.18284
u0032556:i2980516,8.18284
u0032556:i3079380,8.18284
u0032556:i3195644,8.18284
u0032604:i0068646,5.94177
u0032604:i0070666,4.99565
u0032604:i0071562,6.10943
u0032604:i0072890,6.28943
u0032604:i0075774,0
u0032604:i0078718,4.76658
u0032604:i0086250,5.82203
u0032604:i0089913,0
u0032604:i0098273,5.21211
u0032604:i0099674,6.08922
u0032604:i0104348,5.10869
u0032604:i0105323,5.47153
u0032604:i0106519,6.17735
u0032604:i0113277,7.05287
u0032604:i0114814,6.4434
u0032604:i0118971,6.58004
u0032604:i0119008,6.5684
u0032604:i0140352,6.65324
u0032604:i0146838,6.17256
u0032604:i0258153,5.15608
u0032604:i0292506,5.98266
u0032604:i0299930,0
u0032604:i0411061,4.94112
u0032604:i0449467,6.42812
u0032604:i0478970,7.20693
u0032604:i0496806,5.85706
u0032604:i0810913,5.06039
u0032604:i1255953,6.19061
u0032604:i1389096,4.04796
u0032604:i1392214,6.59827
u0032604:i1568343,6.65088
u0032604:i1772288,7.14739
u0032604:i1798684,7.14213
u0032604:i2126355,7.32224
u0032604:i2637276,7.00394
u0032641:i2097298,6.99
u0032641:i2199571,7.14014
u0032641:i2381941,7.28256
u0032647:i2322441,7.36558
u0032647:i3011894,7.31705
u0032647:i3230668,0
u0032656:i0056592,7.62679
u0032656:i0088247,7.62679
u0032656:i0088763,7.62679
u0032656:i0096874,7.62679
u0032656:i0104990,7.62679
u0032656:i0358273,7.62679
u0032656:i0369610,7.62679
u0032656:i0438488,7.62679
u0032656:i0470752,7.62679
u0032656:i0478970,7.62679
u0032656:i1020072,7.62679
u0032656:i1126590,7.62679
u0032656:i1340138,7.62679
u0032656:i1371150,7.62679
u0032656:i1442519,7.62679
u0032656:i1502712,7.62679
u0032656:i1567437,7.62679
u0032656:i1661199,7.62679
u0032656:i1714915,7.62679
u0032656:i1809398,7.62679
u0032656:i1810683,7.62679
u0032656:i1980929,7.62679
u0032656:i2084970,7.62679
u0032656:i2096673,7.62679
u0032656:i2097298,7.62679
u0032656:i2120120,7.62679
u0032656:i2179136,7.62679
u0032656:i2182972,7.62679
u0032656:i2224026,7.62679
u0032656:i2235108,7.62679
u0032656:i2293640,7.62679
u0032656:i2294629,7.62679
u0032656:i2322441,7.62679
u0032656:i2381249,7.62679
u0032656:i2395427,7.62679
u0032656:i2397535,7.62679
u0032656:i2474024,7.62679
u0032656:i2555736,7.62679
u0032656:i2582802,7.62679
u0032656:i2718492,7.62679
u0032656:i2737050,7.62679
u0032656:i2752688,7.62679
u0032656:i2820852,7.62679
u0032656:i2872718,7.62679
u0032656:i2980516,7.62679
u0032656:i3235888,7.62679
u0032656:i3316960,7.62679
u0032656:i3499048,7.62679
u0032656:i3576842,7.62679
u0032656:i4643580,7.62679
u0032674:i0137523,6.63174
u0032674:i0393109,5.56687
u0032674:i0470752,7.23388
u0032674:i2278388,7.19886
u0032674:i2359024,7.0729
u0032703:i0478970,6.84283
u0032703:i0948470,6.84283
u0032703:i1392190,6.84283
u0032703:i1872181,6.84283
u0032703:i1951265,6.84283
u0032703:i2395427,6.84283
u0032753:i0038854,7.98899
u0032753:i0047495,7.98899
u0032753:i0053168,7.98899
u0032753:i0057358,7.98899
u0032753:i0060107,7.98899
u0032753:i0063671,7.98899
u0032753:i0068361,7.98899
u0032753:i0074749,7.98899
u0032753:i0080678,7.98899
u0032753:i0086837,7.98899
u0032753:i0094027,7.98899
u0032753:i0102603,7.98899
u0032753:i0102757,7.98899
u0032753:i0369610,7.98899
u0032753:i0400525,7.98899
u0032753:i1288558,7.98899
u0032753:i1371150,7.98899
u0032753:i1397280,7.98899
u0032753:i1791528,7.98899
u0032753:i2084970,7.98899
u0032753:i2126355,7.98899
u0032753:i2179136,7.98899
u0032753:i2381249,7.98899
u0032753:i2382298,7.98899
u0032753:i2395427,7.98899
u0032753:i2515034,7.98899
u0032753:i2561572,7.98899
u0032753:i2637276,7.98899
u0032753:i2820852,7.98899
u0032753:i2911666,7.98899
u0032753:i3045616,7.98899
u0032753:i3079380,7.98899
u0032753:i3235888,7.98899
u0032753:i3316960,7.98899
u0032756:i0087803,7.60697
u0032756:i0110413,7.60697
u0032756:i0115639,7.60697
u0032756:i0301357,7.60697
u0032756:i0338013,7.60697
u0032756:i0947798,7.60697
u0032756:i2347569,7.60697
u0032756:i2395427,7.60697
u0032756:i2980516,7.60697
u0032788:i0078346,7.34977
u0032788:i0265086,7.34977
u0032788:i2101441,7.34977
u0032809:i0369610,7.05907
u0032809:i0478970,7.05907
u0032809:i1085492,7.05907
u0032809:i1216491,7.05907
u0032809:i1343727,7.05907
u0032809:i1872194,7.05907
u0032809:i2088003,7.05907
u0032809:i2209764,7.05907
u0032809:i2381941,7.05907
u0032809:i2883512,7.05907
u0032809:i2908446,7.05907
u0032809:i3079380,7.05907
u0032810:i0117381,7.82939
u0032810:i0144084,7.82939
u0032810:i0918927,7.82939
u0032810:i1136608,7.82939
u0032810:i1648179,7.82939
u0032810:i1840309,7.82939
u0032810:i2015381,7.82939
u0032810:i2084970,7.82939
u0032810:i2103281,7.82939
u0032810:i2170593,7.82939
u0032810:i2278388,7.82939
u0032810:i2321549,7.82939
u0032810:i2562232,7.82939
u0032810:i2802144,7.82939
u0032810:i2872718,7.82939
u0032810:i2980516,7.82939
u0032810:i3011894,7.82939
u0032810:i3322940,7.82939
u0032834:i0470752,7.18143
u0032834:i2305051,7.18143
u0032834:i2339741,7.18143
u0032834:i2910814,7.18143
u0032837:i0102926,6.83384
u0032837:i0390384,6.83384
u0032837:i1450321,6.83384
u0032837:i1706620,6.83384
u0032837:i2014338,6.83384
u0032837:i2397535,6.83384
u0032837:i2562232,6.83384
u0032837:i2911666,6.83384
u0032868:i0365907,7.65983
u0032868:i1148204,7.65983
u0032868:i1726592,7.65983
u0032868:i1872194,7.65983
u0032868:i1911658,7.65983
u0032868:i1945084,7.65983
u0032868:i2179136,7.65983
u0032868:i2446042,7.65983
u0032868:i2713180,7.65983
u0032868:i2911666,7.65983
u0032868:i3480796,7.65983
u0032875:i0081398,7.89127
u0032875:i1392190,7.89127
u0032875:i1956620,7.89127
u0032875:i2084970,7.89127
u0032875:i2179136,7.89127
u0032875:i2562232,7.89127
u0032875:i2802144,7.89127
u0032875:i3767372,7.89127
u0032875:i3863552,7.89127
u0032901:i0369610,7.25817
u0032901:i0455944,7.17466
u0032901:i0478970,7.2189
u0032901:i1132285,5.89282
u0032901:i1798684,7.16898
u0032901:i1964418,7.20472
u0032901:i2096673,7.28304
u0032901:i2120120,6.94358
u0032901:i2179136,7.36826
u0032901:i2199571,7.16564
u0032901:i2381941,7.2958
u0032901:i2395427,7.32111
u0032901:i2436386,7.27796
u0032901:i2582802,7.29352
u0032901:i2802144,7.25364
u0032901:i2820852,7.22099
u0032901:i3181822,7.26583
u0032901:i4178092,7.0773
u0032912:i0369610,6.37331
u0032912:i1109624,6.37331
u0032912:i1666801,6.37331
u0032912:i2084970,6.37331
u0032912:i2096673,6.37331
u0032912:i2170439,6.37331
u0032912:i2224026,6.37331
u0032912:i2395427,6.37331
u0032912:i2582802,6.37331
u0032912:i2692250,6.37331
u0032912:i2820852,6.37331
u0032912:i2980516,6.37331
u0032934:i1086772,7.34285
u0032934:i1371150,7.34285
u0032934:i2096672,7.34285
u0032934:i2170439,7.34285
u0032934:i2224026,7.34285
u0032934:i2294449,7.34285
u0032934:i2395427,7.34285
u0032934:i2848292,7.34285
u0032963:i2084970,7.60697
u0032963:i2582802,7.60697
u0032963:i2980516,7.60697
u0032963:i3169706,7.60697
u0032963:i3316960,7.60697
u0032965:i2096673,7.29894
u0032965:i2097298,7.11482
u0032965:i4229236,6.91961
u0033000:i0123755,7.60782
u0033000:i0478970,7.60782
u0033000:i0997152,7.60782
u0033000:i1029360,7.60782
u0033000:i1219289,7.60782
u0033000:i1401152,7.60782
u0033000:i1502712,7.60782
u0033000:i1524575,7.60782
u0033000:i1617661,7.60782
u0033000:i1727770,7.60782
u0033000:i1881002,7.60782
u0033000:i2096673,7.60782
u0033000:i2126355,7.60782
u0033000:i2309260,7.60782
u0033000:i2381249,7.60782
u0033000:i2381941,7.60782
u0033000:i2669336,7.60782
u0033000:i2802144,7.60782
u0033000:i2918436,7.60782
u0033000:i3064298,7.60782
u0033000:i3235888,7.60782
u0033000:i3713166,7.60782
u0033025:i1837613,7.60697
u0033025:i2177771,7.60697
u0033025:i2360446,7.60697
u0033025:i2802144,7.60697
u0033025:i2872718,7.60697
u0033025:i2872732,7.60697
u0033025:i3265262,7.60697
u0033026:i0414387,7.27522
u0033026:i0816692,7.27522
u0033026:i1588170,7.27522
u0033026:i2179136,7.27522
u0033026:i2582802,7.27522
u0033106:i0119177,7.13485
u0033106:i0120755,7.13485
u0033106:i1877832,7.13485
u0033106:i2024469,7.13485
u0033106:i2369135,7.13485
u0033111:i0120686,0
u0033111:i0339291,3.20643
u0033111:i1065073,7.24036
u0033111:i1086772,6.96133
u0033111:i1126590,7.39433
u0033111:i1454468,6.64534
u0033111:i1457767,6.39142
u0033111:i1661199,7.29435
u0033111:i2180411,7.22338
u0033111:i2224026,7.24401
u0033111:i2267998,7.20474
u0033111:i2387559,6.71912
u0033111:i3316960,7.25758
u0033116:i0081505,7.50908
u0033116:i0110413,7.50908
u0033116:i0369610,7.50908
u0033116:i0470752,7.50908
u0033116:i0770828,7.50908
u0033116:i0816692,7.50908
u0033116:i0831387,7.50908
u0033116:i1065073,7.50908
u0033116:i1972571,7.50908
u0033116:i2170439,7.50908
u0033116:i2267998,7.50908
u0033116:i2561572,7.50908
u0033116:i2582802,7.50908
u0033116:i2582846,7.50908
u0033116:i2637276,7.50908
u0033116:i2802144,7.50908
u0033116:i2872718,7.50908
u0033116:i2872732,7.50908
u0033116:i2994190,7.50908
u0033128:i0369610,7.67
u0033128:i0435651,7.67
u0033128:i0796366,7.67
u0033128:i1392190,7.67
u0033128:i1454468,7.67
u0033128:i1809398,7.67
u0033128:i2170593,7.67
u0033128:i2322441,7.67
u0033128:i2562232,7.67
u0033128:i2713180,7.67
u0033128:i2802144,7.67
u0033128:i2908446,7.67
u0033128:i2980648,7.67
u0033128:i3152624,7.67
u0033130:i0075005,6.46711
u0033130:i0087751,6.46711
u0033130:i0093748,6.46711
u0033130:i0100157,6.46711
u0033130:i0105236,6.46711
u0033130:i0118715,6.46711
u0033130:i0123964,6.46711
u0033130:i0206634,6.46711
u0033130:i0327056,6.46711
u0033130:i0361862,6.46711
u0033130:i0469494,6.46711
u0033130:i1631867,6.46711
u0033130:i1781922,6.46711
u0033130:i1865505,6.46711
u0033130:i2004420,6.46711
u0033130:i2039393,6.46711
u0033130:i2278388,6.46711
u0033130:i2582802,6.46711
u0033130:i2872718,6.46711
u0033130:i3168230,6.46711
u0033137:i0470752,7.67
u0033137:i0480249,7.67
u0033137:i0790724,7.67
u0033137:i0816692,7.67
u0033137:i0848228,7.67
u0033137:i0903624,7.67
u0033137:i1170358,7.67
u0033137:i1219289,7.67
u0033137:i1243974,7.67
u0033137:i1270798,7.67
u0033137:i1392190,7.67
u0033137:i1454468,7.67
u0033137:i1528100,7.67
u0033137:i1599348,7.67
u0033137:i1617661,7.67
u0033137:i1637688,7.67
u0033137:i1655441,7.67
u0033137:i1661199,7.67
u0033137:i1726592,7.67
u0033137:i1809398,7.67
u0033137:i1872181,7.67
u0033137:i1951265,7.67
u0033137:i1972779,7.67
u0033137:i2084970,7.67
u0033137:i2179136,7.67
u0033137:i2278388,7.67
u0033137:i2310332,7.67
u0033137:i2322441,7.67
u0033137:i2381941,7.67
u0033137:i2582802,7.67
u0033137:i2802144,7.67
u0033137:i2820852,7.67
u0033137:i2980516,7.67
u0033137:i3045616,7.67
u0033137:i3181822,7.67
u0033137:i3316960,7.67
u0033146:i0066921,7.60697
u0033146:i0080745,7.60697
u0033146:i0086443,7.60697
u0033146:i0090728,7.60697
u0033146:i0105695,7.60697
u0033146:i0130827,7.60697
u0033146:i0438488,7.60697
u0033146:i1661199,7.60697
u0033146:i1843866,7.60697
u0033146:i2015381,7.60697
u0033146:i2109248,7.60697
u0033146:i2395427,7.60697
u0033159:i0095327,7.92598
u0033159:i0401383,7.92598
u0033159:i0816692,7.92598
u0033159:i2802144,7.92598
u0033166:i0101746,7.73778
u0033166:i0134273,7.73778
u0033166:i0247425,7.73778
u0033166:i1065073,7.73778
u0033166:i1397280,7.73778
u0033166:i1682180,7.73778
u0033166:i1727388,7.73778
u0033166:i1798709,7.73778
u0033166:i1932718,7.73778
u0033166:i1979320,7.73778
u0033166:i2140373,7.73778
u0033166:i2170299,7.73778
u0033166:i2203939,7.73778
u0033166:i2364841,7.73778
u0033166:i2582802,7.73778
u0033209:i0280380,3.81635
u0033209:i1298594,0
u0033209:i1988621,6.76327
u0033209:i2229377,3.18665
u0033209:i2273657,6.88194
u0033209:i2517300,0
u0033209:i3042408,6.55395
u0033224:i1276419,8.05091
u0033224:i1850397,8.05091
u0033224:i2935476,8.05091
u0033224:i2948790,8.05091
u0033255:i0105323,5.66695
u0033255:i0117913,6.16748
u0033255:i0130827,6.6031
u0033255:i0375679,6.49655
u0033255:i0887912,7.13482
u0033255:i1020072,7.42286
u0033255:i1120985,6.29239
u0033255:i1198156,6.69498
u0033255:i1305806,6.45862
u0033255:i1392190,7.1875
u0033255:i1964418,7.23564
u0033255:i2106476,6.73302
u0033255:i2381941,7.30907
u0033255:i2820852,7.23051
u0033255:i2848292,7.26353
u0033255:i3042408,6.64626
u0033258:i0038650,8.12598
u0033258:i0072890,8.12598
u0033258:i0114814,8.12598
u0033258:i0230838,8.12598
u0033258:i1375666,8.12598
u0033258:i2278388,8.12598
u0033258:i2562232,8.12598
u0033258:i2582802,8.12598
u0033258:i2884206,8.12598
u0033258:i2980516,8.12598
u0033264:i0369610,7.26606
u0033264:i1392190,7.19358
u0033264:i1964418,7.2667
u0033264:i2908446,7.17837
u0033271:i0398017,6.69719
u0033271:i0409345,6.69719
u0033271:i0455944,6.69719
u0033271:i1603257,6.69719
u0033271:i2179136,6.69719
u0033295:i1091191,7.60697
u0033295:i1193138,7.60697
u0033295:i1587310,7.60697
u0033295:i1772341,7.60697
u0033295:i2293640,7.60697
u0033298:i0816692,7.92598
u0033298:i1392190,7.92598
u0033298:i2395427,7.92598
u0033298:i2802144,7.92598
u0033310:i0063829,7.67
u0033310:i0415234,7.67
u0033310:i0789770,7.67
u0033310:i0900387,7.67
u0033310:i1772288,7.67
u0033310:i2275946,7.67
u0033310:i2555736,7.67
u0033310:i2852376,7.67
u0033310:i4076058,7.67
u0033347:i0108550,7.22404
u0033347:i1063669,7.22404
u0033347:i1266029,7.22404
u0033347:i1596753,7.22404
u0033347:i1954701,7.22404
u0033347:i1979320,7.22404
u0033347:i2013293,7.22404
u0033347:i2459156,7.22404
u0033356:i0050083,7.01876
u0033356:i0102926,7.01876
u0033356:i0166924,7.01876
u0033356:i0246578,7.01876
u0033356:i0327056,7.01876
u0033356:i0361862,7.01876
u0033356:i0443706,7.01876
u0033356:i0765443,7.01876
u0033356:i1139328,7.01876
u0033356:i1255953,7.01876
u0033356:i1832382,7.01876
u0033356:i1872194,7.01876
u0033356:i2084970,7.01876
u0033356:i2359024,7.01876
u0033356:i2562232,7.01876
u0033356:i2582802,7.01876
u0033356:i2802144,7.01876
u0033356:i2872718,7.01876
u0033395:i0488120,6.39806
u0033395:i2273657,6.94876
u0033395:i2515030,7.10052
u0033403:i0478087,6.02231
u0033403:i1187043,6.45662
u0033403:i2582802,7.30158
u0033408:i1674771,7.13426
u0033408:i2370248,7.04083
u0033408:i3622592,6.9027
u0033450:i0369610,7.50908
u0033450:i1029360,7.50908
u0033450:i1340138,7.50908
u0033450:i2126355,7.50908
u0033450:i2305051,7.50908
u0033450:i2381249,7.50908
u0033450:i2381941,7.50908
u0033450:i2872718,7.50908
u0033461:i0187393,7.093
u0033461:i0369610,7.093
u0033461:i0816692,7.093
u0033461:i2199571,7.093
u0033461:i2381941,7.093
u0033461:i3203616,7.093
u0033472:i0053472,7.92598
u0033472:i0054632,7.92598
u0033472:i0057012,7.92598
u0033472:i0075314,7.92598
u0033472:i0093058,7.92598
u0033472:i0097216,7.92598
u0033472:i1318514,7.92598
u0033472:i2582802,7.92598
u0033472:i3416742,7.92598
u0033482:i0114814,7.619
u0033482:i0146882,7.619
u0033482:i1602613,7.619
u0033502:i0065377,7.73425
u0033502:i0079501,7.73425
u0033502:i0079640,7.73425
u0033502:i0080365,7.73425
u0033502:i0082694,7.73425
u0033502:i0089469,7.73425
u0033502:i0093894,7.73425
u0033502:i0105219,7.73425
u0033502:i0106664,7.73425
u0033502:i0107076,7.73425
u0033502:i0110116,7.73425
u0033502:i0116225,7.73425
u0033502:i0119225,7.73425
u0033502:i0120179,7.73425
u0033502:i0127723,7.73425
u0033502:i0206275,7.73425
u0033502:i0312549,7.73425
u0033502:i0365907,7.73425
u0033502:i0369610,7.73425
u0033502:i0435651,7.73425
u0033502:i0437800,7.73425
u0033502:i0443559,7.73425
u0033502:i0455944,7.73425
u0033502:i0457502,7.73425
u0033502:i0910905,7.73425
u0033502:i1020072,7.73425
u0033502:i1045772,7.73425
u0033502:i1065073,7.73425
u0033502:i1100089,7.73425
u0033502:i1178640,7.73425
u0033502:i1179031,7.73425
u0033502:i1211956,7.73425
u0033502:i1226753,7.73425
u0033502:i1291150,7.73425
u0033502:i1294970,7.73425
u0033502:i1320253,7.73425
u0033502:i1371150,7.73425
u0033502:i1528100,7.73425
u0033502:i1535970,7.73425
u0033502:i1600196,7.73425
u0033502:i1623205,7.73425
u0033502:i1742044,7.73425
u0033502:i1764651,7.73425
u0033502:i1790864,7.73425
u0033502:i1791528,7.73425
u0033502:i1800246,7.73425
u0033502:i1809398,7.73425
u0033502:i1912398,7.73425
u0033502:i1951265,7.73425
u0033502:i2015381,7.73425
u0033502:i2084970,7.73425
u0033502:i2103254,7.73425
u0033502:i2170593,7.73425
u0033502:i2179136,7.73425
u0033502:i2238050,7.73425
u0033502:i2247476,7.73425
u0033502:i2267998,7.73425
u0033502:i2333784,7.73425
u0033502:i2345112,7.73425
u0033502:i2345737,7.73425
u0033502:i2381941,7.73425
u0033502:i2518788,7.73425
u0033502:i2562232,7.73425
u0033502:i2582802,7.73425
u0033502:i2713180,7.73425
u0033502:i2752688,7.73425
u0033502:i2788710,7.73425
u0033502:i2848292,7.73425
u0033502:i2870708,7.73425
u0033502:i2872718,7.73425
u0033502:i2872732,7.73425
u0033502:i2911666,7.73425
u0033502:i2980516,7.73425
u0033502:i4008652,7.73425
u0033530:i1024648,7.44929
u0033530:i2405862,7.44929
u0033530:i2548738,7.44929
u0033530:i2980516,7.44929
u0033536:i0117913,6.46117
u0033536:i0119008,6.78029
u0033536:i0878804,6.58326
u0033536:i1210819,7.15047
u0033536:i3713166,7.14555
u0033538:i1392190,7.19966
u0033538:i2120120,7.00503
u0033538:i2820852,7.24003
u0033592:i0369610,7.95445
u0033592:i2381941,7.95445
u0033592:i2404425,7.95445
u0033592:i3810932,7.95445
u0033594:i0092563,7.89677
u0033594:i0096380,7.89677
u0033594:i0243655,7.89677
u0033594:i0255798,7.89677
u0033594:i0369610,7.89677
u0033594:i0993846,7.89677
u0033594:i1172570,7.89677
u0033594:i1409024,7.89677
u0033594:i1712170,7.89677
u0033594:i1798684,7.89677
u0033594:i1823664,7.89677
u0033594:i1838544,7.89677
u0033594:i1904845,7.89677
u0033594:i1981677,7.89677
u0033594:i2015381,7.89677
u0033594:i2055709,7.89677
u0033594:i2309977,7.89677
u0033594:i2321549,7.89677
u0033594:i2562232,7.89677
u0033594:i3117806,7.89677
u0033594:i3442006,7.89677
u0033594:i3455224,7.89677
u0033594:i3612232,7.89677
u0033594:i4640446,7.89677
u0033628:i0470752,7.70882
u0033628:i1697064,7.70882
u0033628:i1772288,7.70882
u0033628:i1872194,7.70882
u0033628:i1921149,7.70882
u0033628:i2582802,7.70882
u0033628:i3074780,7.70882
u0033628:i3279124,7.70882
u0033630:i0090305,6.88138
u0033630:i0137523,6.88138
u0033630:i0367188,6.88138
u0033630:i0381061,6.88138
u0033630:i0758758,6.88138
u0033630:i1345836,6.88138
u0033630:i1366365,6.88138
u0033630:i1502404,6.88138
u0033630:i1606378,6.88138
u0033630:i1840309,6.88138
u0033630:i1956620,6.88138
u0033630:i1981677,6.88138
u0033630:i2278388,6.88138
u0033630:i2473794,6.88138
u0033630:i2692250,6.88138
u0033630:i2713180,6.88138
u0033630:i2802144,6.88138
u0033630:i2908446,6.88138
u0033679:i0369610,7.72229
u0033679:i0770703,7.72229
u0033679:i1600196,7.72229
u0033679:i1972571,7.72229
u0033679:i2103267,7.72229
u0033679:i2381941,7.72229
u0033699:i1321511,7.60697
u0033699:i1396226,7.60697
u0033699:i1528100,7.60697
u0033699:i1726592,7.60697
u0033699:i1772264,7.60697
u0033699:i1781922,7.60697
u0033699:i1809398,7.60697
u0033699:i2039393,7.60697
u0033699:i2084970,7.60697
u0033699:i2179136,7.60697
u0033699:i2361700,7.60697
u0033699:i2452200,7.60697
u0033699:i2515034,7.60697
u0033699:i2562232,7.60697
u0033699:i2726560,7.60697
u0033699:i2802144,7.60697
u0033699:i2870612,7.60697
u0033699:i2980516,7.60697
u0033699:i3170902,7.60697
u0033743:i0096928,6.83384
u0033743:i0108052,6.83384
u0033743:i0364569,6.83384
u0033743:i0369610,6.83384
u0033743:i1877832,6.83384
u0033743:i2015381,6.83384
u0033743:i2397535,6.83384
u0033743:i3263614,6.83384
u0033749:i0094862,3.92807
u0033749:i0099253,3.75454
u0033749:i0103956,0
u0033749:i0113497,6.73781
u0033749:i0120338,5.53181
u0033749:i0144120,4.94742
u0033749:i0387575,4.08099
u0033749:i0468536,0
u0033749:i1999995,5.59649
u0033749:i2446042,7.3237
u0033753:i0478970,6.56324
u0033753:i1340138,6.56324
u0033753:i1441395,6.56324
u0033753:i1655441,6.56324
u0033753:i1661199,6.56324
u0033753:i2261331,6.56324
u0033753:i2293640,6.56324
u0033753:i2637276,6.56324
u0033758:i0458481,7.59005
u0033758:i1205537,7.59005
u0033758:i1392190,7.59005
u0033758:i1661199,7.59005
u0033758:i1924435,7.59005
u0033758:i2084970,7.59005
u0033758:i2322441,7.59005
u0033758:i2333784,7.59005
u0033758:i2788710,7.59005
u0033758:i2802144,7.59005
u0033758:i2820852,7.59005
u0033758:i2911666,7.59005
u0033758:i3713166,7.59005
u0033773:i0079116,7.60697
u0033773:i0107207,7.60697
u0033773:i0137523,7.60697
u0033773:i0208092,7.60697
u0033773:i0816692,7.60697
u0033773:i1189340,7.60697
u0033773:i2179136,7.60697
u0033773:i2278388,7.60697
u0033773:i2980516,7.60697
u0033773:i3042408,7.60697
u0033776:i0212879,0
u0033776:i0296042,4.08588
u0033776:i0352465,0
u0033776:i0361668,0
u0033776:i1398426,7.30968
u0033776:i3354222,0
u0033800:i0369610,8.20066
u0033800:i0478970,8.20066
u0033800:i1187043,8.20066
u0033800:i1243974,8.20066
u0033800:i1340138,8.20066
u0033800:i1661199,8.20066
u0033800:i1791682,8.20066
u0033800:i1823664,8.20066
u0033800:i1964418,8.20066
u0033800:i2084970,8.20066
u0033800:i2191082,8.20066
u0033800:i2305051,8.20066
u0033800:i2322441,8.20066
u0033800:i2381249,8.20066
u0033800:i2395427,8.20066
u0033800:i2726560,8.20066
u0033800:i2802144,8.20066
u0033800:i2820852,8.20066
u0033800:i2908446,8.20066
u0033800:i2980516,8.20066
u0033803:i0369610,8.09409
u0033803:i1340138,8.09409
u0033803:i2077886,8.09409
u0033803:i2120120,8.09409
u0033803:i2381249,8.09409
u0033807:i1823672,7.30733
u0033807:i3079380,7.15661
u0033807:i3863552,7.01302
u0033821:i0293715,7.10271
u0033821:i1798709,7.10271
u0033821:i2179136,7.10271
u0033821:i2267998,7.10271
u0033821:i2322441,7.10271
u0033831:i0319061,7.63196
u0033831:i1135503,7.63196
u0033831:i1392190,7.63196
u0033831:i1655441,7.63196
u0033831:i1872818,7.63196
u0033831:i1964418,7.63196
u0033831:i2084970,7.63196
u0033831:i2278388,7.63196
u0033831:i2395427,7.63196
u0033831:i2802144,7.63196
u0033833:i0369610,7.61124
u0033833:i1392190,7.61124
u0033833:i2369135,7.61124
u0033833:i2395427,7.61124
u0033833:i2397535,7.61124
u0033833:i2562232,7.61124
u0033833:i2820852,7.61124
u0033833:i2911666,7.61124
u0033833:i2980516,7.61124
u0033845:i1655441,7.67
u0033845:i2267998,7.67
u0033845:i3268458,7.67
u0033859:i0369610,7.60697
u0033859:i0884732,7.60697
u0033859:i1392190,7.60697
u0033859:i2179136,7.60697
u0033859:i2381941,7.60697
u0033859:i2395427,7.60697
u0033859:i2436386,7.60697
u0033859:i2820852,7.60697
u0033859:i3079380,7.60697
u0033871:i0092067,6.8344
u0033871:i0369610,6.8344
u0033871:i0401729,6.8344
u0033871:i1528100,6.8344
u0033871:i2084970,6.8344
u0033871:i2103281,6.8344
u0033871:i2395427,6.8344
u0033891:i0436374,6.95423
u0033891:i1255953,6.95423
u0033891:i1392190,6.95423
u0033891:i2872718,6.95423
u0033891:i3079380,6.95423
u0033891:i3316960,6.95423
u0033891:i3442006,6.95423
u0033923:i0088323,7.41959
u0033923:i0133240,7.41959
u0033923:i0230011,7.41959
u0033923:i0365907,7.41959
u0033923:i0450259,7.41959
u0033923:i0455944,7.41959
u0033923:i0478311,7.41959
u0033923:i0480249,7.41959
u0033923:i0499549,7.41959
u0033923:i1045658,7.41959
u0033923:i1119646,7.41959
u0033923:i1231583,7.41959
u0033923:i1245492,7.41959
u0033923:i1285016,7.41959
u0033923:i1318514,7.41959
u0033923:i1343092,7.41959
u0033923:i1401152,7.41959
u0033923:i1458175,7.41959
u0033923:i1499658,7.41959
u0033923:i1528071,7.41959
u0033923:i1637725,7.41959
u0033923:i2911666,7.41959
u0033947:i0110357,7.60697
u0033947:i2179136,7.60697
u0033947:i2245084,7.60697
u0033954:i0369610,8.33679
u0033954:i0478970,8.33679
u0033954:i1392190,8.33679
u0033954:i1524930,8.33679
u0033954:i2179136,8.33679
u0033954:i2245084,8.33679
u0033954:i2395427,8.33679
u0033954:i2802144,8.33679
u0033959:i0478970,7.60697
u0033959:i1243974,7.60697
u0033959:i1392190,7.60697
u0033959:i1638002,7.60697
u0033959:i2126355,7.60697
u0033959:i2179136,7.60697
u0033959:i2381941,7.60697
u0033959:i2395427,7.60697
u0033959:i2582802,7.60697
u0033959:i2802144,7.60697
u0033959:i3316960,7.60697
u0033984:i1617661,7.56607
u0033984:i1661199,7.56607
u0033984:i2381941,7.56607
u0033984:i3450650,7.56607
u0034017:i0107290,7.21383
u0034017:i0119567,7.21383
u0034017:i0163025,7.21383
u0034017:i0369610,7.21383
u0034017:i0787474,7.21383
u0034017:i1100089,7.21383
u0034017:i1490017,7.21383
u0034017:i1587310,7.21383
u0034017:i1646971,7.21383
u0034017:i1872194,7.21383
u0034017:i1877832,7.21383
u0034017:i1980929,7.21383
u0034017:i2015381,7.21383
u0034017:i2084970,7.21383
u0034017:i2103281,7.21383
u0034017:i2179136,7.21383
u0034017:i2180411,7.21383
u0034017:i2267998,7.21383
u0034017:i2305051,7.21383
u0034017:i2562232,7.21383
u0034017:i2576852,7.21383
u0034017:i2582802,7.21383
u0034017:i2737050,7.21383
u0034017:i2872718,7.21383
u0034017:i2980516,7.21383
u0034033:i0118966,7.79286
u0034033:i0120815,7.79286
u0034033:i0434409,7.79286
u0034033:i0816692,7.79286
u0034033:i1121096,7.79286
u0034033:i1340138,7.79286
u0034033:i1392190,7.79286
u0034033:i1528100,7.79286
u0034033:i1617661,7.79286
u0034033:i1872194,7.79286
u0034033:i2039393,7.79286
u0034033:i2084970,7.79286
u0034033:i2179136,7.79286
u0034033:i2446042,7.79286
u0034033:i2561572,7.79286
u0034033:i2692250,7.79286
u0034033:i2713180,7.79286
u0034033:i2820852,7.79286
u0034033:i2872718,7.79286
u0034033:i2911666,7.79286
u0034033:i3247714,7.79286
u0034056:i0098206,7.37504
u0034056:i1119646,7.37504
u0034056:i1398426,7.37504
u0034056:i1524930,7.37504
u0034056:i1638355,7.37504
u0034056:i1781922,7.37504
u0034056:i2273657,7.37504
u0034063:i0120679,7.97525
u0034063:i0253474,7.97525
u0034063:i0446755,7.97525
u0034063:i1355630,7.97525
u0034063:i1392190,7.97525
u0034063:i1398426,7.97525
u0034063:i1726592,7.97525
u0034063:i2084970,7.97525
u0034063:i2103281,7.97525
u0034063:i2179136,7.97525
u0034063:i2267998,7.97525
u0034063:i2278388,7.97525
u0034063:i2310332,7.97525
u0034063:i2334649,7.97525
u0034063:i2562232,7.97525
u0034063:i2582802,7.97525
u0034063:i2872718,7.97525
u0034063:i3149038,7.97525
u0034063:i3179568,7.97525
u0034063:i3235888,7.97525
u0034083:i1570728,6.94696
u0034083:i2582802,7.30963
u0034083:i2911666,7.35026
u0034089:i0369610,7.27397
u0034089:i2582802,7.3177
u0034089:i3045616,7.12289
u0034092:i0092005,6.83384
u0034092:i0243155,6.83384
u0034092:i0369610,6.83384
u0034092:i0420293,6.83384
u0034092:i1392190,6.83384
u0034092:i1424797,6.83384
u0034092:i2245084,6.83384
u0034092:i2305051,6.83384
u0034092:i2582496,6.83384
u0034092:i2848292,6.83384
u0034092:i2910274,6.83384
u0034092:i3235888,6.83384
u0034092:i3850214,6.83384
u0034093:i0203119,7.46328
u0034093:i0369610,7.46328
u0034093:i1243974,7.46328
u0034093:i1291584,7.46328
u0034093:i1392190,7.46328
u0034093:i1655460,7.46328
u0034093:i2305051,7.46328
u0034093:i2582802,7.46328
u0034093:i2802144,7.46328
u0034093:i2911666,7.46328
u0034093:i3011894,7.46328
u0034116:i0103064,5.76941
u0034116:i0108052,5.76941
u0034116:i0114814,5.76941
u0034116:i0119654,5.76941
u0034116:i0120338,5.76941
u0034116:i0181689,5.76941
u0034116:i0187393,5.76941
u0034116:i0198781,5.76941
u0034116:i0289879,5.76941
u0034116:i0369339,5.76941
u0034116:i0407304,5.76941
u0034116:i0470752,5.76941
u0034116:i0477348,5.76941
u0034116:i0816442,5.76941
u0034116:i0829150,5.76941
u0034116:i0900387,5.76941
u0034116:i0910970,5.76941
u0034116:i0975645,5.76941
u0034116:i1065073,5.76941
u0034116:i1234721,5.76941
u0034116:i1267297,5.76941
u0034116:i1340138,5.76941
u0034116:i1355630,5.76941
u0034116:i1483013,5.76941
u0034116:i1650554,5.76941
u0034116:i1663662,5.76941
u0034116:i1726592,5.76941
u0034116:i1790864,5.76941
u0034116:i1809398,5.76941
u0034116:i1840309,5.76941
u0034116:i1877832,5.76941
u0034116:i2015381,5.76941
u0034116:i2084970,5.76941
u0034116:i2093990,5.76941
u0034116:i2096673,5.76941
u0034116:i2172934,5.76941
u0034116:i2179136,5.76941
u0034116:i2245084,5.76941
u0034116:i2267998,5.76941
u0034116:i2381941,5.76941
u0034116:i2446042,5.76941
u0034116:i2515030,5.76941
u0034116:i2562232,5.76941
u0034116:i2713180,5.76941
u0034116:i2726560,5.76941
u0034116:i2788710,5.76941
u0034116:i2800240,5.76941
u0034116:i3114132,5.76941
u0034116:i3253930,5.76941
u0034116:i3321428,5.76941
u0034143:i0352248,7.60697
u0034143:i1872194,7.60697
u0034143:i2088883,7.60697
u0034143:i2234155,7.60697
u0034143:i2980516,7.60697
u0034143:i3416742,7.60697
u0034183:i0369610,7.67
u0034183:i1121096,7.67
u0034183:i1392190,7.67
u0034183:i1617661,7.67
u0034183:i1823672,7.67
u0034183:i1945084,7.67
u0034183:i1951265,7.67
u0034183:i2179136,7.67
u0034183:i2231253,7.67
u0034183:i2245084,7.67
u0034183:i2395427,7.67
u0034183:i2401097,7.67
u0034183:i2446042,7.67
u0034183:i2535470,7.67
u0034183:i2717822,7.67
u0034183:i2802144,7.67
u0034183:i2820852,7.67
u0034183:i3247714,7.67
u0034194:i0107290,6.87432
u0034194:i0455944,7.20742
u0034194:i0816692,7.08565
u0034194:i2267998,7.22249
u0034194:i2278388,7.22513
u0034195:i0105665,7.57974
u0034195:i0169547,7.57974
u0034195:i0257360,7.57974
u0034195:i0758758,7.57974
u0034195:i0914798,7.57974
u0034195:i1065073,7.57974
u0034195:i1392190,7.57974
u0034195:i1600196,7.57974
u0034195:i1714206,7.57974
u0034195:i2084970,7.57974
u0034195:i2305051,7.57974
u0034195:i2322441,7.57974
u0034195:i2473602,7.57974
u0034195:i2582802,7.57974
u0034195:i2820852,7.57974
u0034195:i2884206,7.57974
u0034226:i0816692,7.09592
u0034226:i1637725,6.88653
u0034226:i1809398,7.23328
u0034226:i2305051,7.40981
u0034226:i2322441,7.39021
u0034226:i2369135,6.89741
u0034226:i2381941,7.32235
u0034226:i2582846,6.79277
u0034226:i2980516,7.28179
u0034231:i0057171,7.03534
u0034231:i0113101,7.03534
u0034231:i0873886,7.03534
u0034231:i1706620,7.03534
u0034231:i1946421,7.03534
u0034231:i2187884,7.03534
u0034231:i2510434,7.03534
u0034231:i3798636,7.03534
u0034232:i0068646,6.04981
u0034232:i0071562,6.27455
u0034232:i0108550,6.52625
u0034232:i0111161,6.10632
u0034232:i0114369,6.23626
u0034232:i0120338,5.74457
u0034232:i0120382,6.2087
u0034232:i0221027,5.9966
u0034232:i0253474,6.36008
u0034232:i0278504,6.66765
u0034232:i0405159,6.64413
u0034232:i1152836,6.09412
u0034232:i1267297,6.94266
u0034232:i1288558,6.61079
u0034232:i1853739,6.15092
u0034232:i2071550,5.06098
u0034232:i2369135,7.02514
u0034232:i2463288,6.71525
u0034232:i2994190,7.24225
u0034236:i0068473,7.50908
u0034236:i0083944,7.50908
u0034236:i0089880,7.50908
u0034236:i0816692,7.50908
u0034236:i0829150,7.50908
u0034236:i1335975,7.50908
u0034236:i1392190,7.50908
u0034236:i1408253,7.50908
u0034236:i1545660,7.50908
u0034236:i1645131,7.50908
u0034236:i1726592,7.50908
u0034236:i1731141,7.50908
u0034236:i1754811,7.50908
u0034236:i1790864,7.50908
u0034236:i1798709,7.50908
u0034236:i1837703,7.50908
u0034236:i1840309,7.50908
u0034236:i1872194,7.50908
u0034236:i1980929,7.50908
u0034236:i2015381,7.50908
u0034236:i2024544,7.50908
u0034236:i2058107,7.50908
u0034236:i2111392,7.50908
u0034236:i2177771,7.50908
u0034236:i2192016,7.50908
u0034236:i2209764,7.50908
u0034236:i2267998,7.50908
u0034236:i2278871,7.50908
u0034236:i2333784,7.50908
u0034236:i2369135,7.50908
u0034236:i2381249,7.50908
u0034236:i2390237,7.50908
u0034236:i2397535,7.50908
u0034236:i2544734,7.50908
u0034236:i2555736,7.50908
u0034236:i2582802,7.50908
u0034236:i2637276,7.50908
u0034236:i2713180,7.50908
u0034236:i2802144,7.50908
u0034236:i2872750,7.50908
u0034236:i2883512,7.50908
u0034236:i3504048,7.50908
u0034245:i0470752,7.4
u0034245:i2322441,7.4
u0034245:i2465578,7.4
u0034245:i2639344,7.4
u0034245:i2844798,7.4
u0034245:i2884206,7.4
u0034245:i2935476,7.4
u0034245:i3011894,7.4
u0034245:i3235888,7.4
u0034245:i3316960,7.4
u0034248:i0421715,7.67
u0034248:i0816692,7.67
u0034248:i1020072,7.67
u0034248:i1591095,7.67
u0034248:i1655441,7.67
u0034248:i1763303,7.67
u0034248:i1966604,7.67
u0034248:i1972779,7.67
u0034248:i2096673,7.67
u0034248:i2178470,7.67
u0034248:i2199571,7.67
u0034248:i2226417,7.67
u0034248:i2322441,7.67
u0034248:i2381941,7.67
u0034248:i2561572,7.67
u0034248:i2726560,7.67
u0034248:i2820852,7.67
u0034248:i2848292,7.67
u0034248:i2967224,7.67
u0034248:i2980516,7.67
u0034248:i3195644,7.67
u0034248:i3235888,7.67
u0034248:i3450650,7.67
u0034255:i0046912,5.68489
u0034255:i0050083,5.68489
u0034255:i0071562,5.68489
u0034255:i0078748,5.68489
u0034255:i0090605,5.68489
u0034255:i0090756,5.68489
u0034255:i0118715,5.68489
u0034255:i1298649,5.68489
u0034255:i2562232,5.68489
u0034255:i2582802,5.68489
u0034263:i0332280,6.94242
u0034263:i0491152,6.94242
u0034263:i1014763,6.94242
u0034263:i1020072,6.94242
u0034263:i1126590,6.94242
u0034263:i1247690,6.94242
u0034263:i1666801,6.94242
u0034263:i1881002,6.94242
u0034263:i1924435,6.94242
u0034263:i1937264,6.94242
u0034263:i1972779,6.94242
u0034263:i2096673,6.94242
u0034263:i2170439,6.94242
u0034263:i2179136,6.94242
u0034263:i2293640,6.94242
u0034263:i2446042,6.94242
u0034263:i2652092,6.94242
u0034263:i2802144,6.94242
u0034263:i2820852,6.94242
u0034263:i2980516,6.94242
u0034263:i3181822,6.94242
u0034263:i3863552,6.94242
u0034284:i0076759,7.20416
u0034284:i0080684,7.20416
u0034284:i0082971,7.20416
u0034284:i0084516,7.20416
u0034284:i0086190,7.20416
u0034284:i0087469,7.20416
u0034284:i0097576,7.20416
u0034284:i0120877,7.20416
u0034284:i0120915,7.20416
u0034284:i0121765,7.20416
u0034284:i0121766,7.20416
u0034284:i0369610,7.20416
u0034284:i0371746,7.20416
u0034284:i1029360,7.20416
u0034284:i1228705,7.20416
u0034284:i1300854,7.20416
u0034284:i1320253,7.20416
u0034284:i1340138,7.20416
u0034284:i1392190,7.20416
u0034284:i1617661,7.20416
u0034284:i1764651,7.20416
u0034284:i1823672,7.20416
u0034284:i2126355,7.20416
u0034284:i2179136,7.20416
u0034284:i2333784,7.20416
u0034284:i2395427,7.20416
u0034284:i2802144,7.20416
u0034284:i2908446,7.20416
u0034288:i0078346,8.53936
u0034288:i0084516,8.53936
u0034288:i0092675,8.53936
u0034288:i0093058,8.53936
u0034288:i0093773,8.53936
u0034288:i0095705,8.53936
u0034288:i0105698,8.53936
u0034288:i0109686,8.53936
u0034288:i0111438,8.53936
u0034288:i0114369,8.53936
u0034288:i0115641,8.53936
u0034288:i0142342,8.53936
u0034288:i0240515,8.53936
u0034288:i0271027,8.53936
u0034288:i0271263,8.53936
u0034288:i0274166,8.53936
u0034288:i0277296,8.53936
u0034288:i0279493,8.53936
u0034288:i0302640,8.53936
u0034288:i0332136,8.53936
u0034288:i0332379,8.53936
u0034288:i0337879,8.53936
u0034288:i0382625,8.53936
u0034288:i0385002,8.53936
u0034288:i0441796,8.53936
u0034288:i0453451,8.53936
u0034288:i0462538,8.53936
u0034288:i0465624,8.53936
u0034288:i0499556,8.53936
u0034288:i0816692,8.53936
u0034288:i1037705,8.53936
u0034288:i1075747,8.53936
u0034288:i1116184,8.53936
u0034288:i1130884,8.53936
u0034288:i1190080,8.53936
u0034288:i1408253,8.53936
u0034288:i1433108,8.53936
u0034288:i1483013,8.53936
u0034288:i1502404,8.53936
u0034288:i1535108,8.53936
u0034288:i1631867,8.53936
u0034288:i1690953,8.53936
u0034288:i1840309,8.53936
u0034288:i1921064,8.53936
u0034288:i1951265,8.53936
u0034288:i1959490,8.53936
u0034288:i1980209,8.53936
u0034288:i2395427,8.53936
u0034296:i0435651,7.22325
u0034296:i1340138,7.27198
u0034296:i1392190,7.20574
u0034296:i1617661,7.33606
u0034296:i1823672,7.32315
u0034296:i1840309,7.3148
u0034296:i1951265,7.31609
u0034296:i1964418,7.29788
u0034296:i2126355,7.3452
u0034296:i2245084,7.30667
u0034296:i2310332,7.25593
u0034296:i2339741,7.23521
u0034296:i2381941,7.33567
u0034296:i2395427,7.32904
u0034296:i2446042,7.34382
u0034296:i2692250,7.2936
u0034296:i2717822,7.28363
u0034296:i2802144,7.26049
u0034296:i2820852,7.24957
u0034296:i3045616,7.18128
u0034296:i3099498,7.04297
u0034361:i0369610,7.16531
u0034361:i0478970,7.16531
u0034361:i0816692,7.16531
u0034361:i1617661,7.16531
u0034361:i1631867,7.16531
u0034361:i1661199,7.16531
u0034361:i1781769,7.16531
u0034361:i1790864,7.16531
u0034361:i2084970,7.16531
u0034361:i2170593,7.16531
u0034361:i2180411,7.16531
u0034361:i2395427,7.16531
u0034361:i2788710,7.16531
u0034373:i0110413,7.30152
u0034373:i0114814,7.30152
u0034373:i0446029,7.30152
u0034373:i1054588,7.30152
u0034373:i1392190,7.30152
u0034373:i1392214,7.30152
u0034374:i0816692,7.56364
u0034374:i1392190,7.56364
u0034374:i1798684,7.56364
u0034374:i2395427,7.56364
u0034374:i2820852,7.56364
u0034383:i0298130,6.71949
u0034383:i1800241,6.71949
u0034383:i1872181,6.71949
u0034383:i2015381,6.71949
u0034383:i2024544,6.71949
u0034383:i2310332,6.71949
u0034383:i2557490,6.71949
u0034403:i0086879,6.30333
u0034403:i0233234,0
u0034403:i0395169,5.94787
u0034403:i0879870,5.82265
u0034403:i1800241,7.13011
u0034403:i2562232,7.31278
u0034414:i0053604,7.50179
u0034414:i0075334,7.50179
u0034414:i1343727,7.50179
u0034414:i1446714,7.50179
u0034414:i1612083,7.50179
u0034414:i1703199,7.50179
u0034416:i2267998,7.24028
u0034416:i2397535,7.28911
u0034416:i2866360,7.05395
u0034421:i0478970,7.71227
u0034421:i1798684,7.71227
u0034421:i2247476,7.71227
u0034421:i2381249,7.71227
u0034422:i0116367,6.50343
u0034422:i0448011,2.90653
u0034422:i0822854,6.38632
u0034422:i1340138,7.28942
u0034422:i1392190,7.21183
u0034422:i1535109,6.19392
u0034422:i1872194,7.41975
u0034422:i1964418,7.3292
u0034422:i1971325,7.14687
u0034422:i2120120,7.06702
u0034422:i2788710,7.28196
u0034422:i2908856,6.85007
u0034422:i4229236,7.06684
u0034431:i0117060,6.96538
u0034431:i0117913,6.76884
u0034431:i0120755,7.32077
u0034431:i0232500,6.73363
u0034431:i0289765,6.44135
u0034431:i0317919,7.20986
u0034431:i0322259,7.02217
u0034431:i0328107,6.56979
u0034431:i0365907,7.30645
u0034431:i0371746,6.57494
u0034431:i0407887,6.45819
u0034431:i0454848,6.11867
u0034431:i0458339,7.15028
u0034431:i0463985,6.01025
u0034431:i0478970,7.23089
u0034431:i0830515,6.61071
u0034431:i0831387,7.07927
u0034431:i0848228,6.95445
u0034431:i0936501,6.99142
u0034431:i1013752,6.3739
u0034431:i1228705,6.83487
u0034431:i1229238,6.93859
u0034431:i1300854,7.15369
u0034431:i1392190,7.21793
u0034431:i1397280,6.82898
u0034431:i1524930,7.19311
u0034431:i1535109,6.33796
u0034431:i1549920,6.16595
u0034431:i1596343,6.32964
u0034431:i1646980,6.11106
u0034431:i1843866,7.04192
u0034431:i1881002,7.21932
u0034431:i1905041,6.75091
u0034431:i1924435,7.10345
u0034431:i2024432,6.49119
u0034431:i2024469,6.73985
u0034431:i2088003,6.80498
u0034431:i2179136,7.37619
u0034431:i2199571,7.19123
u0034431:i2381249,7.25846
u0034431:i2381941,7.34901
u0034431:i2395427,7.33698
u0034431:i2401097,7.16629
u0034431:i2446042,7.36399
u0034431:i2561572,7.22229
u0034431:i2802144,7.26735
u0034431:i2820852,7.25912
u0034431:i2911666,7.36666
u0034431:i2967224,6.95329
u0034431:i3079380,7.17381
u0034431:i3247714,7.24315
u0034467:i0482571,7.66252
u0034467:i1109624,7.66252
u0034467:i1351685,7.66252
u0034467:i1726592,7.66252
u0034467:i1798709,7.66252
u0034467:i1951265,7.66252
u0034467:i2015381,7.66252
u0034467:i2245084,7.66252
u0034467:i2267998,7.66252
u0034467:i2294449,7.66252
u0034467:i2872718,7.66252
u0034467:i2872732,7.66252
u0034467:i2910814,7.66252
u0034467:i3480796,7.66252
u0034472:i0110475,7.21882
u0034472:i0458413,7.21882
u0034472:i0464049,7.21882
u0034472:i0485985,7.21882
u0034472:i1020072,7.21882
u0034472:i1340138,7.21882
u0034472:i1392190,7.21882
u0034472:i1441951,7.21882
u0034472:i1453405,7.21882
u0034472:i1615147,7.21882
u0034472:i1760967,7.21882
u0034472:i1798684,7.21882
u0034472:i1809398,7.21882
u0034472:i1850397,7.21882
u0034472:i1951265,7.21882
u0034472:i2179136,7.21882
u0034472:i2194499,7.21882
u0034472:i2322441,7.21882
u0034472:i2381249,7.21882
u0034472:i2381941,7.21882
u0034472:i2401097,7.21882
u0034472:i2446042,7.21882
u0034472:i2562232,7.21882
u0034472:i2582802,7.21882
u0034472:i2713180,7.21882
u0034472:i2802144,7.21882
u0034472:i2820852,7.21882
u0034472:i2872718,7.21882
u0034472:i2948790,7.21882
u0034472:i2980516,7.21882
u0034472:i3079380,7.21882
u0034472:i3316960,7.21882
u0034488:i0356910,7.05265
u0034488:i0455944,7.05265
u0034488:i0800039,7.05265
u0034488:i0816692,7.05265
u0034488:i0993846,7.05265
u0034488:i1037705,7.05265
u0034488:i1109624,7.05265
u0034488:i1119646,7.05265
u0034488:i1231583,7.05265
u0034488:i1272878,7.05265
u0034488:i1307068,7.05265
u0034488:i1411697,7.05265
u0034488:i1481572,7.05265
u0034488:i1488555,7.05265
u0034488:i1535109,7.05265
u0034488:i1587310,7.05265
u0034488:i1588334,7.05265
u0034488:i1655441,7.05265
u0034488:i1690953,7.05265
u0034488:i1907668,7.05265
u0034488:i2103254,7.05265
u0034488:i2170439,7.05265
u0034488:i2245084,7.05265
u0034488:i2278388,7.05265
u0034488:i2713180,7.05265
u0034488:i2725962,7.05265
u0034488:i2883512,7.05265
u0034488:i2967224,7.05265
u0034493:i1204977,7.2988
u0034493:i1407049,3.41692
u0034493:i2041331,0
u0034493:i2071550,5.90448
u0034493:i2268573,0
u0034493:i2960930,7.02339
u0034493:i3704538,6.41051
u0034500:i0134119,6.84734
u0034500:i0365686,6.84734
u0034500:i0404030,6.84734
u0034500:i0478134,6.84734
u0034500:i1276104,6.84734
u0034500:i1392190,6.84734
u0034500:i2024544,6.84734
u0034500:i2247476,6.84734
u0034500:i2658428,6.84734
u0034500:i3007512,6.84734
u0034503:i0209144,7.55195
u0034503:i0211915,7.55195
u0034503:i1655441,7.55195
u0034505:i0816692,6.78221
u0034505:i1121096,6.78221
u0034505:i1392190,6.78221
u0034505:i2096673,6.78221
u0034505:i2224026,6.78221
u0034505:i2381941,6.78221
u0034505:i2395427,6.78221
u0034505:i2446042,6.78221
u0034505:i2561572,6.78221
u0034505:i2802144,6.78221
u0034505:i2820852,6.78221
u0034505:i3079380,6.78221
u0034505:i4191054,6.78221
u0034571:i1865505,7.97525
u0034571:i2820852,7.97525
u0034571:i3316960,7.97525
u0034582:i0142342,7.10271
u0034582:i0816692,7.10271
u0034582:i1029360,7.10271
u0034582:i1655441,7.10271
u0034582:i1964418,7.10271
u0034582:i2120120,7.10271
u0034582:i3045616,7.10271
u0034582:i3168230,7.10271
u0034598:i0089791,4.9608
u0034598:i0090196,0
u0034598:i0091064,6.39762
u0034598:i0094612,0
u0034598:i0094721,5.6162
u0034598:i0096895,6.38626
u0034598:i0099487,5.23993
u0034598:i0099810,3.58326
u0034598:i0103776,6.27309
u0034598:i0103873,5.95644
u0034598:i0105236,6.40767
u0034598:i0107290,6.98008
u0034598:i0109445,5.11197
u0034598:i0110912,6.41394
u0034598:i0111301,0
u0034598:i0112384,6.34919
u0034598:i0113749,3.75
u0034598:i0116365,5.55663
u0034598:i0116629,6.80695
u0034598:i0116996,6.12647
u0034598:i0117438,3.86115
u0034598:i0118636,3.71405
u0034598:i0118842,5.59804
u0034598:i0119396,7.09595
u0034598:i0119567,7.03964
u0034598:i0120201,6.39301
u0034598:i0120655,4.28105
u0034598:i0120684,3.55548
u0034598:i0120737,5.55602
u0034598:i0120815,6.81232
u0034598:i0120903,6.90284
u0034598:i0121164,5.15228
u0034598:i0131646,3.74471
u0034598:i0133152,5.71883
u0034598:i0134847,4.80854
u0034598:i0162661,5.89568
u0034598:i0163025,6.81364
u0034598:i0167260,5.50598
u0034598:i0167261,4.71396
u0034598:i0209144,6.5282
u0034598:i0217869,6.57896
u0034598:i0232500,6.96582
u0034598:i0261392,4.99071
u0034598:i0266697,6.3943
u0034598:i0290334,6.36195
u0034598:i0295701,6.2853
u0034598:i0296572,3.96299
u0034598:i0305357,3.42558
u0034598:i0319061,6.88877
u0034598:i0337978,6.30789
u0034598:i0360717,5.68434
u0034598:i0361748,6.68802
u0034598:i0363547,3.38277
u0034598:i0364970,0
u0034598:i0366551,5.28199
u0034598:i0367594,6.5004
u0034598:i0372784,6.94168
u0034598:i0376994,6.69122
u0034598:i0378194,6.57517
u0034598:i0382625,5.9536
u0034598:i0385752,4.37196
u0034598:i0401792,6.65758
u0034598:i0403358,0
u0034598:i0408236,6.08474
u0034598:i0409459,6.31833
u0034598:i0409904,0
u0034598:i0416449,6.54584
u0034598:i0424345,4.45776
u0034598:i0443272,6.85162
u0034598:i0455944,7.24033
u0034598:i0458481,7.17477
u0034598:i0463985,6.47258
u0034598:i0468569,6.22121
u0034598:i0480255,5.54694
u0034598:i0481536,3.82406
u0034598:i0482571,6.07766
u0034598:i0486655,6.33313
u0034598:i0493464,6.23784
u0034598:i0770828,6.89347
u0034598:i0800320,5.83535
u0034598:i0808151,6.54292
u0034598:i0829150,7.32659
u0034598:i0844471,5.5143
u0034598:i0848537,2.90435
u0034598:i0873886,3.51767
u0034598:i0903624,6.05438
u0034598:i0948470,6.11401
u0034598:i0955308,6.02129
u0034598:i0978764,4.49405
u0034598:i0986263,4.77121
u0034598:i1013752,6.77227
u0034598:i1014759,5.87712
u0034598:i1028528,6.75763
u0034598:i1075747,5.48845
u0034598:i1077258,6.68882
u0034598:i1077368,5.59368
u0034598:i1085779,0
u0034598:i1136608,6.73533
u0034598:i1142977,3.30451
u0034598:i1170358,6.48731
u0034598:i1204342,0
u0034598:i1219342,5.04351
u0034598:i1245526,6.47127
u0034598:i1253864,4.36521
u0034598:i1268799,3.671
u0034598:i1276104,6.54756
u0034598:i1297919,6.66818
u0034598:i1320253,6.83338
u0034598:i1345836,5.64178
u0034598:i1365598,0
u0034598:i1375666,6.66063
u0034598:i1411250,5.80488
u0034598:i1430132,6.64081
u0034598:i1509767,3.55621
u0034598:i1517489,4.2619
u0034598:i1535108,6.79307
u0034598:i1562899,0
u0034598:i1583421,6.44398
u0034598:i1596343,6.68129
u0034598:i1606378,6.73694
u0034598:i1611224,6.27581
u0034598:i1617661,7.36092
u0034598:i1662293,5.54368
u0034598:i1764651,6.98121
u0034598:i1772264,7.39906
u0034598:i1815862,6.93088
u0034598:i1821694,6.62375
u0034598:i1843866,7.13337
u0034598:i1853728,6.0717
u0034598:i1872181,7.01009
u0034598:i1877832,7.10381
u0034598:i1905041,6.9837
u0034598:i1928330,3.83851
u0034598:i1985966,5.80074
u0034598:i2002718,6.26164
u0034598:i2015381,7.19253
u0034598:i2044801,5.81789
u0034598:i2109248,7.14021
u0034598:i2241471,0
u0034598:i2278388,7.2515
u0034598:i2281587,6.28556
u0034611:i2096673,7.69741
u0034611:i2474024,7.69741
u0034611:i2883512,7.69741
u0034643:i0071360,6.52759
u0034643:i0099871,6.52759
u0034643:i0118715,6.52759
u0034643:i0118880,6.52759
u0034643:i0120616,6.52759
u0034643:i0232500,6.52759
u0034643:i0322259,6.52759
u0034643:i0369610,6.52759
u0034643:i0463985,6.52759
u0034643:i0790636,6.52759
u0034643:i0816692,6.52759
u0034643:i0829150,6.52759
u0034643:i0985694,6.52759
u0034643:i1013752,6.52759
u0034643:i1234721,6.52759
u0034643:i1392190,6.52759
u0034643:i1596343,6.52759
u0034643:i1723121,6.52759
u0034643:i1758830,6.52759
u0034643:i1823672,6.52759
u0034643:i1843866,6.52759
u0034643:i1905041,6.52759
u0034643:i1964418,6.52759
u0034643:i1979320,6.52759
u0034643:i2015381,6.52759
u0034643:i2170439,6.52759
u0034643:i2179136,6.52759
u0034643:i2261331,6.52759
u0034643:i2267998,6.52759
u0034643:i2278388,6.52759
u0034643:i2582802,6.52759
u0034643:i2713180,6.52759
u0034643:i2802144,6.52759
u0034643:i2820852,6.52759
u0034643:i2872718,6.52759
u0034643:i2872732,6.52759
u0034643:i3235888,6.52759
u0034645:i0274812,8.28654
u0034645:i0369610,8.28654
u0034645:i0816692,8.28654
u0034645:i0884732,8.28654
u0034645:i1020072,8.28654
u0034645:i1029360,8.28654
u0034645:i1340138,8.28654
u0034645:i1392190,8.28654
u0034645:i1528100,8.28654
u0034645:i1674771,8.28654
u0034645:i1723811,8.28654
u0034645:i1772288,8.28654
u0034645:i1850397,8.28654
u0034645:i1877832,8.28654
u0034645:i2126355,8.28654
u0034645:i2261331,8.28654
u0034645:i2305051,8.28654
u0034645:i2310332,8.28654
u0034645:i2361700,8.28654
u0034645:i2381249,8.28654
u0034645:i2381941,8.28654
u0034645:i2395427,8.28654
u0034645:i2436386,8.28654
u0034645:i2446042,8.28654
u0034645:i2637276,8.28654
u0034645:i2652092,8.28654
u0034645:i2692250,8.28654
u0034645:i2799166,8.28654
u0034645:i2802144,8.28654
u0034645:i2820852,8.28654
u0034645:i2980472,8.28654
u0034645:i2980516,8.28654
u0034645:i3007512,8.28654
u0034645:i3079380,8.28654
u0034645:i3152624,8.28654
u0034645:i3181822,8.28654
u0034645:i3195644,8.28654
u0034645:i3235888,8.28654
u0034645:i3346224,8.28654
u0034645:i4044364,8.28654
u0034645:i4293752,8.28654
u0034645:i4791174,8.28654
u0034658:i0470752,7.24637
u0034658:i1531924,6.87077
u0034658:i3235888,7.26123
u0034662:i0407887,6.56235
u0034662:i2357377,4.49118
u0034662:i2802144,7.27421
u0034679:i0104257,7.67
u0034679:i0892318,7.67
u0034679:i2096673,7.67
u0034679:i2179136,7.67
u0034692:i1109624,7.2126
u0034692:i1272878,6.72279
u0034692:i2084970,7.30693
u0034692:i2113681,5.34335
u0034692:i2769184,4.43748
u0034692:i2802144,7.28108
u0034692:i2872718,7.33364
u0034692:i2980516,7.2915
u0034692:i3297330,7.33282
u0034692:i3433074,5.3928
u0034692:i3622120,6.89629
u0034695:i0172493,7.61492
u0034695:i0253474,7.61492
u0034695:i0315733,7.61492
u0034695:i1100089,7.61492
u0034695:i3442006,7.61492
u0034768:i0369610,6.5346
u0034768:i0478970,6.5346
u0034768:i1340138,6.5346
u0034768:i1392190,6.5346
u0034768:i1638355,6.5346
u0034768:i2126355,6.5346
u0034768:i2179136,6.5346
u0034768:i2199571,6.5346
u0034768:i2395427,6.5346
u0034768:i2446042,6.5346
u0034768:i2493486,6.5346
u0034768:i2802144,6.5346
u0034768:i2820852,6.5346
u0034768:i2908446,6.5346
u0034770:i1121096,6.83384
u0034770:i1649443,6.83384
u0034770:i1972571,6.83384
u0034770:i2170439,6.83384
u0034770:i2179136,6.83384
u0034770:i2262227,6.83384
u0034770:i2300975,6.83384
u0034770:i2326612,6.83384
u0034770:i2395427,6.83384
u0034770:i2481496,6.83384
u0034770:i2562232,6.83384
u0034770:i2802144,6.83384
u0034770:i2820852,6.83384
u0034770:i2870612,6.83384
u0034770:i2908446,6.83384
u0034770:i2911666,6.83384
u0034794:i0395972,5.5905
u0034794:i2084970,7.31451
u0034794:i2180411,7.26081
u0034799:i0369610,6.83686
u0034799:i1392190,6.83686
u0034799:i1823672,6.83686
u0034799:i2096673,6.83686
u0034799:i2395427,6.83686
u0034799:i2582802,6.83686
u0034799:i2870648,6.83686
u0034806:i0365907,7.60455
u0034806:i0455944,7.60455
u0034806:i0816692,7.60455
u0034806:i1424432,7.60455
u0034806:i1631867,7.60455
u0034806:i1872194,7.60455
u0034806:i1972571,7.60455
u0034806:i2058107,7.60455
u0034806:i2267998,7.60455
u0034806:i2446042,7.60455
u0034806:i2713180,7.60455
u0034806:i2802144,7.60455
u0034806:i2872718,7.60455
u0034806:i2980592,7.60455
u0034840:i0045810,6.70226
u0034840:i0047437,6.70226
u0034840:i0053291,6.70226
u0034840:i0914798,6.70226
u0034840:i1655420,6.70226
u0034840:i1683526,6.70226
u0034840:i1924396,6.70226
u0034840:i2024544,6.70226
u0034840:i2562232,6.70226
u0034840:i2872732,6.70226
u0034840:i3316960,6.70226
u0034850:i0086567,7.60697
u0034850:i0087332,7.60697
u0034850:i0088247,7.60697
u0034850:i0094226,7.60697
u0034850:i0094812,7.60697
u0034850:i0095583,7.60697
u0034850:i0099685,7.60697
u0034850:i0100802,7.60697
u0034850:i0102138,7.60697
u0034850:i0103064,7.60697
u0034850:i0105236,7.60697
u0034850:i0119488,7.60697
u0034850:i0119567,7.60697
u0034850:i0119668,7.60697
u0034850:i0196229,7.60697
u0034850:i0303816,7.60697
u0034850:i0330793,7.60697
u0034850:i0369610,7.60697
u0034850:i0370263,7.60697
u0034850:i0443680,7.60697
u0034850:i0443706,7.60697
u0034850:i0458525,7.60697
u0034850:i0470752,7.60697
u0034850:i0478970,7.60697
u0034850:i0816692,7.60697
u0034850:i0840361,7.60697
u0034850:i0903657,7.60697
u0034850:i0963794,7.60697
u0034850:i1204977,7.60697
u0034850:i1226236,7.60697
u0034850:i1340138,7.60697
u0034850:i1392190,7.60697
u0034850:i1535108,7.60697
u0034850:i1666801,7.60697
u0034850:i1714843,7.60697
u0034850:i1725986,7.60697
u0034850:i1731701,7.60697
u0034850:i1772288,7.60697
u0034850:i1788391,7.60697
u0034850:i1791682,7.60697
u0034850:i1850397,7.60697
u0034850:i2027091,7.60697
u0034850:i2097298,7.60697
u0034850:i2126355,7.60697
u0034850:i2139555,7.60697
u0034850:i2170593,7.60697
u0034850:i2179136,7.60697
u0034850:i2199571,7.60697
u0034850:i2238470,7.60697
u0034850:i2245084,7.60697
u0034850:i2339741,7.60697
u0034850:i2382298,7.60697
u0034850:i2395427,7.60697
u0034850:i2398249,7.60697
u0034850:i2402101,7.60697
u0034850:i2404425,7.60697
u0034850:i2446042,7.60697
u0034850:i2515030,7.60697
u0034850:i2637294,7.60697
u0034850:i2717822,7.60697
u0034850:i2753778,7.60697
u0034850:i2802144,7.60697
u0034850:i2820852,7.60697
u0034850:i2883434,7.60697
u0034850:i2911668,7.60697
u0034850:i2918436,7.60697
u0034850:i2967008,7.60697
u0034850:i2980472,7.60697
u0034850:i3007512,7.60697
u0034850:i3011894,7.60697
u0034850:i3101132,7.60697
u0034850:i3104930,7.60697
u0034850:i3152624,7.60697
u0034850:i3203616,7.60697
u0034850:i3235888,7.60697
u0034850:i3247714,7.60697
u0034850:i3314376,7.60697
u0034850:i3321428,7.60697
u0034850:i3339674,7.60697
u0034850:i3713166,7.60697
u0034850:i4257858,7.60697
u0034851:i0369610,7.06476
u0034851:i0455944,7.06476
u0034851:i1065073,7.06476
u0034851:i1392190,7.06476
u0034851:i1661382,7.06476
u0034851:i1964418,7.06476
u0034851:i2126355,7.06476
u0034851:i2278388,7.06476
u0034851:i2802144,7.06476
u0034851:i2820852,7.06476
u0034851:i2980516,7.06476
u0034851:i3079380,7.06476
u0034872:i0120382,6.41566
u0034872:i0369339,6.67351
u0034872:i1790864,7.10584
u0034881:i1617661,6.99103
u0034881:i1791528,6.99103
u0034881:i1981107,6.99103
u0034881:i2084970,6.99103
u0034881:i2473794,6.99103
u0034881:i2562232,6.99103
u0034895:i0103783,7.34963
u0034895:i0110357,7.34963
u0034895:i0110912,7.34963
u0034895:i0117891,7.34963
u0034895:i0118750,7.34963
u0034895:i0119905,7.34963
u0034895:i0264464,7.34963
u0034895:i0265087,7.34963
u0034895:i0266697,7.34963
u0034895:i0271668,7.34963
u0034895:i0297037,7.34963
u0034895:i0325537,7.34963
u0034895:i0382561,7.34963
u0034895:i0455590,7.34963
u0034895:i0468569,7.34963
u0034895:i0482582,7.34963
u0034895:i0490196,7.34963
u0034895:i0494652,7.34963
u0034895:i1046997,7.34963
u0034895:i1152836,7.34963
u0034895:i1195478,7.34963
u0034895:i1321509,7.34963
u0034895:i1398426,7.34963
u0034895:i2180411,7.34963
u0034895:i2235108,7.34963
u0034895:i2262227,7.34963
u0034895:i2784678,7.34963
u0034946:i1121096,7.92598
u0034946:i1157605,7.92598
u0034946:i1216491,7.92598
u0034946:i1708135,7.92598
u0034946:i2096673,7.92598
u0034946:i2614684,7.92598
u0034946:i2639344,7.92598
u0034946:i3416742,7.92598
u0034946:i4192740,7.92598
u0034953:i2125608,6.6519
u0034953:i2194499,6.92647
u0034953:i2562232,7.32051
u0034953:i2582802,7.32578
u0035003:i0083284,7.67
u0035003:i0108550,7.67
u0035003:i0120646,7.67
u0035003:i0181875,7.67
u0035003:i0314331,7.67
u0035003:i0365748,7.67
u0035003:i0424095,7.67
u0035003:i0449059,7.67
u0035003:i0770828,7.67
u0035003:i0816692,7.67
u0035003:i1049413,7.67
u0035003:i1219289,7.67
u0035003:i1371150,7.67
u0035003:i1415283,7.67
u0035003:i1600196,7.67
u0035003:i1850397,7.67
u0035003:i2084970,7.67
u0035003:i2096672,7.67
u0035003:i2262227,7.67
u0035003:i2305051,7.67
u0035003:i2381941,7.67
u0035003:i2562232,7.67
u0035003:i2872718,7.67
u0035018:i0117060,6.68149
u0035018:i0119567,6.68149
u0035018:i0232500,6.68149
u0035018:i0242653,6.68149
u0035018:i0316654,6.68149
u0035018:i0317919,6.68149
u0035018:i0322259,6.68149
u0035018:i0343818,6.68149
u0035018:i0356910,6.68149
u0035018:i0360486,6.68149
u0035018:i0369610,6.68149
u0035018:i0376994,6.68149
u0035018:i0413300,6.68149
u0035018:i0435705,6.68149
u0035018:i0448157,6.68149
u0035018:i0463985,6.68149
u0035018:i0465502,6.68149
u0035018:i0478970,6.68149
u0035018:i0480249,6.68149
u0035018:i0830515,6.68149
u0035018:i1055369,6.68149
u0035018:i1065073,6.68149
u0035018:i1114740,6.68149
u0035018:i1204975,6.68149
u0035018:i1340138,6.68149
u0035018:i1502712,6.68149
u0035018:i1617661,6.68149
u0035018:i1638355,6.68149
u0035018:i1655441,6.68149
u0035018:i1674771,6.68149
u0035018:i1823672,6.68149
u0035018:i1964418,6.68149
u0035018:i1972779,6.68149
u0035018:i2120120,6.68149
u0035018:i2126355,6.68149
u0035018:i2179136,6.68149
u0035018:i2223990,6.68149
u0035018:i2293640,6.68149
u0035018:i2381249,6.68149
u0035018:i2381941,6.68149
u0035018:i2395427,6.68149
u0035018:i2404425,6.68149
u0035018:i2436386,6.68149
u0035018:i2446042,6.68149
u0035018:i2637276,6.68149
u0035018:i2679042,6.68149
u0035018:i2802144,6.68149
u0035018:i2820852,6.68149
u0035018:i2848292,6.68149
u0035018:i2908446,6.68149
u0035018:i2978462,6.68149
u0035018:i3152624,6.68149
u0035018:i3450650,6.68149
u0035030:i0054698,7.79184
u0035030:i0119488,7.79184
u0035030:i0189584,7.79184
u0035030:i0190590,7.79184
u0035030:i0221027,7.79184
u0035030:i2333598,7.79184
u0035030:i2404425,7.79184
u0035030:i2404461,7.79184
u0035030:i3042408,7.79184
u0035033:i0470752,7.25889
u0035033:i1631867,7.3029
u0035033:i1981115,7.01219
u0035033:i2800240,6.93905
u0035034:i0278488,0
u0035034:i0430304,0
u0035034:i2182121,0
u0035049:i1109624,6.77467
u0035049:i1392190,6.77467
u0035049:i2084970,6.77467
u0035049:i2310332,6.77467
u0035049:i2582846,6.77467
u0035049:i2980516,6.77467
u0035058:i0266697,6.63112
u0035058:i0469494,6.6286
u0035058:i1130884,6.33151
u0035087:i0376105,8.06198
u0035087:i0455760,8.06198
u0035087:i0975645,8.06198
u0035087:i1617661,8.06198
u0035087:i1754257,8.06198
u0035087:i2245084,8.06198
u0035087:i2802144,8.06198
u0035125:i1259521,5.96189
u0035125:i1841642,6.78342
u0035125:i2381249,7.27144
u0035179:i0103064,8.07071
u0035179:i0105665,8.07071
u0035179:i0114898,8.07071
u0035179:i1288558,8.07071
u0035179:i1922777,8.07071
u0035179:i2184339,8.07071
u0035179:i2395427,8.07071
u0035185:i0892769,6.96698
u0035185:i1029360,7.42346
u0035185:i1528100,7.41223
u0035185:i2372678,5.01198
u0035185:i2562232,7.32825
u0035185:i2820852,7.26869
u0035185:i3678782,6.92463
u0035185:i3836958,6.48265
u0035307:i0478970,7.38803
u0035307:i1392190,7.38803
u0035307:i1661199,7.38803
u0035307:i2126355,7.38803
u0035307:i2381249,7.38803
u0035307:i2395427,7.38803
u0035307:i2820852,7.38803
u0035307:i2908446,7.38803
u0035332:i0075314,6.96291
u0035332:i0078788,6.97678
u0035332:i0105236,6.52857
u0035332:i0117951,6.6734
u0035332:i0361748,6.79092
u0035332:i0371746,6.73149
u0035332:i1172570,6.95179
u0035332:i1440292,6.3581
u0035332:i1457767,6.55962
u0035332:i1723811,6.92049
u0035332:i1821549,6.79581
u0035332:i1922777,7.0137
u0035332:i2112981,0
u0035332:i3235888,7.28792
u0035338:i0100150,7.3812
u0035338:i0454945,7.3812
u0035338:i2125653,7.3812
u0035338:i2312890,7.3812
u0035339:i0071315,8.36812
u0035339:i0343663,8.36812
u0035339:i1588173,8.36812
u0035339:i2267998,8.36812
u0035346:i1841642,7.25195
u0035346:i2199571,7.25195
u0035346:i2381249,7.25195
u0035346:i2515034,7.25195
u0035346:i2820852,7.25195
u0035346:i2908446,7.25195
u0035347:i2305051,7.60697
u0035347:i2562232,7.60697
u0035347:i2980516,7.60697
u0035352:i0065207,7.05265
u0035352:i0082806,7.05265
u0035352:i0083190,7.05265
u0035352:i0083542,7.05265
u0035352:i0086250,7.05265
u0035352:i0088117,7.05265
u0035352:i0088247,7.05265
u0035352:i0091647,7.05265
u0035352:i0091860,7.05265
u0035352:i0092005,7.05265
u0035352:i0103064,7.05265
u0035352:i0114709,7.05265
u0035352:i0118715,7.05265
u0035352:i0127723,7.05265
u0035352:i0147800,7.05265
u0035352:i0364569,7.05265
u0035352:i0365907,7.05265
u0035352:i0369610,7.05265
u0035352:i0372784,7.05265
u0035352:i0405325,7.05265
u0035352:i0450314,7.05265
u0035352:i0804461,7.05265
u0035352:i1155056,7.05265
u0035352:i1270798,7.05265
u0035352:i1398426,7.05265
u0035352:i1504320,7.05265
u0035352:i1545660,7.05265
u0035352:i1790864,7.05265
u0035352:i1798684,7.05265
u0035352:i1823672,7.05265
u0035352:i1945084,7.05265
u0035352:i2084970,7.05265
u0035352:i2096672,7.05265
u0035352:i2179136,7.05265
u0035352:i2199571,7.05265
u0035352:i2238050,7.05265
u0035352:i2381941,7.05265
u0035352:i2397535,7.05265
u0035352:i2561572,7.05265
u0035352:i2562232,7.05265
u0035352:i2582802,7.05265
u0035352:i2717822,7.05265
u0035352:i2802144,7.05265
u0035352:i2872732,7.05265
u0035352:i2908446,7.05265
u0035352:i2911666,7.05265
u0035352:i2980592,7.05265
u0035352:i3235888,7.05265
u0035352:i3850214,7.05265
u0035352:i3910602,7.05265
u0035381:i0073195,7.60697
u0035381:i0103074,7.60697
u0035381:i0119643,7.60697
u0035381:i0120815,7.60697
u0035381:i0175880,7.60697
u0035381:i0337692,7.60697
u0035381:i1020072,7.60697
u0035381:i1100089,7.60697
u0035381:i1392190,7.60697
u0035381:i1617661,7.60697
u0035381:i1809398,7.60697
u0035381:i2179136,7.60697
u0035381:i2305051,7.60697
u0035381:i2562232,7.60697
u0035381:i2713180,7.60697
u0035381:i2980516,7.60697
u0035381:i3278330,7.60697
u0035381:i3316960,7.60697
u0035381:i3442006,7.60697
u0035386:i0068646,6.74452
u0035386:i0081398,6.74452
u0035386:i0470752,6.74452
u0035386:i1065073,6.74452
u0035386:i1100089,6.74452
u0035386:i1255953,6.74452
u0035386:i3316960,6.74452
u0035389:i0816692,7.1062
u0035389:i2084970,7.32209
u0035389:i2820852,7.27826
u0035389:i2872718,7.34571
u0035410:i0432283,5.45598
u0035410:i0470752,7.27142
u0035410:i1069238,5.6229
u0035410:i1865505,7.03615
u0035410:i1951265,7.34818
u0035410:i1981107,5.30104
u0035410:i2258858,3.13778
u0035410:i2261331,7.05704
u0035410:i2562232,7.336
u0035410:i2752688,7.23302
u0035410:i2802144,7.28796
u0035410:i2872718,7.35779
u0035410:i2980516,7.30122
u0035410:i3045616,7.24014
u0035410:i3235888,7.31471
u0035410:i3416742,7.29059
u0035410:i3630276,7.34181
u0035416:i1340138,7.60697
u0035416:i2395427,7.60697
u0035416:i3713166,7.60697
u0035424:i0478970,6.70138
u0035424:i1121096,6.70138
u0035424:i2096673,6.70138
u0035424:i2820852,6.70138
u0035424:i2980472,6.70138
u0035485:i0053125,6.94061
u0035485:i0057012,6.94061
u0035485:i0073195,6.94061
u0035485:i0073486,6.94061
u0035485:i0079501,6.94061
u0035485:i0085959,6.94061
u0035485:i0092099,6.94061
u0035485:i0095497,6.94061
u0035485:i0114746,6.94061
u0035485:i0117060,6.94061
u0035485:i0118571,6.94061
u0035485:i0120755,6.94061
u0035485:i0121765,6.94061
u0035485:i0181689,6.94061
u0035485:i0247586,6.94061
u0035485:i0317705,6.94061
u0035485:i0317919,6.94061
u0035485:i0361748,6.94061
u0035485:i0365748,6.94061
u0035485:i0369610,6.94061
u0035485:i0396171,6.94061
u0035485:i0425112,6.94061
u0035485:i0469494,6.94061
u0035485:i0470752,6.94061
u0035485:i0478970,6.94061
u0035485:i0482571,6.94061
u0035485:i0787474,6.94061
u0035485:i1020072,6.94061
u0035485:i1100089,6.94061
u0035485:i1130884,6.94061
u0035485:i1213663,6.94061
u0035485:i1229238,6.94061
u0035485:i1392190,6.94061
u0035485:i1502712,6.94061
u0035485:i1560747,6.94061
u0035485:i1661199,6.94061
u0035485:i1791528,6.94061
u0035485:i1911658,6.94061
u0035485:i1951265,6.94061
u0035485:i2013293,6.94061
u0035485:i2059171,6.94061
u0035485:i2084970,6.94061
u0035485:i2096673,6.94061
u0035485:i2170439,6.94061
u0035485:i2170593,6.94061
u0035485:i2179136,6.94061
u0035485:i2180411,6.94061
u0035485:i2279373,6.94061
u0035485:i2293640,6.94061
u0035485:i2316411,6.94061
u0035485:i2321549,6.94061
u0035485:i2322441,6.94061
u0035485:i2358891,6.94061
u0035485:i2381249,6.94061
u0035485:i2397535,6.94061
u0035485:i2562232,6.94061
u0035485:i2582802,6.94061
u0035485:i2870756,6.94061
u0035485:i2872718,6.94061
u0035485:i2911666,6.94061
u0035485:i2980516,6.94061
u0035485:i3011894,6.94061
u0035485:i3079380,6.94061
u0035485:i3316960,6.94061
u0035485:i3622592,6.94061
u0035485:i3819668,6.94061
u0035488:i1666287,6.7345
u0035488:i2199571,6.7345
u0035488:i2381249,6.7345
u0035493:i0470752,7.28756
u0035493:i0816692,7.28756
u0035493:i0907657,7.28756
u0035493:i1714915,7.28756
u0035493:i2980516,7.28756
u0035498:i0147800,7.41959
u0035498:i0478970,7.41959
u0035498:i1020072,7.41959
u0035498:i2908446,7.41959
u0035520:i0470752,7.60697
u0035520:i1853728,7.60697
u0035520:i1905041,7.60697
u0035520:i2096673,7.60697
u0035520:i2279373,7.60697
u0035520:i2293640,7.60697
u0035520:i2358925,7.60697
u0035520:i2395427,7.60697
u0035520:i2788710,7.60697
u0035520:i2911666,7.60697
u0035520:i2967224,7.60697
u0035520:i3152624,7.60697
u0035520:i3450650,7.60697
u0035541:i0369610,7.28189
u0035541:i1392190,7.22403
u0035541:i1798684,7.19593
u0035559:i0094625,7.92598
u0035559:i0420294,7.92598
u0035559:i1661199,7.92598
u0035559:i2044801,7.92598
u0035582:i0478970,8.19833
u0035582:i1392190,8.19833
u0035582:i1661199,8.19833
u0035582:i1964418,8.19833
u0035582:i2381249,8.19833
u0035582:i2395427,8.19833
u0035582:i2637276,8.19833
u0035582:i2820852,8.19833
u0035582:i3079380,8.19833
u0035587:i0090605,7.34789
u0035587:i0117571,7.34789
u0035587:i0212338,7.34789
u0035587:i0364725,7.34789
u0035587:i0365748,7.34789
u0035587:i0369610,7.34789
u0035587:i0390521,7.34789
u0035587:i0396269,7.34789
u0035587:i0425112,7.34789
u0035587:i0942385,7.34789
u0035587:i1014763,7.34789
u0035587:i1029360,7.34789
u0035587:i1083462,7.34789
u0035587:i1156398,7.34789
u0035587:i1213663,7.34789
u0035587:i1340138,7.34789
u0035587:i1392190,7.34789
u0035587:i1622547,7.34789
u0035587:i1780798,7.34789
u0035587:i1814643,7.34789
u0035587:i1924435,7.34789
u0035587:i2179136,7.34789
u0035587:i2293640,7.34789
u0035587:i2381941,7.34789
u0035587:i2561546,7.34789
u0035587:i2755016,7.34789
u0035587:i2820852,7.34789
u0035587:i3195644,7.34789
u0035587:i3235888,7.34789
u0035626:i2084970,7.43514
u0035626:i2126355,7.43514
u0035626:i2820852,7.43514
u0035627:i0076759,6.44988
u0035627:i0080684,6.67497
u0035627:i0086190,6.20009
u0035627:i0120667,5.59706
u0035627:i0120915,6.38186
u0035627:i0121765,6.03902
u0035627:i0121766,6.19896
u0035627:i0145487,6.32653
u0035627:i0158983,6.49334
u0035627:i0316654,6.42991
u0035627:i0371746,6.89176
u0035627:i0418279,6.11373
u0035627:i0430304,0
u0035627:i0486576,4.62322
u0035627:i0800369,7.03264
u0035627:i0948470,6.36876
u0035627:i1055369,6.18382
u0035627:i1133985,6.28136
u0035627:i1250777,6.69434
u0035627:i1399103,5.87131
u0035627:i1872181,7.15613
u0035627:i2109248,7.27752
u0035627:i2226417,6.87161
u0035630:i0119008,8.30751
u0035630:i1020072,8.30751
u0035630:i1100089,8.30751
u0035630:i2179136,8.30751
u0035630:i2870708,8.30751
u0035654:i0470752,7.28398
u0035654:i1392190,7.23014
u0035654:i2273657,7.01622
u0035654:i2802144,7.29484
u0035654:i3472226,7.07514
u0035669:i0470752,7.76782
u0035669:i2126355,7.76782
u0035669:i2179136,7.76782
u0035669:i2381249,7.76782
u0035669:i2802144,7.76782
u0035691:i0347304,0
u0035691:i0456165,0
u0035691:i1084972,0
u0035691:i1185420,3.96299
u0035691:i2372222,5.3817
u0035691:i3863552,7.12091
u0035711:i0174856,7.43514
u0035711:i1065073,7.43514
u0035711:i2084970,7.43514
u0035711:i2338151,7.43514
u0035711:i2562232,7.43514
u0035711:i2713180,7.43514
u0035711:i2872732,7.43514
u0035722:i0884328,7.60697
u0035722:i1217613,7.60697
u0035722:i1270850,7.60697
u0035722:i1392214,7.60697
u0035722:i1790885,7.60697
u0035722:i1913166,7.60697
u0035722:i2278388,7.60697
u0035722:i2395427,7.60697
u0035722:i2403029,7.60697
u0035722:i2760634,7.60697
u0035722:i2820852,7.60697
u0035722:i3488462,7.60697
u0035722:i3663040,7.60697
u0035730:i0800369,6.65167
u0035730:i1340138,6.65167
u0035730:i2126355,6.65167
u0035747:i0278504,7.25548
u0035747:i0362227,7.25548
u0035747:i0383216,7.25548
u0035747:i0404032,7.25548
u0035747:i1872194,7.25548
u0035747:i2084970,7.25548
u0035759:i0369610,7.28981
u0035759:i0471042,3.71341
u0035759:i0884732,7.23474
u0035759:i1220719,4.66756
u0035759:i1386932,2.73922
u0035759:i1392190,7.23625
u0035759:i1655441,7.20765
u0035759:i1674771,7.19684
u0035759:i1723121,6.61289
u0035759:i2088003,6.94977
u0035759:i2126355,7.36822
u0035759:i2223990,6.93975
u0035759:i2231253,7.22282
u0035759:i2302755,6.71988
u0035759:i2395427,7.34493
u0035759:i2802144,7.30173
u0035759:i2820852,7.28785
u0035759:i3079380,7.19106
u0035791:i2084970,7.76846
u0035791:i2179136,7.76846
u0035791:i2515030,7.76846
u0035791:i2713180,7.76846
u0035791:i2980516,7.76846
u0035818:i0482571,6.1527
u0035818:i0844479,3.96299
u0035818:i0970179,6.68402
u0035818:i1235166,4.71564
u0035818:i1392190,7.24237
u0035818:i2387433,7.1265
u0035818:i2802144,7.30862
u0035818:i3168230,7.3261
u0035826:i0031385,7.92598
u0035826:i0048652,7.92598
u0035826:i0049845,7.92598
u0035826:i0086879,7.92598
u0035826:i0088847,7.92598
u0035826:i0119654,7.92598
u0035826:i0120338,7.92598
u0035826:i0120912,7.92598
u0035826:i0180093,7.92598
u0035826:i0246464,7.92598
u0035826:i0259446,7.92598
u0035826:i0386117,7.92598
u0035826:i0461770,7.92598
u0035826:i0462538,7.92598
u0035826:i0783233,7.92598
u0035826:i0816692,7.92598
u0035826:i0898367,7.92598
u0035826:i1055369,7.92598
u0035826:i1126590,7.92598
u0035826:i1282140,7.92598
u0035826:i1341167,7.92598
u0035826:i1409024,7.92598
u0035826:i1428538,7.92598
u0035826:i1535108,7.92598
u0035826:i1560747,7.92598
u0035826:i1605717,7.92598
u0035826:i1764234,7.92598
u0035826:i1785612,7.92598
u0035826:i1843866,7.92598
u0035826:i2245084,7.92598
u0035826:i2322441,7.92598
u0035826:i2404311,7.92598
u0035826:i2562232,7.92598
u0035826:i2872718,7.92598
u0035826:i3169706,7.92598
u0035839:i0053084,7.98752
u0035839:i0061184,7.98752
u0035839:i0064099,7.98752
u0035839:i0066026,7.98752
u0035839:i0070077,7.98752
u0035839:i0070510,7.98752
u0035839:i0072226,7.98752
u0035839:i0086541,7.98752
u0035839:i0088184,7.98752
u0035839:i0095037,7.98752
u0035839:i0100469,7.98752
u0035839:i0108122,7.98752
u0035839:i0113725,7.98752
u0035839:i0114671,7.98752
u0035839:i0118789,7.98752
u0035839:i0120255,7.98752
u0035839:i0254686,7.98752
u0035839:i0280707,7.98752
u0035839:i0352520,7.98752
u0035839:i0406280,7.98752
u0035839:i0419294,7.98752
u0035839:i3205376,7.98752
u0035846:i0069097,6.83384
u0035846:i0073312,6.83384
u0035846:i0107507,6.83384
u0035846:i0113819,6.83384
u0035846:i0158371,6.83384
u0035846:i1798684,6.83384
u0035852:i0069528,7.342
u0035852:i0115751,7.342
u0035852:i0146309,7.342
u0035852:i0278731,7.342
u0035852:i0312549,7.342
u0035852:i0462373,7.342
u0035852:i0790724,7.342
u0035852:i0944835,7.342
u0035852:i0974613,7.342
u0035852:i1073241,7.342
u0035852:i1226753,7.342
u0035852:i1489881,7.342
u0035852:i1617661,7.342
u0035852:i1700845,7.342
u0035852:i1808339,7.342
u0035852:i1839654,7.342
u0035852:i1980929,7.342
u0035852:i2267998,7.342
u0035852:i2404181,7.342
u0035852:i2562232,7.342
u0035852:i2582802,7.342
u0035852:i2725962,7.342
u0035852:i2802144,7.342
u0035852:i2935476,7.342
u0035852:i3007512,7.342
u0035860:i0110413,7.67
u0035860:i0338013,7.67
u0035860:i1675192,7.67
u0035860:i1809398,7.67
u0035860:i1951265,7.67
u0035860:i2084970,7.67
u0035860:i2096672,7.67
u0035860:i2170593,7.67
u0035860:i2305051,7.67
u0035860:i2377322,7.67
u0035860:i2562232,7.67
u0035860:i2582802,7.67
u0035860:i2872718,7.67
u0035860:i2980516,7.67
u0035860:i3399024,7.67
u0035891:i2084970,7.27532
u0035891:i2562232,7.27532
u0035891:i3079380,7.27532
u0035898:i1065073,6.37309
u0035898:i2084970,6.37309
u0035898:i2582802,6.37309
u0035929:i0443706,7.41959
u0035929:i0499549,7.41959
u0035929:i0816692,7.41959
u0035929:i1924396,7.41959
u0035929:i2562232,7.41959
u0035929:i2802144,7.41959
u0035929:i2872718,7.41959
u0035938:i0829150,8.11036
u0035938:i2395427,8.11036
u0035938:i2802144,8.11036
u0035938:i2975578,8.11036
u0035994:i0470752,7.29656
u0035994:i0800080,6.53565
u0035994:i0970416,5.82665
u0035994:i0970452,4.47322
u0035994:i1014763,7.0784
u0035994:i1109624,7.26268
u0035994:i1121096,7.275
u0035994:i1392190,7.24849
u0035994:i1600195,4.72028
u0035994:i1790885,6.63484
u0035994:i1809398,7.26131
u0035994:i1823672,7.339
u0035994:i1972779,7.31422
u0035994:i2039393,7.32981
u0035994:i2084970,7.32967
u0035994:i2183034,6.62141
u0035994:i2194499,7.08039
u0035994:i2199571,7.21691
u0035994:i2224026,7.28901
u0035994:i2290553,6.41024
u0035994:i2343793,6.47834
u0035994:i2395427,7.35289
u0035994:i2436386,7.33031
u0035994:i2493486,6.94108
u0035994:i2802144,7.31552
u0035994:i2820852,7.29746
u0035994:i2908446,7.19831
u0035994:i2952602,3.93576
u0035994:i2980516,7.31096
u0035994:i3316960,7.27997
u0036016:i0054494,3.94564
u0036016:i0070337,0
u0036016:i1990352,0
u0036016:i4322280,0
u0036021:i1319694,7.31615
u0036021:i1617661,7.31615
u0036021:i2562232,7.31615
u0036021:i2802144,7.31615
u0036021:i2820852,7.31615
u0036030:i1392190,7.01876
u0036030:i2395427,7.01876
u0036030:i2582802,7.01876
u0036030:i2820852,7.01876
u0036032:i0010323,8.29193
u0036032:i0032138,8.29193
u0036032:i0035140,8.29193
u0036032:i0108394,8.29193
u0036032:i0111495,8.29193
u0036032:i0111507,8.29193
u0036032:i0112697,8.29193
u0036032:i1126590,8.29193
u0036032:i3630276,8.29193
u0036032:i4365412,8.29193
u0036046:i0052618,7.26414
u0036046:i0206634,7.26414
u0036046:i0369610,7.26414
u0036046:i0478970,7.26414
u0036046:i1109624,7.26414
u0036046:i1392190,7.26414
u0036046:i2084970,7.26414
u0036046:i2096673,7.26414
u0036046:i2139555,7.26414
u0036046:i2381249,7.26414
u0036046:i2395427,7.26414
u0036046:i2402101,7.26414
u0036046:i2466684,7.26414
u0036046:i2562232,7.26414
u0036046:i2582802,7.26414
u0036046:i2802144,7.26414
u0036046:i3038664,7.26414
u0036046:i3086442,7.26414
u0036046:i3345472,7.26414
u0036046:i3345474,7.26414
u0036046:i3612616,7.26414
u0036048:i0100157,7.30886
u0036048:i0112818,7.30886
u0036048:i0116282,7.30886
u0036048:i0124315,7.30886
u0036048:i1065073,7.30886
u0036048:i1726592,7.30886
u0036048:i2084970,7.30886
u0036048:i2125608,7.30886
u0036048:i2171815,7.30886
u0036048:i2179136,7.30886
u0036048:i2431286,7.30886
u0036048:i2562232,7.30886
u0036048:i2582802,7.30886
u0036048:i2764784,7.30886
u0036048:i2872718,7.30886
u0036048:i2980516,7.30886
u0036048:i3011894,7.30886
u0036048:i3316960,7.30886
u0036048:i3630276,7.30886
u0036048:i4114744,7.30886
u0036049:i1086772,7.54485
u0036049:i1666801,7.54485
u0036049:i1924435,7.54485
u0036049:i2027231,7.54485
u0036049:i2034031,7.54485
u0036049:i2096672,7.54485
u0036049:i2106361,7.54485
u0036049:i2170593,7.54485
u0036049:i2179136,7.54485
u0036049:i2199571,7.54485
u0036049:i2238050,7.54485
u0036049:i2446042,7.54485
u0036057:i1156398,7.04882
u0036057:i1229340,6.78861
u0036057:i1282140,6.71928
u0036057:i1924435,7.19692
u0036126:i1891757,0
u0036126:i1921064,7.09598
u0036126:i2338151,7.14306
u0036126:i2788710,7.31269
u0036126:i2980516,7.32071
u0036159:i0369610,7.60697
u0036159:i0458481,7.60697
u0036159:i1392190,7.60697
u0036159:i1447791,7.60697
u0036159:i1850397,7.60697
u0036159:i1951265,7.60697
u0036159:i2084970,7.60697
u0036159:i2179136,7.60697
u0036159:i2395427,7.60697
u0036159:i2562232,7.60697
u0036159:i2788710,7.60697
u0036159:i2802144,7.60697
u0036159:i2918436,7.60697
u0036159:i3042408,7.60697
u0036159:i3322940,7.60697
u0036159:i3475504,7.60697
u0036159:i3698408,7.60697
u0036187:i0369610,7.75062
u0036187:i0478970,7.75062
u0036187:i1392190,7.75062
u0036187:i2096673,7.75062
u0036187:i2179136,7.75062
u0036187:i2395427,7.75062
u0036187:i2402101,7.75062
u0036187:i2582802,7.75062
u0036187:i2802144,7.75062
u0036187:i3235888,7.75062
u0036189:i0120791,7.67
u0036189:i0232500,7.67
u0036189:i0306841,7.67
u0036189:i0322259,7.67
u0036189:i0337909,7.67
u0036189:i0369610,7.67
u0036189:i0822832,7.67
u0036189:i0884732,7.67
u0036189:i0970416,7.67
u0036189:i1014763,7.67
u0036189:i1245492,7.67
u0036189:i1311060,7.67
u0036189:i1392190,7.67
u0036189:i1412386,7.67
u0036189:i1414382,7.67
u0036189:i1533053,7.67
u0036189:i1567437,7.67
u0036189:i1655441,7.67
u0036189:i1661199,7.67
u0036189:i1666801,7.67
u0036189:i1823672,7.67
u0036189:i2179136,7.67
u0036189:i2180411,7.67
u0036189:i2224026,7.67
u0036189:i2358925,7.67
u0036189:i2395427,7.67
u0036189:i2404311,7.67
u0036189:i2555736,7.67
u0036189:i2788710,7.67
u0036189:i2802144,7.67
u0036189:i2820852,7.67
u0036189:i2848292,7.67
u0036189:i2908446,7.67
u0036189:i2980516,7.67
u0036189:i3079380,7.67
u0036189:i3235888,7.67
u0036189:i3268030,7.67
u0036189:i3316960,7.67
u0036198:i0279113,3.96299
u0036198:i1100089,7.33566
u0036198:i2179136,7.38413
u0036198:i2562232,7.34375
u0036209:i0816692,7.1165
u0036209:i1809398,7.28946
u0036209:i2084970,7.33727
u0036209:i2096672,7.3621
u0036209:i2179136,7.39208
u0036209:i2446042,7.38422
u0036209:i2692250,7.36654
u0036209:i2980516,7.33047
u0036209:i3045616,7.29949
u0036209:i4178092,7.14601
u0036232:i0107614,7.81851
u0036232:i0369610,7.81851
u0036232:i0453562,7.81851
u0036232:i0825232,7.81851
u0036232:i1086772,7.81851
u0036232:i2096673,7.81851
u0036232:i2103264,7.81851
u0036232:i2179136,7.81851
u0036232:i2395427,7.81851
u0036232:i2872732,7.81851
u0036232:i2980648,7.81851
u0036232:i4229236,7.81851
u0036245:i0078748,6.70233
u0036245:i0088000,4.55721
u0036245:i0093773,6.52377
u0036245:i0100814,6.15568
u0036245:i0108339,0
u0036245:i0251736,0
u0036245:i0389722,5.75366
u0036245:i0395584,6.2348
u0036245:i0923600,0
u0036245:i1340138,7.3069
u0036245:i1343727,6.96836
u0036245:i1674771,7.25997
u0036245:i1945084,7.07756
u0036245:i2010976,0
u0036245:i2184339,6.84385
u0036245:i2321501,3.68957
u0036245:i2350852,3.41692
u0036245:i2388715,7.06528
u0036245:i2473682,6.11263
u0036245:i2793490,6.96441
u0036245:i2872732,7.27573
u0036245:i2910508,6.3105
u0036245:i2911666,7.38311
u0036250:i1033575,7.15417
u0036250:i1265990,5.1099
u0036250:i2582802,7.33387
u0036289:i0095742,6.9169
u0036289:i0361862,6.9169
u0036289:i1798684,6.9169
u0036289:i2582802,6.9169
u0036289:i2980516,6.9169
u0036300:i0209144,6.74436
u0036300:i0365907,6.74436
u0036300:i0816692,6.74436
u0036300:i0884732,6.74436
u0036300:i1100089,6.74436
u0036300:i1126590,6.74436
u0036300:i1182345,6.74436
u0036300:i1528100,6.74436
u0036300:i1600196,6.74436
u0036300:i1629705,6.74436
u0036300:i1790864,6.74436
u0036300:i1809398,6.74436
u0036300:i1865505,6.74436
u0036300:i1921149,6.74436
u0036300:i1980929,6.74436
u0036300:i2084970,6.74436
u0036300:i2096672,6.74436
u0036300:i2170439,6.74436
u0036300:i2170593,6.74436
u0036300:i2199571,6.74436
u0036300:i2224026,6.74436
u0036300:i2245084,6.74436
u0036300:i2305051,6.74436
u0036300:i2310332,6.74436
u0036300:i2381335,6.74436
u0036300:i2381941,6.74436
u0036300:i2446042,6.74436
u0036300:i2562232,6.74436
u0036300:i2582802,6.74436
u0036300:i2692250,6.74436
u0036300:i2788710,6.74436
u0036300:i2802144,6.74436
u0036300:i2820852,6.74436
u0036300:i2872718,6.74436
u0036300:i2908446,6.74436
u0036300:i2980516,6.74436
u0036300:i3186318,6.74436
u0036300:i3538766,6.74436
u0036301:i0000417,6.94061
u0036301:i0086879,6.94061
u0036301:i0092965,6.94061
u0036301:i0095765,6.94061
u0036301:i0101414,6.94061
u0036301:i0102070,6.94061
u0036301:i0243655,6.94061
u0036301:i0397892,6.94061
u0036301:i0455944,6.94061
u0036301:i0470752,6.94061
u0036301:i0478970,6.94061
u0036301:i0479952,6.94061
u0036301:i0837562,6.94061
u0036301:i0891592,6.94061
u0036301:i0948470,6.94061
u0036301:i0993846,6.94061
u0036301:i1065073,6.94061
u0036301:i1109624,6.94061
u0036301:i1121096,6.94061
u0036301:i1205537,6.94061
u0036301:i1211956,6.94061
u0036301:i1229340,6.94061
u0036301:i1277953,6.94061
u0036301:i1392190,6.94061
u0036301:i1412386,6.94061
u0036301:i1430607,6.94061
u0036301:i1545660,6.94061
u0036301:i1596365,6.94061
u0036301:i1661199,6.94061
u0036301:i1671547,6.94061
u0036301:i1682181,6.94061
u0036301:i1823664,6.94061
u0036301:i1823672,6.94061
u0036301:i1840309,6.94061
u0036301:i1843866,6.94061
u0036301:i1865505,6.94061
u0036301:i1911658,6.94061
u0036301:i1921064,6.94061
u0036301:i1951265,6.94061
u0036301:i1959490,6.94061
u0036301:i1981677,6.94061
u0036301:i2006040,6.94061
u0036301:i2084970,6.94061
u0036301:i2106361,6.94061
u0036301:i2177771,6.94061
u0036301:i2179136,6.94061
u0036301:i2184339,6.94061
u0036301:i2194499,6.94061
u0036301:i2209764,6.94061
u0036301:i2224026,6.94061
u0036301:i2245084,6.94061
u0036301:i2262227,6.94061
u0036301:i2267998,6.94061
u0036301:i2273657,6.94061
u0036301:i2278388,6.94061
u0036301:i2281587,6.94061
u0036301:i2305051,6.94061
u0036301:i2333784,6.94061
u0036301:i2333804,6.94061
u0036301:i2395427,6.94061
u0036301:i2446042,6.94061
u0036301:i2555736,6.94061
u0036301:i2557490,6.94061
u0036301:i2561572,6.94061
u0036301:i2562232,6.94061
u0036301:i2692250,6.94061
u0036301:i2713180,6.94061
u0036301:i2717822,6.94061
u0036301:i2752688,6.94061
u0036301:i2788710,6.94061
u0036301:i2802144,6.94061
u0036301:i2848292,6.94061
u0036301:i2872718,6.94061
u0036301:i2872732,6.94061
u0036301:i2872750,6.94061
u0036301:i2908446,6.94061
u0036301:i2911666,6.94061
u0036301:i2980706,6.94061
u0036301:i3169706,6.94061
u0036301:i3235888,6.94061
u0036301:i3416742,6.94061
u0036301:i3462002,6.94061
u0036301:i4257858,6.94061
u0036301:i4284010,6.94061
u0036323:i0816692,5.6668
u0036323:i0884328,5.6668
u0036323:i1049413,5.6668
u0036323:i1065073,5.6668
u0036323:i1232829,5.6668
u0036323:i2034031,5.6668
u0036323:i2084970,5.6668
u0036323:i2179136,5.6668
u0036323:i2505294,5.6668
u0036323:i2582802,5.6668
u0036329:i2084970,7.92598
u0036329:i2179136,7.92598
u0036329:i2322441,7.92598
u0036329:i2980516,7.92598
u0036329:i3316960,7.92598
u0036351:i0068699,7.89127
u0036351:i0070666,7.89127
u0036351:i0081398,7.89127
u0036351:i0144117,7.89127
u0036351:i0211915,7.89127
u0036351:i0362270,7.89127
u0036351:i0780536,7.89127
u0036351:i0816692,7.89127
u0036351:i1196948,7.89127
u0036351:i1210166,7.89127
u0036351:i1305806,7.89127
u0036351:i1392190,7.89127
u0036351:i1568921,7.89127
u0036351:i1659337,7.89127
u0036351:i1872194,7.89127
u0036351:i2170593,7.89127
u0036351:i3042408,7.89127
u0036351:i3729920,7.89127
u0036367:i0113986,7.85396
u0036367:i0215750,7.85396
u0036367:i0251127,7.85396
u0036367:i0369610,7.85396
u0036367:i0458339,7.85396
u0036367:i0758766,7.85396
u0036367:i0800369,7.85396
u0036367:i1041829,7.85396
u0036367:i1121096,7.85396
u0036367:i1340138,7.85396
u0036367:i1392190,7.85396
u0036367:i1528100,7.85396
u0036367:i1617661,7.85396
u0036367:i1632708,7.85396
u0036367:i1798684,7.85396
u0036367:i1823672,7.85396
u0036367:i2096672,7.85396
u0036367:i2338151,7.85396
u0036367:i2493486,7.85396
u0036367:i2509850,7.85396
u0036367:i2562232,7.85396
u0036367:i2582802,7.85396
u0036367:i2692250,7.85396
u0036367:i2911666,7.85396
u0036368:i2084970,7.47511
u0036368:i2305051,7.47511
u0036368:i2459156,7.47511
u0036368:i2562232,7.47511
u0036368:i2965412,7.47511
u0036368:i3630276,7.47511
u0036383:i2084970,7.60697
u0036383:i2562232,7.60697
u0036383:i2582802,7.60697
u0036385:i0069994,0
u0036385:i1509109,0
u0036385:i1535616,5.00084
u0036385:i2005367,0
u0036385:i2280302,0
u0036385:i3685922,0
u0036439:i0070735,7.84468
u0036439:i0478970,7.84468
u0036439:i2109248,7.84468
u0036439:i2381249,7.84468
u0036480:i1045658,7.69718
u0036480:i1392190,7.69718
u0036480:i1972571,7.69718
u0036480:i2980516,7.69718
u0036480:i3612616,7.69718
u0036480:i3630276,7.69718
u0036505:i0304415,5.88391
u0036505:i0470752,7.30916
u0036505:i0816442,7.01556
u0036505:i0900387,6.82748
u0036505:i1392190,7.25462
u0036505:i1433811,6.71201
u0036505:i2402101,7.10916
u0036505:i2404425,7.29832
u0036505:i3235888,7.34161
u0036520:i0050091,7.60697
u0036520:i0096754,7.60697
u0036520:i0099582,7.60697
u0036520:i0101393,7.60697
u0036520:i0816692,7.60697
u0036520:i1446714,7.60697
u0036536:i0066921,6.77254
u0036536:i0068646,6.1598
u0036536:i0108052,6.93556
u0036536:i0109830,6.69956
u0036536:i0110912,6.52452
u0036536:i0114369,6.30877
u0036536:i0120735,5.33781
u0036536:i0133093,6.80707
u0036536:i0166924,6.5358
u0036536:i0180093,6.89755
u0036536:i0253474,6.47365
u0036536:i0277027,6.3479
u0036536:i0361748,6.89539
u0036536:i0371724,6.04078
u0036536:i0485947,5.96476
u0036536:i1253863,7.09384
u0036536:i1345836,5.75692
u0036536:i1638355,7.30305
u0036536:i1790864,7.14668
u0036536:i1853728,6.15159
u0036536:i2267998,7.25811
u0036536:i2582846,6.86742
u0036536:i2713180,7.36271
u0036536:i2908446,7.21831
u0036537:i0442933,3.835
u0036537:i0469494,6.81799
u0036537:i0478970,7.2429
u0036537:i0770828,7.11584
u0036537:i1483013,6.78148
u0036537:i2395427,7.36086
u0036540:i0385002,7.67
u0036540:i0424136,7.67
u0036540:i0467406,7.67
u0036540:i0993846,7.67
u0036540:i1091722,7.67
u0036540:i1156398,7.67
u0036540:i1210166,7.67
u0036540:i1513914,7.67
u0036540:i1617661,7.67
u0036540:i3970854,7.67
u0036540:i4126304,7.67
u0036544:i1065073,7.26147
u0036544:i2582802,7.34196
u0036544:i2872718,7.36989
u0036550:i0070666,7.50908
u0036550:i0089530,7.50908
u0036550:i0108550,7.50908
u0036550:i0111512,7.50908
u0036550:i0120188,7.50908
u0036550:i0159273,7.50908
u0036550:i0215750,7.50908
u0036550:i0320661,7.50908
u0036550:i0831387,7.50908
u0036550:i1206543,7.50908
u0036550:i1389137,7.50908
u0036550:i1392190,7.50908
u0036550:i2042568,7.50908
u0036559:i0041327,7.62624
u0036559:i0056389,7.62624
u0036559:i0059927,7.62624
u0036559:i0063415,7.62624
u0036559:i0064612,7.62624
u0036559:i0070895,7.62624
u0036559:i0073341,7.62624
u0036559:i0074848,7.62624
u0036559:i0100211,7.62624
u0036559:i0903657,7.62624
u0036559:i1126590,7.62624
u0036559:i1272041,7.62624
u0036559:i1441395,7.62624
u0036559:i1638355,7.62624
u0036559:i2382298,7.62624
u0036559:i2870808,7.62624
u0036559:i2872718,7.62624
u0036559:i2910274,7.62624
u0036559:i3011894,7.62624
u0036559:i3090634,7.62624
u0036559:i3093546,7.62624
u0036559:i3230082,7.62624
u0036559:i3235888,7.62624
u0036559:i3715320,7.62624
u0036559:i3858372,7.62624
u0036559:i3904770,7.62624
u0036566:i0004518,8.34735
u0036566:i0004546,8.34735
u0036566:i0358082,8.34735
u0036566:i0829482,8.34735
u0036566:i1840309,8.34735
u0036575:i0386741,3.77201
u0036575:i0432283,5.91064
u0036575:i2245084,7.32225
u0036596:i0110912,6.63701
u0036596:i0120735,5.54311
u0036596:i0144117,5.93699
u0036596:i0259072,0
u0036596:i1213648,6.25233
u0036596:i2562232,7.35152
u0036596:i2980516,7.34024
u0036620:i0268978,7.60697
u0036620:i0327056,7.60697
u0036620:i0361748,7.60697
u0036620:i0369610,7.60697
u0036620:i0464041,7.60697
u0036620:i0470752,7.60697
u0036620:i0914798,7.60697
u0036620:i0971209,7.60697
u0036620:i1014763,7.60697
u0036620:i1120985,7.60697
u0036620:i1126590,7.60697
u0036620:i1172570,7.60697
u0036620:i1182345,7.60697
u0036620:i1243974,7.60697
u0036620:i1285016,7.60697
u0036620:i1392190,7.60697
u0036620:i1392214,7.60697
u0036620:i1441953,7.60697
u0036620:i1582248,7.60697
u0036620:i1598642,7.60697
u0036620:i1629757,7.60697
u0036620:i1638002,7.60697
u0036620:i1648216,7.60697
u0036620:i1655441,7.60697
u0036620:i1661199,7.60697
u0036620:i1673734,7.60697
u0036620:i1723811,7.60697
u0036620:i1791682,7.60697
u0036620:i1797504,7.60697
u0036620:i1810683,7.60697
u0036620:i1823672,7.60697
u0036620:i1850397,7.60697
u0036620:i1872194,7.60697
u0036620:i1972779,7.60697
u0036620:i2053425,7.60697
u0036620:i2084970,7.60697
u0036620:i2092011,7.60697
u0036620:i2101569,7.60697
u0036620:i2140379,7.60697
u0036620:i2182972,7.60697
u0036620:i2261331,7.60697
u0036620:i2273657,7.60697
u0036620:i2278388,7.60697
u0036620:i2305051,7.60697
u0036620:i2322441,7.60697
u0036620:i2334873,7.60697
u0036620:i2377322,7.60697
u0036620:i2402101,7.60697
u0036620:i2404425,7.60697
u0036620:i2452200,7.60697
u0036620:i2562232,7.60697
u0036620:i2582802,7.60697
u0036620:i2713180,7.60697
u0036620:i2726560,7.60697
u0036620:i2802144,7.60697
u0036620:i2935476,7.60697
u0036620:i2937898,7.60697
u0036620:i3045616,7.60697
u0036620:i3181822,7.60697
u0036620:i3205376,7.60697
u0036620:i3316960,7.60697
u0036620:i3813310,7.60697
u0036636:i2561572,7.25424
u0036636:i2726560,7.02991
u0036636:i2820852,7.30707
u0036636:i3450650,7.07355
u0036641:i1564585,8.14558
u0036641:i1592281,8.14558
u0036641:i2305051,8.14558
u0036648:i1121096,7.55195
u0036648:i1911658,7.55195
u0036648:i2179136,7.55195
u0036648:i2980708,7.55195
u0036666:i0470752,7.60697
u0036666:i0829150,7.60697
u0036666:i1617661,7.60697
u0036671:i0047396,7.69468
u0036671:i0064115,7.69468
u0036671:i0097165,7.69468
u0036671:i0105323,7.69468
u0036671:i0118799,7.69468
u0036671:i0119174,7.69468
u0036671:i0327056,7.69468
u0036671:i0443706,7.69468
u0036671:i0477348,7.69468
u0036671:i1210166,7.69468
u0036671:i1441395,7.69468
u0036671:i1614989,7.69468
u0036671:i1638355,7.69468
u0036671:i1788391,7.69468
u0036671:i1872194,7.69468
u0036671:i2084970,7.69468
u0036671:i2096673,7.69468
u0036671:i2103281,7.69468
u0036671:i2140373,7.69468
u0036671:i2199571,7.69468
u0036671:i2293640,7.69468
u0036671:i2381941,7.69468
u0036671:i2582802,7.69468
u0036671:i2908446,7.69468
u0036671:i3079380,7.69468
u0036673:i2179136,7.44015
u0036673:i2293640,7.44015
u0036673:i2395427,7.44015
u0036688:i0114814,6.52011
u0036688:i0120783,3.58946
u0036688:i0289043,6.33314
u0036688:i0384680,4.50585
u0036688:i0458481,7.28866
u0036688:i0467406,7.01342
u0036688:i0480249,6.89037
u0036688:i0829482,6.04504
u0036688:i1033643,5.87122
u0036688:i1153706,3.62288
u0036688:i1392190,7.26075
u0036688:i1457767,6.73224
u0036688:i1478338,6.2768
u0036688:i1646987,5.89628
u0036688:i2203939,6.99195
u0036688:i2230358,6.62207
u0036688:i2802144,7.32243
u0036692:i0092099,7.12563
u0036692:i1091191,7.05993
u0036692:i1190080,6.80724
u0036692:i2024469,6.85606
u0036712:i0045152,6.55072
u0036712:i0073486,6.54034
u0036712:i0093779,6.07183
u0036712:i0478970,7.25493
u0036712:i1532503,6.04911
u0036712:i2096673,7.31487
u0036712:i2908446,7.23836
u0036730:i0470752,7.32179
u0036730:i1307068,6.27015
u0036730:i1980929,7.19492
u0036730:i2209764,7.29547
u0036733:i1247690,6.87074
u0036733:i1392190,7.26689
u0036733:i1807944,0
u0036733:i1951181,6.70531
u0036733:i2872718,7.38201
u0036733:i2908446,7.25846
u0036745:i1809398,6.97
u0036745:i2231253,6.97
u0036745:i2381941,6.97
u0036745:i2452200,6.97
u0036745:i3007512,6.97
u0036761:i0816692,7.12682
u0036761:i1305806,6.70703
u0036761:i2872718,7.39415
u0036761:i2980516,7.35003
u0036776:i0056172,7.64118
u0036776:i0074896,7.64118
u0036776:i0081059,7.64118
u0036776:i0083987,7.64118
u0036776:i0086879,7.64118
u0036776:i0095327,7.64118
u0036776:i0095953,7.64118
u0036776:i0099685,7.64118
u0036776:i0133093,7.64118
u0036776:i0172495,7.64118
u0036776:i0217505,7.64118
u0036776:i0330793,7.64118
u0036776:i0332280,7.64118
u0036776:i0338751,7.64118
u0036776:i0361748,7.64118
u0036776:i0365737,7.64118
u0036776:i0365748,7.64118
u0036776:i0407887,7.64118
u0036776:i0434409,7.64118
u0036776:i0452608,7.64118
u0036776:i0465494,7.64118
u0036776:i0470752,7.64118
u0036776:i0477348,7.64118
u0036776:i0780504,7.64118
u0036776:i0816692,7.64118
u0036776:i0970179,7.64118
u0036776:i0985699,7.64118
u0036776:i1032755,7.64118
u0036776:i1092026,7.64118
u0036776:i1130884,7.64118
u0036776:i1192628,7.64118
u0036776:i1340800,7.64118
u0036776:i1504320,7.64118
u0036776:i1568346,7.64118
u0036776:i1783232,7.64118
u0036776:i1911644,7.64118
u0036776:i2024544,7.64118
u0036776:i2084970,7.64118
u0036776:i2562232,7.64118
u0036776:i2582802,7.64118
u0036776:i2820852,7.64118
u0036776:i2911666,7.64118
u0036789:i0443706,7.06504
u0036789:i1065073,7.28264
u0036789:i2055709,4.48323
u0036789:i2338151,7.21378
u0036795:i0109506,7.60697
u0036795:i2395427,7.60697
u0036795:i2802144,7.60697
u0036806:i0093629,8.10228
u0036806:i0099487,8.10228
u0036806:i0180093,8.10228
u0036806:i0300556,8.10228
u0036806:i0405094,8.10228
u0036806:i0470752,8.10228
u0036806:i0480249,8.10228
u0036806:i0829482,8.10228
u0036806:i0945513,8.10228
u0036806:i1392190,8.10228
u0036806:i1798684,8.10228
u0036806:i1823672,8.10228
u0036806:i2039393,8.10228
u0036806:i2172584,8.10228
u0036806:i2179136,8.10228
u0036806:i2305051,8.10228
u0036806:i2381941,8.10228
u0036806:i2493486,8.10228
u0036806:i2515030,8.10228
u0036806:i2608732,8.10228
u0036806:i3235888,8.10228
u0036806:i3534602,8.10228
u0036814:i1065073,8.18143
u0036814:i2084970,8.18143
u0036814:i2179136,8.18143
u0036814:i2278388,8.18143
u0036814:i2582802,8.18143
u0036842:i0059113,7.24473
u0036842:i0094291,7.24473
u0036842:i0369610,7.24473
u0036842:i1823672,7.24473
u0036842:i1939659,7.24473
u0036842:i2261331,7.24473
u0036842:i2557490,7.24473
u0036842:i3247714,7.24473
u0036849:i0120660,7.00425
u0036849:i0213149,7.00425
u0036849:i0317740,7.00425
u0036849:i0332452,7.00425
u0036849:i0368891,7.00425
u0036849:i0461936,7.00425
u0036849:i0465234,7.00425
u0036849:i0816711,7.00425
u0036849:i1093370,7.00425
u0036849:i1340138,7.00425
u0036849:i1392190,7.00425
u0036849:i1638355,7.00425
u0036849:i1655441,7.00425
u0036849:i1661199,7.00425
u0036849:i2179136,7.00425
u0036849:i2293640,7.00425
u0036849:i2321421,7.00425
u0036849:i2381249,7.00425
u0036849:i2381941,7.00425
u0036849:i2395427,7.00425
u0036849:i2424988,7.00425
u0036849:i2446042,7.00425
u0036849:i2631186,7.00425
u0036849:i2788710,7.00425
u0036849:i2802144,7.00425
u0036849:i2820852,7.00425
u0036849:i2976182,7.00425
u0036849:i3079380,7.00425
u0036849:i3447364,7.00425
u0036849:i3469244,7.00425
u0036849:i3767372,7.00425
u0036849:i3836958,7.00425
u0036849:i3863552,7.00425
u0036849:i4430212,7.00425
u0036859:i0470752,7.90696
u0036859:i1016268,7.90696
u0036859:i1213663,7.90696
u0036859:i1242460,7.90696
u0036859:i1392190,7.90696
u0036859:i1424432,7.90696
u0036859:i2395427,7.90696
u0036859:i3547740,7.90696
u0036875:i0081259,7.645
u0036875:i0093894,7.645
u0036875:i0100260,7.645
u0036875:i1034389,7.645
u0036875:i1335975,7.645
u0036875:i1728196,7.645
u0036875:i2310332,7.645
u0036875:i2911666,7.645
u0036875:i3504048,7.645
u0036875:i4044364,7.645
u0036876:i0120338,7.60697
u0036876:i1457767,7.60697
u0036876:i1972779,7.60697
u0036876:i2402157,7.60697
u0036876:i2562232,7.60697
u0036876:i3316960,7.60697
u0036887:i0369610,8.5991
u0036887:i2084970,8.5991
u0036887:i2245084,8.5991
u0036887:i2267998,8.5991
u0036887:i2582802,8.5991
u0036887:i2872718,8.5991
u0036908:i1065073,7.30387
u0036908:i1791528,7.29233
u0036908:i2084970,7.34487
u0036908:i2381941,7.36237
u0036908:i2562232,7.35929
u0036908:i2582802,7.35006
u0036908:i3316960,7.30244
u0036921:i0298203,5.9892
u0036921:i0452594,4.87226
u0036921:i3042408,6.73987
u0036926:i0105695,6.34819
u0036926:i0352248,6.50351
u0036926:i0816692,7.13714
u0036926:i1100089,7.36186
u0036926:i1231583,5.70396
u0036926:i1255953,6.30316
u0036926:i1458175,6.26261
u0036926:i2084970,7.35248
u0036926:i2179136,7.40003
u0036926:i2245084,7.33786
u0036926:i2278388,7.27797
u0036926:i2562232,7.36707
u0036926:i2582802,7.35818
u0036926:i3011894,7.36717
u0036926:i3612616,7.04043
u0036940:i0816692,7.60697
u0036940:i1872194,7.60697
u0036940:i2820852,7.60697
u0036940:i2872718,7.60697
u0036971:i0369610,7.10271
u0036971:i0462499,7.10271
u0036971:i0478970,7.10271
u0036971:i0479143,7.10271
u0036971:i0831387,7.10271
u0036971:i1638355,7.10271
u0036971:i2096672,7.10271
u0036971:i2109248,7.10271
u0036971:i2180411,7.10271
u0036971:i2224026,7.10271
u0036971:i2381249,7.10271
u0036971:i2395427,7.10271
u0036992:i0084649,7.85243
u0036992:i1392190,7.85243
u0036992:i2305051,7.85243
u0036992:i2334649,7.85243
u0036992:i3183630,7.85243
u0037022:i0060182,8.68007
u0037022:i0077394,8.68007
u0037022:i0084726,8.68007
u0037022:i0101540,8.68007
u0037022:i1014763,8.68007
u0037022:i1491044,8.68007
u0037022:i2381941,8.68007
u0037022:i2446042,8.68007
u0037022:i2802144,8.68007
u0037022:i3235888,8.68007
u0037035:i0084726,7.93399
u0037035:i0816692,7.93399
u0037035:i1065073,7.93399
u0037035:i1392190,7.93399
u0037035:i1553944,7.93399
u0037035:i2084970,7.93399
u0037035:i2267998,7.93399
u0037035:i2562232,7.93399
u0037035:i2582802,7.93399
u0037035:i3011894,7.93399
u0037042:i0369610,7.06373
u0037042:i1291584,7.06373
u0037042:i1392190,7.06373
u0037042:i1454029,7.06373
u0037042:i1809398,7.06373
u0037042:i1823672,7.06373
u0037042:i2305051,7.06373
u0037042:i2820852,7.06373
u0037042:i2908446,7.06373
u0037088:i0109830,7.04624
u0037088:i0114814,7.04624
u0037088:i1392190,7.04624
u0037088:i1502712,7.04624
u0037088:i2381941,7.04624
u0037088:i2562232,7.04624
u0037090:i0209144,6.62146
u0037090:i0327137,4.2951
u0037090:i1130884,6.42744
u0037090:i2397535,7.32983
u0037091:i0454876,7.23552
u0037091:i2631186,7.23552
u0037091:i2820852,7.23552
u0037102:i0119008,8.07071
u0037102:i1032755,8.07071
u0037102:i1205489,8.07071
u0037108:i0167261,4.93843
u0037108:i0903624,6.22736
u0037108:i1170358,6.65803
u0037108:i1345836,5.87441
u0037108:i1438173,3.1882
u0037108:i1617661,7.38588
u0037108:i1790864,7.18775
u0037108:i2310332,7.29048
u0037132:i0027652,0
u0037132:i0033467,7.08712
u0037132:i0033717,2.83258
u0037132:i0034583,6.69326
u0037132:i0038669,5.61165
u0037132:i0039302,0
u0037132:i0039631,0
u0037132:i0043014,6.36194
u0037132:i2199571,7.24269
u0037145:i1126590,6.24319
u0037145:i2562232,6.24319
u0037145:i3612616,6.24319
u0037146:i0369610,7.04521
u0037146:i1674771,7.04521
u0037146:i1964418,7.04521
u0037146:i2231253,7.04521
u0037146:i2395427,7.04521
u0037146:i2493486,7.04521
u0037146:i3235888,7.04521
u0037146:i3447364,7.04521
u0037146:i3863552,7.04521
u0037164:i0112573,6.60078
u0037164:i0120338,5.96552
u0037164:i0120737,5.8206
u0037164:i0162222,6.8443
u0037164:i0167260,5.76817
u0037164:i0167261,5.1736
u0037164:i0172495,6.39461
u0037164:i0268978,6.49043
u0037164:i0332280,6.81099
u0037164:i0405422,5.64643
u0037164:i0816692,7.14749
u0037164:i1245492,6.91106
u0037164:i1659337,7.15337
u0037164:i1711425,5.89022
u0037164:i1723121,6.84092
u0037164:i1853728,6.23253
u0037164:i1956620,7.12932
u0037164:i2082197,4.29795
u0037164:i2179136,7.408
u0037164:i2245084,7.35351
u0037164:i2267998,7.27599
u0037164:i2294449,7.19965
u0037164:i2339741,7.37991
u0037164:i2582802,7.3663
u0037164:i2582846,6.94289
u0037164:i2802144,7.32934
u0037164:i2872718,7.40631
u0037164:i2980516,7.35983
u0037164:i3322940,7.26959
u0037164:i3713166,7.21171
u0037174:i0110222,0
u0037174:i0112870,0
u0037174:i0172684,3.44864
u0037174:i0213890,0
u0037174:i0367110,0
u0037174:i1285241,0
u0037174:i2112124,0
u0037180:i0090605,6.43297
u0037180:i0369610,7.29774
u0037180:i1085779,0
u0037180:i1334260,4.66976
u0037180:i1658837,5.67996
u0037180:i2203939,7.14072
u0037180:i2637276,7.03162
u0037186:i0433035,7.41959
u0037186:i0780504,7.41959
u0037186:i0816692,7.41959
u0037186:i0945513,7.41959
u0037186:i1210166,7.41959
u0037186:i1216491,7.41959
u0037186:i1979320,7.41959
u0037186:i2084970,7.41959
u0037186:i2170593,7.41959
u0037186:i2234155,7.41959
u0037186:i2377322,7.41959
u0037186:i2713180,7.41959
u0037186:i2911666,7.41959
u0037186:i2994190,7.41959
u0037186:i3149038,7.41959
u0037219:i0081505,6.77672
u0037219:i0095953,6.77672
u0037219:i0105236,6.77672
u0037219:i0105323,6.77672
u0037219:i0137523,6.77672
u0037219:i0405422,6.77672
u0037219:i0816692,6.77672
u0037219:i1187043,6.77672
u0037219:i1305806,6.77672
u0037219:i1336617,6.77672
u0037219:i1392190,6.77672
u0037219:i1454468,6.77672
u0037219:i1667355,6.77672
u0037219:i2096672,6.77672
u0037219:i2170439,6.77672
u0037219:i2245084,6.77672
u0037219:i2561572,6.77672
u0037219:i2562232,6.77672
u0037219:i2802144,6.77672
u0037219:i2980516,6.77672
u0037219:i3079380,6.77672
u0037219:i3203616,6.77672
u0037232:i0046250,6.99189
u0037232:i2267998,6.99189
u0037232:i2503954,6.99189
u0037232:i2713180,6.99189
u0037234:i0050083,6.79965
u0037234:i0068646,6.79965
u0037234:i0071562,6.79965
u0037234:i0072890,6.79965
u0037234:i0073486,6.79965
u0037234:i0086250,6.79965
u0037234:i0099674,6.79965
u0037234:i0102926,6.79965
u0037234:i0111161,6.79965
u0037234:i0114814,6.79965
u0037234:i0119822,6.79965
u0037234:i0139654,6.79965
u0037234:i0180093,6.79965
u0037234:i0209144,6.79965
u0037234:i0258000,6.79965
u0037234:i0266543,6.79965
u0037234:i0268978,6.79965
u0037234:i0332452,6.79965
u0037234:i0359950,6.79965
u0037234:i0434409,6.79965
u0037234:i0443453,6.79965
u0037234:i0454921,6.79965
u0037234:i0468569,6.79965
u0037234:i0488120,6.79965
u0037234:i0790636,6.79965
u0037234:i0795368,6.79965
u0037234:i0814335,6.79965
u0037234:i0816692,6.79965
u0037234:i0816711,6.79965
u0037234:i0825232,6.79965
u0037234:i0838283,6.79965
u0037234:i0878804,6.79965
u0037234:i0884732,6.79965
u0037234:i0988045,6.79965
u0037234:i0993846,6.79965
u0037234:i1109624,6.79965
u0037234:i1188996,6.79965
u0037234:i1197624,6.79965
u0037234:i1205489,6.79965
u0037234:i1210166,6.79965
u0037234:i1212450,6.79965
u0037234:i1242422,6.79965
u0037234:i1285016,6.79965
u0037234:i1291584,6.79965
u0037234:i1345836,6.79965
u0037234:i1371150,6.79965
u0037234:i1392190,6.79965
u0037234:i1392214,6.79965
u0037234:i1454468,6.79965
u0037234:i1515091,6.79965
u0037234:i1535109,6.79965
u0037234:i1542344,6.79965
u0037234:i1599348,6.79965
u0037234:i1631867,6.79965
u0037234:i1637725,6.79965
u0037234:i1670345,6.79965
u0037234:i1675434,6.79965
u0037234:i1698641,6.79965
u0037234:i1798709,6.79965
u0037234:i1853728,6.79965
u0037234:i1979320,6.79965
u0037234:i2024544,6.79965
u0037234:i2170439,6.79965
u0037234:i2170593,6.79965
u0037234:i2179136,6.79965
u0037234:i2209764,6.79965
u0037234:i2267998,6.79965
u0037234:i2278388,6.79965
u0037234:i2316411,6.79965
u0037234:i2369135,6.79965
u0037234:i2404425,6.79965
u0037234:i2446042,6.79965
u0037234:i2561572,6.79965
u0037234:i2562232,6.79965
u0037234:i2567712,6.79965
u0037234:i2582802,6.79965
u0037234:i2637276,6.79965
u0037234:i2802144,6.79965
u0037234:i2872718,6.79965
u0037234:i2911666,6.79965
u0037234:i2980516,6.79965
u0037234:i3042408,6.79965
u0037234:i3235888,6.79965
u0037234:i3450650,6.79965
u0037253:i0369610,7.66515
u0037253:i0371746,7.66515
u0037253:i0409459,7.66515
u0037253:i0455944,7.66515
u0037253:i0458481,7.66515
u0037253:i0458525,7.66515
u0037253:i0470752,7.66515
u0037253:i0478970,7.66515
u0037253:i0780536,7.66515
u0037253:i0800080,7.66515
u0037253:i0800369,7.66515
u0037253:i0848228,7.66515
u0037253:i0947798,7.66515
u0037253:i1029360,7.66515
u0037253:i1181791,7.66515
u0037253:i1194173,7.66515
u0037253:i1228705,7.66515
u0037253:i1298649,7.66515
u0037253:i1300854,7.66515
u0037253:i1307068,7.66515
u0037253:i1314655,7.66515
u0037253:i1392190,7.66515
u0037253:i1418377,7.66515
u0037253:i1456635,7.66515
u0037253:i1464580,7.66515
u0037253:i1470827,7.66515
u0037253:i1611224,7.66515
u0037253:i1617661,7.66515
u0037253:i1764234,7.66515
u0037253:i1823672,7.66515
u0037253:i1840309,7.66515
u0037253:i1853739,7.66515
u0037253:i1924435,7.66515
u0037253:i1964418,7.66515
u0037253:i1981115,7.66515
u0037253:i2140379,7.66515
u0037253:i2229499,7.66515
u0037253:i2302755,7.66515
u0037253:i2333784,7.66515
u0037253:i2395427,7.66515
u0037253:i2398249,7.66515
u0037253:i2637276,7.66515
u0037253:i2692904,7.66515
u0037253:i2788710,7.66515
u0037253:i2802144,7.66515
u0037253:i2866360,7.66515
u0037253:i2908446,7.66515
u0037253:i3235888,7.66515
u0037253:i3395184,7.66515
u0037253:i3713166,7.66515
u0037253:i4178092,7.66515
u0037255:i0116996,7.42811
u0037255:i0118636,7.42811
u0037255:i0275491,7.42811
u0037255:i0470752,7.42811
u0037255:i1850397,7.42811
u0037255:i1921149,7.42811
u0037255:i1935156,7.42811
u0037255:i1972779,7.42811
u0037255:i2032557,7.42811
u0037255:i2170593,7.42811
u0037255:i2305051,7.42811
u0037255:i2322441,7.42811
u0037255:i2382298,7.42811
u0037255:i2446042,7.42811
u0037255:i2524674,7.42811
u0037255:i2883512,7.42811
u0037255:i2908446,7.42811
u0037255:i3011894,7.42811
u0037255:i3152624,7.42811
u0037255:i3779212,7.42811
u0037255:i4229236,7.42811
u0037281:i0369610,7.60697
u0037281:i0381707,7.60697
u0037281:i0458481,7.60697
u0037281:i0463854,7.60697
u0037281:i0478970,7.60697
u0037281:i1065073,7.60697
u0037281:i1340138,7.60697
u0037281:i1392190,7.60697
u0037281:i1408253,7.60697
u0037281:i1502712,7.60697
u0037281:i1587310,7.60697
u0037281:i1638355,7.60697
u0037281:i1790864,7.60697
u0037281:i1798684,7.60697
u0037281:i1800241,7.60697
u0037281:i1956620,7.60697
u0037281:i1959490,7.60697
u0037281:i2004420,7.60697
u0037281:i2096673,7.60697
u0037281:i2120120,7.60697
u0037281:i2126355,7.60697
u0037281:i2293640,7.60697
u0037281:i2381249,7.60697
u0037281:i2381941,7.60697
u0037281:i2390237,7.60697
u0037281:i2395427,7.60697
u0037281:i2637276,7.60697
u0037281:i2788710,7.60697
u0037281:i2802144,7.60697
u0037281:i2820852,7.60697
u0037281:i3079380,7.60697
u0037281:i3152624,7.60697
u0037281:i3168230,7.60697
u0037293:i1981677,6.83924
u0037293:i2381249,7.28445
u0037293:i3079380,7.20834
u0037328:i0070735,7.07764
u0037328:i0095016,6.1347
u0037328:i0105236,6.65175
u0037328:i0112641,6.46889
u0037328:i0118799,6.25922
u0037328:i0120768,5.0567
u0037328:i0166924,6.79723
u0037328:i0167404,6.65393
u0037328:i0209144,6.71605
u0037328:i0217505,6.66551
u0037328:i0240772,6.4644
u0037328:i0257044,6.82064
u0037328:i0278504,6.90578
u0037328:i0425112,6.95926
u0037328:i0454848,6.44071
u0037328:i0816692,7.15785
u0037328:i0986233,5.88445
u0037328:i1197624,6.13127
u0037328:i1255953,6.41777
u0037328:i1403865,7.132
u0037328:i2980592,7.32524
u0037345:i2179136,7.47199
u0037345:i2395427,7.47199
u0037345:i2582802,7.47199
u0037345:i2631186,7.47199
u0037345:i2802144,7.47199
u0037356:i0317248,7.30275
u0037356:i0379217,7.30275
u0037356:i0790636,7.30275
u0037356:i1058017,7.30275
u0037356:i1126590,7.30275
u0037356:i1360860,7.30275
u0037356:i1798684,7.30275
u0037356:i2084970,7.30275
u0037356:i2235108,7.30275
u0037356:i2515034,7.30275
u0037356:i2562232,7.30275
u0037356:i2582802,7.30275
u0037356:i2808986,7.30275
u0037356:i4192740,7.30275
u0037389:i0448011,6.5397
u0037389:i0470752,6.5397
u0037389:i3237082,6.5397
u0037405:i1100089,7.85899
u0037405:i1204975,7.85899
u0037405:i1267297,7.85899
u0037405:i1371150,7.85899
u0037405:i1872194,7.85899
u0037405:i2084970,7.85899
u0037405:i2096672,7.85899
u0037405:i2245084,7.85899
u0037405:i2294449,7.85899
u0037405:i2381941,7.85899
u0037405:i2387559,7.85899
u0037405:i2562232,7.85899
u0037405:i2802144,7.85899
u0037405:i2872718,7.85899
u0037405:i2883512,7.85899
u0037421:i0075686,6.86585
u0037421:i0086250,5.96758
u0037421:i0137523,6.72136
u0037421:i0449059,7.00078
u0037421:i1291584,6.30867
u0037421:i1392190,7.27303
u0037421:i2170593,7.33265
u0037421:i2305051,7.44018
u0037421:i2436386,7.38305
u0037421:i2637276,7.05942
u0037421:i2785032,7.24581
u0037421:i2802144,7.33627
u0037451:i0111161,7.77831
u0037451:i1872194,7.77831
u0037451:i2713180,7.77831
u0037451:i2980516,7.77831
u0037451:i3316960,7.77831
u0037459:i0042192,6.49935
u0037459:i0047396,7.03695
u0037459:i0056687,4.9975
u0037459:i0058203,0
u0037459:i0059646,5.06072
u0037459:i0065772,0
u0037459:i0066921,6.95076
u0037459:i0069920,0
u0037459:i0073486,6.71245
u0037459:i0076759,6.61961
u0037459:i0077631,6.53325
u0037459:i0078748,6.9816
u0037459:i0086250,6.11677
u0037459:i0088247,6.99097
u0037459:i0090605,6.75462
u0037459:i0091369,5.57323
u0037459:i0093565,0
u0037459:i0094608,0
u0037459:i0094721,6.04821
u0037459:i0096463,6.20556
u0037459:i0097493,5.81531
u0037459:i0102926,6.7684
u0037459:i0103874,6.25129
u0037459:i0105323,5.86934
u0037459:i0110005,5.00885
u0037459:i0113819,4.66585
u0037459:i0115988,5.72061
u0037459:i0116282,7.2306
u0037459:i0116409,4.29955
u0037459:i0117060,7.14868
u0037459:i0119815,0
u0037459:i0120737,6.09777
u0037459:i0166924,7.06912
u0037459:i0167260,6.04284
u0037459:i0167261,5.41996
u0037459:i0185125,6.01207
u0037459:i0245547,0
u0037459:i0289043,6.8609
u0037459:i0308644,6.41627
u0037459:i0317910,0
u0037459:i0335119,3.69084
u0037459:i0360486,6.22083
u0037459:i0369610,7.30568
u0037459:i0381061,6.58019
u0037459:i0388213,0
u0037459:i0395169,6.40539
u0037459:i0424205,0
u0037459:i0427392,4.80991
u0037459:i0433362,6.2419
u0037459:i0441774,0
u0037459:i0441909,5.0291
u0037459:i0451094,3.75454
u0037459:i0455944,7.27339
u0037459:i0463854,6.57748
u0037459:i0470752,7.33443
u0037459:i0477348,7.0856
u0037459:i0482088,3.91739
u0037459:i0488120,6.77441
u0037459:i0496634,0
u0037459:i0765443,7.17651
u0037459:i0800080,6.84687
u0037459:i0824747,6.45033
u0037459:i0864761,5.54007
u0037459:i0907134,0
u0037459:i0929632,6.148
u0037459:i0945513,6.653
u0037459:i0964517,6.66823
u0037459:i0978764,5.24305
u0037459:i1029360,7.49156
u0037459:i1032825,3.45455
u0037459:i1068678,4.97712
u0037459:i1094668,0
u0037459:i1109624,7.31312
u0037459:i1124035,6.9088
u0037459:i1126590,7.43346
u0037459:i1174730,3.967
u0037459:i1211956,6.88289
u0037459:i1212450,6.21506
u0037459:i1276419,6.8675
u0037459:i1305806,6.96499
u0037459:i1319704,0
u0037459:i1371155,0
u0037459:i1392190,7.27918
u0037459:i1441952,6.79325
u0037459:i1446192,5.51739
u0037459:i1450321,6.99207
u0037459:i1453405,5.73843
u0037459:i1487118,3.59329
u0037459:i1590089,5.88833
u0037459:i1631867,7.35506
u0037459:i1638002,6.92066
u0037459:i1655441,7.23781
u0037459:i1657507,4.82992
u0037459:i1661199,7.32137
u0037459:i1666801,7.02178
u0037459:i1692486,6.71717
u0037459:i1753722,0
u0037459:i1753813,3.68378
u0037459:i1758692,6.54656
u0037459:i1800338,4.80822
u0037459:i1823664,7.01088
u0037459:i1832382,6.63101
u0037459:i1855199,6.51297
u0037459:i1937149,6.23324
u0037459:i2096673,7.33085
u0037459:i2120120,7.12956
u0037459:i2126355,7.39132
u0037459:i2170593,7.37432
u0037459:i2172584,6.95976
u0037459:i2199571,7.26855
u0037459:i2325977,6.53682
u0037459:i2387559,6.96798
u0037459:i2395427,7.36883
u0037459:i2446042,7.40451
u0037459:i2520516,0
u0037459:i2562232,7.37486
u0037459:i2720680,6.79885
u0037459:i2725962,7.18898
u0037459:i2802144,7.34319
u0037459:i2870808,6.70815
u0037459:i2918436,7.30187
u0037459:i2937898,7.2975
u0037459:i2948790,6.82309
u0037459:i2967224,7.03809
u0037459:i2980516,7.36964
u0037459:i3021360,6.67255
u0037459:i3079380,7.22567
u0037459:i3086442,5.85587
u0037459:i3195644,7.23539
u0037459:i3365778,5.12087
u0037459:i3622592,6.98586
u0037459:i3713166,7.27849
u0037459:i3742378,5.46052
u0037459:i3824386,6.57412
u0037461:i0470752,6.14998
u0037461:i0787474,6.14998
u0037461:i1020072,6.14998
u0037461:i1392190,6.14998
u0037461:i1617661,6.14998
u0037461:i1823672,6.14998
u0037461:i2179136,6.14998
u0037461:i2245084,6.14998
u0037461:i2381941,6.14998
u0037461:i2395427,6.14998
u0037461:i2802144,6.14998
u0037461:i2908446,6.14998
u0037464:i0365907,7.60697
u0037464:i0369610,7.60697
u0037464:i0455944,7.60697
u0037464:i0470752,7.60697
u0037464:i0478970,7.60697
u0037464:i1091191,7.60697
u0037464:i1100089,7.60697
u0037464:i1182345,7.60697
u0037464:i1392190,7.60697
u0037464:i1458175,7.60697
u0037464:i1600196,7.60697
u0037464:i1674771,7.60697
u0037464:i1706620,7.60697
u0037464:i1872194,7.60697
u0037464:i2106476,7.60697
u0037464:i2179136,7.60697
u0037464:i2199571,7.60697
u0037464:i2273657,7.60697
u0037464:i2381249,7.60697
u0037464:i2381941,7.60697
u0037464:i2395427,7.60697
u0037464:i2415458,7.60697
u0037464:i2562232,7.60697
u0037464:i2582802,7.60697
u0037464:i2713180,7.60697
u0037464:i2883512,7.60697
u0037464:i2911666,7.60697
u0037464:i2937898,7.60697
u0037464:i3316960,7.60697
u0037478:i0110357,7.16812
u0037478:i0212720,7.16812
u0037478:i0907657,7.16812
u0037478:i1979319,7.16812
u0037485:i0040522,6.92873
u0037485:i0047528,5.81612
u0037485:i0118799,6.46113
u0037485:i0408236,6.49039
u0037485:i2096673,7.34685
u0037485:i2180411,7.29843
u0037485:i3086442,6.34386
u0037485:i3235888,7.3686
u0037485:i3409392,6.80045
u0037498:i0206314,7.60697
u0037498:i0387131,7.60697
u0037498:i3674140,7.60697
u0037511:i0078841,6.18486
u0037511:i0093822,4.26277
u0037511:i0105151,6.24889
u0037511:i1032755,6.67812
u0037511:i3765326,2.7893
u0037521:i0816692,7.11901
u0037521:i1845838,7.11901
u0037521:i2267998,7.11901
u0037525:i0382932,6.71736
u0037525:i1655441,6.71736
u0037525:i1746136,6.71736
u0037525:i2084970,6.71736
u0037525:i2245084,6.71736
u0037525:i2582802,6.71736
u0037525:i2714900,6.71736
u0037525:i3474600,6.71736
u0037525:i3474602,6.71736
u0037544:i0816692,7.60697
u0037544:i1655441,7.60697
u0037544:i1767354,7.60697
u0037544:i2053463,7.60697
u0037544:i2562232,7.60697
u0037544:i2820852,7.60697
u0037557:i0317248,7.56484
u0037557:i0328538,7.56484
u0037557:i0450385,7.56484
u0037557:i0993846,7.56484
u0037557:i1398426,7.56484
u0037557:i1798684,7.56484
u0037557:i2229499,7.56484
u0037569:i1772288,7.61961
u0037569:i2084970,7.61961
u0037569:i2562232,7.61961
u0037569:i2935564,7.61961
u0037579:i0369610,6.5687
u0037579:i0470752,6.5687
u0037579:i0884732,6.5687
u0037579:i1392190,6.5687
u0037579:i1727770,6.5687
u0037579:i2084970,6.5687
u0037579:i2096673,6.5687
u0037579:i2309260,6.5687
u0037579:i2381941,6.5687
u0037579:i2395427,6.5687
u0037579:i2802144,6.5687
u0037579:i2911666,6.5687
u0037579:i3235888,6.5687
u0037579:i4178092,6.5687
u0037592:i1653002,7.34963
u0037592:i2139555,7.34963
u0037592:i2179136,7.34963
u0037592:i2199571,7.34963
u0037592:i2326612,7.34963
u0037592:i2355495,7.34963
u0037592:i2582802,7.34963
u0037592:i2679042,7.34963
u0037592:i2980592,7.34963
u0037592:i3007302,7.34963
u0037592:i3181822,7.34963
u0037592:i3442990,7.34963
u0037592:i3813310,7.34963
u0037599:i0824747,7.60697
u0037599:i1535109,7.60697
u0037599:i1637725,7.60697
u0037599:i1956620,7.60697
u0037599:i2004420,7.60697
u0037599:i2096672,7.60697
u0037599:i2387559,7.60697
u0037599:i2562232,7.60697
u0037599:i2713180,7.60697
u0037599:i2980516,7.60697
u0037599:i3532608,7.60697
u0037601:i0884732,7.93525
u0037601:i1100089,7.93525
u0037601:i1291150,7.93525
u0037601:i1392190,7.93525
u0037601:i1396218,7.93525
u0037601:i1617661,7.93525
u0037601:i1655441,7.93525
u0037601:i1706620,7.93525
u0037601:i1809398,7.93525
u0037601:i1823672,7.93525
u0037601:i1840309,7.93525
u0037601:i1911658,7.93525
u0037601:i1951265,7.93525
u0037601:i2097298,7.93525
u0037601:i2170439,7.93525
u0037601:i2179136,7.93525
u0037601:i2230358,7.93525
u0037601:i2436386,7.93525
u0037601:i2582802,7.93525
u0037601:i2582846,7.93525
u0037601:i2637294,7.93525
u0037601:i2802136,7.93525
u0037601:i2820852,7.93525
u0037601:i2908446,7.93525
u0037601:i3247714,7.93525
u0037643:i0816692,7.16822
u0037643:i1637725,7.05449
u0037643:i2637276,7.08732
u0037643:i2788710,7.34354
u0037655:i0044413,8.00654
u0037655:i0047119,8.00654
u0037655:i0452702,8.00654
u0037655:i2179136,8.00654
u0037671:i0109830,6.80263
u0037671:i0142342,5.50292
u0037671:i0274166,5.04497
u0037671:i0305224,6.4645
u0037671:i0315327,5.48517
u0037671:i0430922,6.22816
u0037671:i0762107,5.3935
u0037671:i0810913,5.78331
u0037671:i1232200,4.19589
u0037671:i1375670,6.58684
u0037671:i1433811,6.90942
u0037671:i1499658,6.98116
u0037671:i1634122,3.51421
u0037671:i2024432,6.85181
u0037671:i2024469,6.97427
u0037671:i2170439,7.22378
u0037671:i2398249,6.03646
u0037671:i2637276,7.11533
u0037671:i3203616,7.16891
u0037676:i0257044,6.68969
u0037676:i0963966,6.68969
u0037676:i2096673,6.68969
u0037676:i2562232,6.68969
u0037676:i2802144,6.68969
u0037676:i2908856,6.68969
u0037676:i2997766,6.68969
u0037680:i0076759,6.31354
u0037680:i0086979,6.31354
u0037680:i0093773,6.31354
u0037680:i0095159,6.31354
u0037680:i0098635,6.31354
u0037680:i0103772,6.31354
u0037680:i0111503,6.31354
u0037680:i0115685,6.31354
u0037680:i0118715,6.31354
u0037680:i0119217,6.31354
u0037680:i0172495,6.31354
u0037680:i0292963,6.31354
u0037680:i0369610,6.31354
u0037680:i0419677,6.31354
u0037680:i0470752,6.31354
u0037680:i0800241,6.31354
u0037680:i0838221,6.31354
u0037680:i0910905,6.31354
u0037680:i1109624,6.31354
u0037680:i1194173,6.31354
u0037680:i1266029,6.31354
u0037680:i1313092,6.31354
u0037680:i1340138,6.31354
u0037680:i1486192,6.31354
u0037680:i1605717,6.31354
u0037680:i1675434,6.31354
u0037680:i1692486,6.31354
u0037680:i1921070,6.31354
u0037680:i1951265,6.31354
u0037680:i2084970,6.31354
u0037680:i2126355,6.31354
u0037680:i2180411,6.31354
u0037680:i2199571,6.31354
u0037680:i2231253,6.31354
u0037680:i2359024,6.31354
u0037680:i2369135,6.31354
u0037680:i2381941,6.31354
u0037680:i2393845,6.31354
u0037680:i2397535,6.31354
u0037680:i2637276,6.31354
u0037680:i2737050,6.31354
u0037680:i2802144,6.31354
u0037680:i2883512,6.31354
u0037680:i2908446,6.31354
u0037680:i2911666,6.31354
u0037680:i2948790,6.31354
u0037685:i0365907,7.23039
u0037685:i0369610,7.23039
u0037685:i0435651,7.23039
u0037685:i0470752,7.23039
u0037685:i0478970,7.23039
u0037685:i0756683,7.23039
u0037685:i0829150,7.23039
u0037685:i1059836,7.23039
u0037685:i1216491,7.23039
u0037685:i1392190,7.23039
u0037685:i1598642,7.23039
u0037685:i1716777,7.23039
u0037685:i1726592,7.23039
u0037685:i1747958,7.23039
u0037685:i1855199,7.23039
u0037685:i1964418,7.23039
u0037685:i1971325,7.23039
u0037685:i2011159,7.23039
u0037685:i2126355,7.23039
u0037685:i2172934,7.23039
u0037685:i2179136,7.23039
u0037685:i2193215,7.23039
u0037685:i2290553,7.23039
u0037685:i2333784,7.23039
u0037685:i2345737,7.23039
u0037685:i2381249,7.23039
u0037685:i2387433,7.23039
u0037685:i2388715,7.23039
u0037685:i2395427,7.23039
u0037685:i2401807,7.23039
u0037685:i2446042,7.23039
u0037685:i2614684,7.23039
u0037685:i2820852,7.23039
u0037685:i2872718,7.23039
u0037685:i2908446,7.23039
u0037685:i2910814,7.23039
u0037685:i3203616,7.23039
u0037685:i3316960,7.23039
u0037688:i1014763,7.15619
u0037688:i2273657,7.08434
u0037688:i3205376,7.18525
u0037696:i0061852,8.16571
u0037696:i0076363,8.16571
u0037696:i0076915,8.16571
u0037696:i0082406,8.16571
u0037696:i0085750,8.16571
u0037696:i0086250,8.16571
u0037696:i0090633,8.16571
u0037696:i0091149,8.16571
u0037696:i0093177,8.16571
u0037696:i0095489,8.16571
u0037696:i0095776,8.16571
u0037696:i0096787,8.16571
u0037696:i0100477,8.16571
u0037696:i0101329,8.16571
u0037696:i0101414,8.16571
u0037696:i0109686,8.16571
u0037696:i0110657,8.16571
u0037696:i0112453,8.16571
u0037696:i0118617,8.16571
u0037696:i0119282,8.16571
u0037696:i0119654,8.16571
u0037696:i0120587,8.16571
u0037696:i0120623,8.16571
u0037696:i0120630,8.16571
u0037696:i0133240,8.16571
u0037696:i0145487,8.16571
u0037696:i0165982,8.16571
u0037696:i0166813,8.16571
u0037696:i0211443,8.16571
u0037696:i0232500,8.16571
u0037696:i0252866,8.16571
u0037696:i0265087,8.16571
u0037696:i0268380,8.16571
u0037696:i0271668,8.16571
u0037696:i0311429,8.16571
u0037696:i0316654,8.16571
u0037696:i0317219,8.16571
u0037696:i0322259,8.16571
u0037696:i0331632,8.16571
u0037696:i0338526,8.16571
u0037696:i0342258,8.16571
u0037696:i0343818,8.16571
u0037696:i0351283,8.16571
u0037696:i0371606,8.16571
u0037696:i0376105,8.16571
u0037696:i0388482,8.16571
u0037696:i0389722,8.16571
u0037696:i0389860,8.16571
u0037696:i0413300,8.16571
u0037696:i0433362,8.16571
u0037696:i0438097,8.16571
u0037696:i0443559,8.16571
u0037696:i0472033,8.16571
u0037696:i0472399,8.16571
u0037696:i0479884,8.16571
u0037696:i0985694,8.16571
u0037696:i1020558,8.16571
u0037696:i1080016,8.16571
u0037696:i1091191,8.16571
u0037696:i1121931,8.16571
u0037696:i1235522,8.16571
u0037696:i1403865,8.16571
u0037696:i1922777,8.16571
u0037696:i2109248,8.16571
u0037696:i2226417,8.16571
u0037696:i2395427,8.16571
u0037696:i2446042,8.16571
u0037696:i2802144,8.16571
u0037696:i2820852,8.16571
u0037696:i3247714,8.16571
u0037718:i0478970,7.92598
u0037718:i1029360,7.92598
u0037718:i1116184,7.92598
u0037718:i2245084,7.92598
u0037718:i2381249,7.92598
u0037718:i2561572,7.92598
u0037723:i0048280,7.60697
u0037723:i0082700,7.60697
u0037723:i0116365,7.60697
u0037723:i0118929,7.60697
u0037723:i0120177,7.60697
u0037723:i0332452,7.60697
u0037723:i0353014,7.60697
u0037723:i0369610,7.60697
u0037723:i0404978,7.60697
u0037723:i0458481,7.60697
u0037723:i0478970,7.60697
u0037723:i0479952,7.60697
u0037723:i0481499,7.60697
u0037723:i0785007,7.60697
u0037723:i0790636,7.60697
u0037723:i0829150,7.60697
u0037723:i0831387,7.60697
u0037723:i1109624,7.60697
u0037723:i1175506,7.60697
u0037723:i1205537,7.60697
u0037723:i1235522,7.60697
u0037723:i1253863,7.60697
u0037723:i1258972,7.60697
u0037723:i1267297,7.60697
u0037723:i1291150,7.60697
u0037723:i1369706,7.60697
u0037723:i1631867,7.60697
u0037723:i1646971,7.60697
u0037723:i1712170,7.60697
u0037723:i1731141,7.60697
u0037723:i1742044,7.60697
u0037723:i1780762,7.60697
u0037723:i1800246,7.60697
u0037723:i1840309,7.60697
u0037723:i1855325,7.60697
u0037723:i1904996,7.60697
u0037723:i1920849,7.60697
u0037723:i1924435,7.60697
u0037723:i1951265,7.60697
u0037723:i1956620,7.60697
u0037723:i1991245,7.60697
u0037723:i2023587,7.60697
u0037723:i2103254,7.60697
u0037723:i2109248,7.60697
u0037723:i2180411,7.60697
u0037723:i2203939,7.60697
u0037723:i2245084,7.60697
u0037723:i2294449,7.60697
u0037723:i2377322,7.60697
u0037723:i2381249,7.60697
u0037723:i2395427,7.60697
u0037723:i2713180,7.60697
u0037723:i2802144,7.60697
u0037723:i2848292,7.60697
u0037723:i2883512,7.60697
u0037723:i2967006,7.60697
u0037729:i0068646,7.92598
u0037729:i0069995,7.92598
u0037729:i0078748,7.92598
u0037729:i0082307,7.92598
u0037729:i0082766,7.92598
u0037729:i0103874,7.92598
u0037729:i0369610,7.92598
u0037729:i0446029,7.92598
u0037729:i0477348,7.92598
u0037729:i0485601,7.92598
u0037729:i1100089,7.92598
u0037729:i1109624,7.92598
u0037729:i1392190,7.92598
u0037729:i1446714,7.92598
u0037729:i1865505,7.92598
u0037729:i1951265,7.92598
u0037729:i2084970,7.92598
u0037729:i2084989,7.92598
u0037729:i2245084,7.92598
u0037729:i2305051,7.92598
u0037729:i2366608,7.92598
u0037729:i2395427,7.92598
u0037729:i2397535,7.92598
u0037729:i2562232,7.92598
u0037729:i2570858,7.92598
u0037729:i2582802,7.92598
u0037729:i2692904,7.92598
u0037729:i2718492,7.92598
u0037729:i2884206,7.92598
u0037729:i3416742,7.92598
u0037729:i3612616,7.92598
u0037729:i4257858,7.92598
u0037731:i0052561,7.3882
u0037731:i0182694,7.3882
u0037731:i0875113,7.3882
u0037731:i2106284,7.3882
u0037731:i2278388,7.3882
u0037731:i2614684,7.3882
u0037731:i2883512,7.3882
u0037731:i3007512,7.3882
u0037731:i3011894,7.3882
u0037738:i0109830,6.90728
u0037738:i0120338,6.19496
u0037738:i0454876,6.40552
u0037740:i0056443,7.26082
u0037740:i0107943,7.26082
u0037740:i0831387,7.26082
u0037740:i1169809,7.26082
u0037743:i0478970,7.55772
u0037743:i1065073,7.55772
u0037743:i1798684,7.55772
u0037743:i1809398,7.55772
u0037743:i2084970,7.55772
u0037743:i2305051,7.55772
u0037743:i2381249,7.55772
u0037743:i3011894,7.55772
u0037743:i3042408,7.55772
u0037743:i3416742,7.55772
u0037758:i0095270,7.71393
u0037758:i0245429,7.71393
u0037758:i0308644,7.71393
u0037758:i0369610,7.71393
u0037758:i0478970,7.71393
u0037758:i1865505,7.71393
u0037758:i2096673,7.71393
u0037758:i2224026,7.71393
u0037758:i2279373,7.71393
u0037758:i2293640,7.71393
u0037758:i2381249,7.71393
u0037758:i2395427,7.71393
u0037758:i2515086,7.71393
u0037758:i2562232,7.71393
u0037758:i2848292,7.71393
u0037758:i2872750,7.71393
u0037758:i2980516,7.71393
u0037758:i3863552,7.71393
u0037802:i2820852,7.29321
u0037802:i3235888,7.29321
u0037802:i3479316,7.29321
u0037802:i3713166,7.29321
u0037849:i0363771,7.67
u0037849:i1617661,7.67
u0037849:i1726592,7.67
u0037849:i1823672,7.67
u0037849:i2231253,7.67
u0037849:i2381941,7.67
u0037849:i2446042,7.67
u0037849:i2582802,7.67
u0037849:i2802144,7.67
u0037876:i1065073,8.10228
u0037876:i2084970,8.10228
u0037876:i2395427,8.10228
u0037876:i2820852,8.10228
u0037910:i0361862,7.35865
u0037910:i0364045,7.35865
u0037910:i1028532,7.35865
u0037910:i1441395,7.35865
u0037910:i1528071,7.35865
u0037910:i1605717,7.35865
u0037910:i1855325,7.35865
u0037910:i1911658,7.35865
u0037910:i1980929,7.35865
u0037910:i2278388,7.35865
u0037910:i2279373,7.35865
u0037910:i2713180,7.35865
u0037910:i2788710,7.35865
u0037910:i2872718,7.35865
u0037928:i0085794,7.60697
u0037928:i0104797,7.60697
u0037928:i0816692,7.60697
u0037928:i2802144,7.60697
u0037928:i2820852,7.60697
u0037989:i0369610,7.31363
u0037989:i0458525,6.88602
u0037989:i0478970,7.26699
u0037989:i0884732,7.27913
u0037989:i1091722,6.44236
u0037989:i1392190,7.28533
u0037989:i1502712,7.25797
u0037989:i1542344,6.83542
u0037989:i1621045,6.27648
u0037989:i2239832,6.81107
u0037989:i2293640,7.33564
u0037989:i2395427,7.37681
u0037989:i2398249,6.5395
u0037989:i2637276,7.14346
u0037989:i2820852,7.3167
u0037989:i2848292,7.30078
u0037989:i2967224,7.12392
u0037995:i0172493,5.85487
u0037995:i0356910,6.30034
u0037995:i1119646,6.44982
u0037995:i1454029,6.30927
u0037995:i1655441,7.26809
u0037995:i2267998,7.29391
u0037995:i3079380,7.24304
u0038003:i0031971,7.71412
u0038003:i0038854,7.71412
u0038003:i0054269,7.71412
u0038003:i0058182,7.71412
u0038003:i0061395,7.71412
u0038003:i0067328,7.71412
u0038003:i0071129,7.71412
u0038003:i0073341,7.71412
u0038003:i0079073,7.71412
u0038003:i0084707,7.71412
u0038003:i0086637,7.71412
u0038003:i0089755,7.71412
u0038003:i0090192,7.71412
u0038003:i0091860,7.71412
u0038003:i0094886,7.71412
u0038003:i0097659,7.71412
u0038003:i0098206,7.71412
u0038003:i0107034,7.71412
u0038003:i0109045,7.71412
u0038003:i0110265,7.71412
u0038003:i0112857,7.71412
u0038003:i0114478,7.71412
u0038003:i0119038,7.71412
u0038003:i0119683,7.71412
u0038003:i0142804,7.71412
u0038003:i0171580,7.71412
u0038003:i0202677,7.71412
u0038003:i0253754,7.71412
u0038003:i0257756,7.71412
u0038003:i0266452,7.71412
u0038003:i0269095,7.71412
u0038003:i0280665,7.71412
u0038003:i0384116,7.71412
u0038003:i0418778,7.71412
u0038003:i0435651,7.71412
u0038003:i0488085,7.71412
u0038003:i0918575,7.71412
u0038003:i0947802,7.71412
u0038003:i1024942,7.71412
u0038003:i1065073,7.71412
u0038003:i1078188,7.71412
u0038003:i1440266,7.71412
u0038003:i1528100,7.71412
u0038003:i1571249,7.71412
u0038003:i1600196,7.71412
u0038003:i1667905,7.71412
u0038003:i1780798,7.71412
u0038003:i1809398,7.71412
u0038003:i1850397,7.71412
u0038003:i1869716,7.71412
u0038003:i1977895,7.71412
u0038003:i1991031,7.71412
u0038003:i2039345,7.71412
u0038003:i2084970,7.71412
u0038003:i2149360,7.71412
u0038003:i2170439,7.71412
u0038003:i2180411,7.71412
u0038003:i2183034,7.71412
u0038003:i2245084,7.71412
u0038003:i2261331,7.71412
u0038003:i2272350,7.71412
u0038003:i2402603,7.71412
u0038003:i2404461,7.71412
u0038003:i2438644,7.71412
u0038003:i2493486,7.71412
u0038003:i2503154,7.71412
u0038003:i2517658,7.71412
u0038003:i2551396,7.71412
u0038003:i2562232,7.71412
u0038003:i2582802,7.71412
u0038003:i2614684,7.71412
u0038003:i2692250,7.71412
u0038003:i2717822,7.71412
u0038003:i2718492,7.71412
u0038003:i2820852,7.71412
u0038003:i2944198,7.71412
u0038003:i2980516,7.71412
u0038003:i3322420,7.71412
u0038003:i3395184,7.71412
u0038038:i0072890,7.58835
u0038038:i0099077,7.58835
u0038038:i0470752,7.58835
u0038038:i1020072,7.58835
u0038038:i1100089,7.58835
u0038038:i1872194,7.58835
u0038038:i2170439,7.58835
u0038038:i2179136,7.58835
u0038038:i2562232,7.58835
u0038038:i2582802,7.58835
u0038038:i2872718,7.58835
u0038038:i2937898,7.58835
u0038038:i2980516,7.58835
u0038038:i4353376,7.58835
u0038067:i0493464,7.67
u0038067:i0758758,7.67
u0038067:i1385826,7.67
u0038067:i2397535,7.67
u0038067:i2980516,7.67
u0038090:i0047892,7.85899
u0038090:i0064116,7.85899
u0038090:i0075675,7.85899
u0038090:i0082694,7.85899
u0038090:i0084602,7.85899
u0038090:i0090728,7.85899
u0038090:i0094651,7.85899
u0038090:i0183649,7.85899
u0038090:i0458481,7.85899
u0038090:i1014763,7.85899
u0038090:i1250777,7.85899
u0038090:i1340138,7.85899
u0038090:i1707380,7.85899
u0038090:i2076220,7.85899
u0038090:i2562232,7.85899
u0038090:i2800240,7.85899
u0038090:i2802144,7.85899
u0038090:i2870612,7.85899
u0038090:i4226388,7.85899
u0038090:i4359416,7.85899
u0038106:i0175880,7.70566
u0038106:i0369610,7.70566
u0038106:i1091191,7.70566
u0038106:i1638355,7.70566
u0038106:i1726592,7.70566
u0038106:i1956620,7.70566
u0038106:i2039393,7.70566
u0038106:i2106361,7.70566
u0038106:i2170439,7.70566
u0038106:i2172985,7.70566
u0038106:i2179136,7.70566
u0038106:i2278388,7.70566
u0038106:i2381249,7.70566
u0038106:i2381941,7.70566
u0038106:i2395427,7.70566
u0038106:i2404425,7.70566
u0038106:i2446042,7.70566
u0038106:i2452200,7.70566
u0038106:i2555736,7.70566
u0038106:i2561572,7.70566
u0038106:i2717860,7.70566
u0038106:i2802144,7.70566
u0038106:i2872718,7.70566
u0038106:i3079380,7.70566
u0038106:i3169706,7.70566
u0038106:i3321300,7.70566
u0038140:i0074812,6.89727
u0038140:i0075148,6.89727
u0038140:i0079817,6.89727
u0038140:i0084602,6.89727
u0038140:i0089927,6.89727
u0038140:i0100507,6.89727
u0038140:i0166175,6.89727
u0038140:i0172684,6.89727
u0038140:i0247745,6.89727
u0038140:i0248126,6.89727
u0038140:i0266697,6.89727
u0038140:i0338751,6.89727
u0038140:i0361748,6.89727
u0038140:i0362478,6.89727
u0038140:i0369339,6.89727
u0038140:i0369610,6.89727
u0038140:i0372588,6.89727
u0038140:i0378194,6.89727
u0038140:i0405159,6.89727
u0038140:i0407887,6.89727
u0038140:i0431308,6.89727
u0038140:i0470752,6.89727
u0038140:i0478970,6.89727
u0038140:i0479143,6.89727
u0038140:i0829150,6.89727
u0038140:i0840361,6.89727
u0038140:i0884732,6.89727
u0038140:i1065073,6.89727
u0038140:i1100089,6.89727
u0038140:i1135084,6.89727
u0038140:i1187043,6.89727
u0038140:i1273235,6.89727
u0038140:i1340138,6.89727
u0038140:i1392190,6.89727
u0038140:i1457767,6.89727
u0038140:i1528100,6.89727
u0038140:i1661199,6.89727
u0038140:i1674771,6.89727
u0038140:i1760967,6.89727
u0038140:i1823672,6.89727
u0038140:i1826590,6.89727
u0038140:i1911658,6.89727
u0038140:i1945084,6.89727
u0038140:i1951265,6.89727
u0038140:i1972779,6.89727
u0038140:i1980209,6.89727
u0038140:i2039393,6.89727
u0038140:i2084970,6.89727
u0038140:i2140619,6.89727
u0038140:i2179136,6.89727
u0038140:i2203308,6.89727
u0038140:i2223990,6.89727
u0038140:i2229499,6.89727
u0038140:i2245084,6.89727
u0038140:i2293640,6.89727
u0038140:i2358925,6.89727
u0038140:i2381941,6.89727
u0038140:i2395427,6.89727
u0038140:i2436386,6.89727
u0038140:i2446042,6.89727
u0038140:i2561572,6.89727
u0038140:i2577172,6.89727
u0038140:i2637276,6.89727
u0038140:i2637294,6.89727
u0038140:i2692250,6.89727
u0038140:i2717860,6.89727
u0038140:i2726560,6.89727
u0038140:i2802144,6.89727
u0038140:i2820852,6.89727
u0038140:i2848292,6.89727
u0038140:i2967224,6.89727
u0038140:i3045616,6.89727
u0038140:i3079380,6.89727
u0038140:i3181822,6.89727
u0038140:i3203616,6.89727
u0038140:i3316948,6.89727
u0038167:i0369610,7.65838
u0038167:i0458339,7.65838
u0038167:i0848228,7.65838
u0038167:i1210819,7.65838
u0038167:i1340138,7.65838
u0038167:i1483013,7.65838
u0038167:i2224026,7.65838
u0038167:i2226417,7.65838
u0038167:i2279373,7.65838
u0038168:i0079117,0
u0038168:i0079766,5.04266
u0038168:i0084684,3.14807
u0038168:i0095631,6.36345
u0038168:i0102288,0
u0038168:i0114781,4.34084
u0038168:i0118541,0
u0038168:i0172495,6.51758
u0038168:i0253474,6.58925
u0038168:i0338337,5.76765
u0038168:i0365907,7.381
u0038168:i0831387,7.18338
u0038168:i0896872,5.92883
u0038168:i1600196,7.30627
u0038168:i1613750,6.25794
u0038168:i1659338,5.48573
u0038168:i1726592,7.37689
u0038168:i2024469,7.09451
u0038168:i2446042,7.42485
u0038186:i0119217,7.14535
u0038186:i0825232,6.56099
u0038186:i0914798,6.74439
u0038186:i0976051,6.27637
u0038186:i1587310,7.12681
u0038186:i1932767,5.95097
u0038186:i2381941,7.37575
u0038202:i1790864,7.60697
u0038202:i1872194,7.60697
u0038202:i2179136,7.60697
u0038202:i2402157,7.60697
u0038212:i0081793,7.27739
u0038212:i0283054,7.27739
u0038212:i0355295,7.27739
u0038212:i0365907,7.27739
u0038212:i0369610,7.27739
u0038212:i0470752,7.27739
u0038212:i0477095,7.27739
u0038212:i0478970,7.27739
u0038212:i0805570,7.27739
u0038212:i0816462,7.27739
u0038212:i0831387,7.27739
u0038212:i0961097,7.27739
u0038212:i0993846,7.27739
u0038212:i1023114,7.27739
u0038212:i1047011,7.27739
u0038212:i1109624,7.27739
u0038212:i1129415,7.27739
u0038212:i1210819,7.27739
u0038212:i1226229,7.27739
u0038212:i1227789,7.27739
u0038212:i1291150,7.27739
u0038212:i1297919,7.27739
u0038212:i1313244,7.27739
u0038212:i1321860,7.27739
u0038212:i1340138,7.27739
u0038212:i1366365,7.27739
u0038212:i1418377,7.27739
u0038212:i1446192,7.27739
u0038212:i1462757,7.27739
u0038212:i1502712,7.27739
u0038212:i1531663,7.27739
u0038212:i1536410,7.27739
u0038212:i1540133,7.27739
u0038212:i1540761,7.27739
u0038212:i1549920,7.27739
u0038212:i1582507,7.27739
u0038212:i1590950,7.27739
u0038212:i1602613,7.27739
u0038212:i1610394,7.27739
u0038212:i1631867,7.27739
u0038212:i1641975,7.27739
u0038212:i1646971,7.27739
u0038212:i1684233,7.27739
u0038212:i1712578,7.27739
u0038212:i1725073,7.27739
u0038212:i1767382,7.27739
u0038212:i1791681,7.27739
u0038212:i1800246,7.27739
u0038212:i1821658,7.27739
u0038212:i1833879,7.27739
u0038212:i1853739,7.27739
u0038212:i1857842,7.27739
u0038212:i1912398,7.27739
u0038212:i1924435,7.27739
u0038212:i1931435,7.27739
u0038212:i1935179,7.27739
u0038212:i1956620,7.27739
u0038212:i1981677,7.27739
u0038212:i1990314,7.27739
u0038212:i2004420,7.27739
u0038212:i2025667,7.27739
u0038212:i2034139,7.27739
u0038212:i2101341,7.27739
u0038212:i2103281,7.27739
u0038212:i2105044,7.27739
u0038212:i2172934,7.27739
u0038212:i2194499,7.27739
u0038212:i2229499,7.27739
u0038212:i2234155,7.27739
u0038212:i2235779,7.27739
u0038212:i2245084,7.27739
u0038212:i2250234,7.27739
u0038212:i2294449,7.27739
u0038212:i2339741,7.27739
u0038212:i2357291,7.27739
u0038212:i2369135,7.27739
u0038212:i2381249,7.27739
u0038212:i2395427,7.27739
u0038212:i2784512,7.27739
u0038212:i2802144,7.27739
u0038212:i2828996,7.27739
u0038212:i2872732,7.27739
u0038212:i3097204,7.27739
u0038212:i3152098,7.27739
u0038212:i3170972,7.27739
u0038235:i0829150,6.61277
u0038235:i2170593,6.61277
u0038235:i2275946,6.61277
u0038235:i2582802,6.61277
u0038235:i2872718,6.61277
u0038249:i0384286,6.70683
u0038249:i0829098,6.70683
u0038249:i2084970,6.70683
u0038249:i2179116,6.70683
u0038249:i2322441,6.70683
u0038269:i0790736,6.50813
u0038269:i1600196,7.35999
u0038269:i2170439,7.26221
u0038269:i2911666,7.39959
u0038270:i0111161,6.1817
u0038270:i0116231,2.97147
u0038270:i0167261,5.67805
u0038270:i0439662,0
u0038270:i0482571,6.22865
u0038270:i1187043,6.68721
u0038270:i1375666,6.74389
u0038270:i1853728,6.31454
u0038270:i2338151,7.28521
u0038276:i0109830,7.01876
u0038276:i0110413,7.01876
u0038276:i0110912,7.01876
u0038276:i0114369,7.01876
u0038276:i0175880,7.01876
u0038276:i0268978,7.01876
u0038276:i0317248,7.01876
u0038276:i0327056,7.01876
u0038276:i0361862,7.01876
u0038276:i0375679,7.01876
u0038276:i0376968,7.01876
u0038276:i0405094,7.01876
u0038276:i1024648,7.01876
u0038276:i1091191,7.01876
u0038276:i1211956,7.01876
u0038276:i1392214,7.01876
u0038276:i1401152,7.01876
u0038276:i1649419,7.01876
u0038276:i1670345,7.01876
u0038276:i1675434,7.01876
u0038276:i1714915,7.01876
u0038276:i1790864,7.01876
u0038276:i1924435,7.01876
u0038276:i2562232,7.01876
u0038276:i2614684,7.01876
u0038276:i2713180,7.01876
u0038276:i2788710,7.01876
u0038276:i2872718,7.01876
u0038276:i2980516,7.01876
u0038276:i2991224,7.01876
u0038288:i0103639,8.50811
u0038288:i0114709,8.50811
u0038288:i0119217,8.50811
u0038288:i0120363,8.50811
u0038288:i0120903,8.50811
u0038288:i0290334,8.50811
u0038288:i0369610,8.50811
u0038288:i0371746,8.50811
u0038288:i0376994,8.50811
u0038288:i0435761,8.50811
u0038288:i0458339,8.50811
u0038288:i0478970,8.50811
u0038288:i0800080,8.50811
u0038288:i0800369,8.50811
u0038288:i0848228,8.50811
u0038288:i1228705,8.50811
u0038288:i1276104,8.50811
u0038288:i1300854,8.50811
u0038288:i1343727,8.50811
u0038288:i1430132,8.50811
u0038288:i1491044,8.50811
u0038288:i1843866,8.50811
u0038288:i1877832,8.50811
u0038288:i1981115,8.50811
u0038288:i2015381,8.50811
u0038288:i2234003,8.50811
u0038288:i2395427,8.50811
u0038381:i0376968,6.27246
u0038381:i1833885,0
u0038381:i2802154,7.38551
u0038393:i0147800,5.59437
u0038393:i1790885,6.91129
u0038393:i2395427,7.38481
u0038393:i2788710,7.37453
u0038401:i1398426,7.645
u0038401:i2802144,7.645
u0038401:i3850214,7.645
u0038425:i0816692,7.55195
u0038425:i1392190,7.55195
u0038425:i1655441,7.55195
u0038425:i2717822,7.55195
u0038425:i2820852,7.55195
u0038425:i3079380,7.55195
u0038447:i1636826,7.67
u0038447:i1823672,7.67
u0038447:i2802144,7.67
u0038454:i0092695,7.55393
u0038454:i0369610,7.55393
u0038454:i1823672,7.55393
u0038454:i1964418,7.55393
u0038454:i2126355,7.55393
u0038454:i2179136,7.55393
u0038454:i3534602,7.55393
u0038462:i0088247,8.16667
u0038462:i0107290,8.16667
u0038462:i0119567,8.16667
u0038462:i0163025,8.16667
u0038462:i0369610,8.16667
u0038462:i0470752,8.16667
u0038462:i0478970,8.16667
u0038462:i1029360,8.16667
u0038462:i1340138,8.16667
u0038462:i1392190,8.16667
u0038462:i1964418,8.16667
u0038462:i1981677,8.16667
u0038462:i2096673,8.16667
u0038462:i2126355,8.16667
u0038462:i2309260,8.16667
u0038462:i2395427,8.16667
u0038462:i2582496,8.16667
u0038462:i2637276,8.16667
u0038462:i2848292,8.16667
u0038462:i2967224,8.16667
u0038462:i3079380,8.16667
u0038462:i3195644,8.16667
u0038462:i3850214,8.16667
u0038476:i0816692,7.16726
u0038476:i1053424,7.16726
u0038476:i1234721,7.16726
u0038476:i1450321,7.16726
u0038476:i1640548,7.16726
u0038476:i1800241,7.16726
u0038476:i2084970,7.16726
u0038476:i2310332,7.16726
u0038476:i2872718,7.16726
u0038503:i0047296,6.52679
u0038503:i0068473,5.63059
u0038503:i0083866,6.26814
u0038503:i0088847,6.54629
u0038503:i0107818,6.71293
u0038503:i0110357,6.66515
u0038503:i0112471,7.01564
u0038503:i0119116,6.17506
u0038503:i0146882,7.028
u0038503:i0190641,0
u0038503:i0450188,2.97147
u0038503:i0485947,6.19417
u0038503:i1334260,4.96162
u0038503:i1424797,5.4555
u0038503:i1600524,4.53129
u0038503:i1855199,6.69906
u0038503:i1935179,6.84586
u0038503:i2101441,6.44097
u0038503:i2238050,7.21809
u0038503:i2278871,6.88994
u0038503:i2937898,7.34043
u0038528:i0842926,7.37416
u0038528:i1786751,7.37416
u0038528:i2267998,7.37416
u0038529:i0455944,7.50908
u0038529:i1392190,7.50908
u0038529:i1617661,7.50908
u0038529:i1872194,7.50908
u0038529:i2084970,7.50908
u0038529:i2562232,7.50908
u0038529:i2582802,7.50908
u0038544:i0071315,6.65571
u0038544:i0198781,6.65571
u0038544:i0352248,6.65571
u0038544:i0366551,6.65571
u0038544:i0382932,6.65571
u0038544:i0462504,6.65571
u0038544:i0472043,6.65571
u0038544:i0796366,6.65571
u0038544:i1250777,6.65571
u0038544:i1276104,6.65571
u0038544:i1408101,6.65571
u0038544:i1453405,6.65571
u0038549:i1528100,7.64146
u0038549:i3011894,7.64146
u0038549:i3612616,7.64146
u0038552:i0054743,6.77957
u0038552:i1100089,6.77957
u0038552:i2084970,6.77957
u0038552:i2582802,6.77957
u0038564:i0268978,6.95423
u0038564:i0405159,6.95423
u0038564:i0407887,6.95423
u0038564:i0824747,6.95423
u0038564:i1231583,6.95423
u0038564:i1872194,6.95423
u0038564:i1972571,6.95423
u0038564:i2084970,6.95423
u0038564:i2562232,6.95423
u0038564:i2582802,6.95423
u0038567:i1392190,6.86185
u0038567:i1528071,6.86185
u0038567:i2872732,6.86185
u0038567:i3079380,6.86185
u0038567:i3416742,6.86185
u0038589:i0108550,6.81
u0038589:i0112461,5.42661
u0038589:i0120586,6.60326
u0038589:i0120768,5.68879
u0038589:i0264464,6.56304
u0038589:i0455944,7.3066
u0038589:i0468569,6.31692
u0038589:i0816692,7.17861
u0038589:i1345836,5.99429
u0038589:i1392214,6.69121
u0038589:i1454468,6.77313
u0038589:i1457767,6.9094
u0038589:i1809398,7.31771
u0038589:i3316960,7.32498
u0038592:i0009678,6.37331
u0038592:i0010258,6.37331
u0038592:i0010930,6.37331
u0038592:i0014429,6.37331
u0038592:i0025164,6.37331
u0038592:i0032138,6.37331
u0038592:i0033651,6.37331
u0038592:i0033717,6.37331
u0038592:i0033870,6.37331
u0038592:i0034449,6.37331
u0038592:i0038355,6.37331
u0038592:i0042451,6.37331
u0038592:i0044079,6.37331
u0038592:i0044081,6.37331
u0038592:i0056592,6.37331
u0038592:i0059113,6.37331
u0038592:i0061439,6.37331
u0038592:i0067334,6.37331
u0038592:i0077413,6.37331
u0038592:i0083866,6.37331
u0038592:i0087985,6.37331
u0038592:i0089126,6.37331
u0038592:i0096754,6.37331
u0038592:i0097165,6.37331
u0038592:i0100046,6.37331
u0038592:i0104257,6.37331
u0038592:i0105112,6.37331
u0038592:i0107290,6.37331
u0038592:i0110478,6.37331
u0038592:i0113855,6.37331
u0038592:i0113862,6.37331
u0038592:i0114622,6.37331
u0038592:i0117500,6.37331
u0038592:i0119738,6.37331
u0038592:i0120889,6.37331
u0038592:i0161081,6.37331
u0038592:i0163025,6.37331
u0038592:i0172495,6.37331
u0038592:i0215750,6.37331
u0038592:i0250264,6.37331
u0038592:i0264395,6.37331
u0038592:i0268978,6.37331
u0038592:i0317740,6.37331
u0038592:i0367594,6.37331
u0038592:i0374900,6.37331
u0038592:i0395699,6.37331
u0038592:i0408345,6.37331
u0038592:i0435651,6.37331
u0038592:i0816692,6.37331
u0038592:i0878804,6.37331
u0038592:i0896798,6.37331
u0038592:i0949731,6.37331
u0038592:i1020072,6.37331
u0038592:i1121096,6.37331
u0038592:i1205489,6.37331
u0038592:i1245526,6.37331
u0038592:i1267297,6.37331
u0038592:i1386703,6.37331
u0038592:i1446714,6.37331
u0038592:i1549920,6.37331
u0038592:i1587310,6.37331
u0038592:i1617661,6.37331
u0038592:i1790864,6.37331
u0038592:i1809398,6.37331
u0038592:i1821549,6.37331
u0038592:i1823672,6.37331
u0038592:i1843866,6.37331
u0038592:i1854564,6.37331
u0038592:i1872194,6.37331
u0038592:i2015381,6.37331
u0038592:i2103281,6.37331
u0038592:i2109248,6.37331
u0038592:i2179136,6.37331
u0038592:i2310332,6.37331
u0038592:i2401097,6.37331
u0038592:i2493486,6.37331
u0038592:i2652092,6.37331
u0038592:i2713180,6.37331
u0038592:i2717822,6.37331
u0038592:i2908446,6.37331
u0038592:i2910814,6.37331
u0038592:i2911666,6.37331
u0038592:i3316960,6.37331
u0038603:i1809398,7.60697
u0038603:i2179136,7.60697
u0038603:i2446042,7.60697
u0038603:i3622592,7.60697
u0038632:i0119396,7.10271
u0038632:i1922777,7.10271
u0038632:i2084970,7.10271
u0038632:i2224026,7.10271
u0038632:i2279373,7.10271
u0038632:i2305051,7.10271
u0038632:i2321549,7.10271
u0038632:i2322441,7.10271
u0038632:i2395427,7.10271
u0038632:i2718492,7.10271
u0038632:i2980516,7.10271
u0038632:i2991224,7.10271
u0038644:i0075005,6.7069
u0038644:i0086250,6.7069
u0038644:i0105323,6.7069
u0038644:i0110912,6.7069
u0038644:i0121765,6.7069
u0038644:i0121766,6.7069
u0038644:i0145531,6.7069
u0038644:i0219699,6.7069
u0038644:i0316396,6.7069
u0038644:i0343818,6.7069
u0038644:i0468569,6.7069
u0038644:i0831387,6.7069
u0038644:i1564585,6.7069
u0038644:i1631867,6.7069
u0038644:i1675192,6.7069
u0038644:i2015381,6.7069
u0038644:i2593392,6.7069
u0038644:i2713180,6.7069
u0038660:i0209144,6.812
u0038660:i0816692,7.18901
u0038660:i1065073,7.32517
u0038660:i2381249,7.29748
u0038660:i2582802,7.37443
u0038665:i1661199,7.13918
u0038665:i2180411,7.13918
u0038665:i2446042,7.13918
u0038678:i0455944,6.34888
u0038678:i1823672,6.34888
u0038678:i1951265,6.34888
u0038678:i2084970,6.34888
u0038678:i2820852,6.34888
u0038687:i0098635,7.60697
u0038687:i0200027,7.60697
u0038687:i0816692,7.60697
u0038687:i1014763,7.60697
u0038687:i1100089,7.60697
u0038687:i1242422,7.60697
u0038687:i1255953,7.60697
u0038687:i1655441,7.60697
u0038687:i2170593,7.60697
u0038687:i2245084,7.60697
u0038687:i2293640,7.60697
u0038687:i2562232,7.60697
u0038687:i2582802,7.60697
u0038687:i2802144,7.60697
u0038687:i2937898,7.60697
u0038687:i3042408,7.60697
u0038687:i3316960,7.60697
u0038689:i0816692,8.00333
u0038689:i1951265,8.00333
u0038689:i2084970,8.00333
u0038701:i1714915,7.20123
u0038701:i2582802,7.38257
u0038701:i3469910,6.3005
u0038723:i0424774,0
u0038723:i1392190,7.29149
u0038723:i1790864,7.22906
u0038723:i1854564,5.79171
u0038723:i1951265,7.3804
u0038723:i2395427,7.39281
u0038723:i2413496,0
